START 0 0 0 0 0 0 538 795 759 752 900 END
START 0 0 0 0 0 0 538 795 759 753 900 END
START 0 0 0 0 0 0 538 795 759 753 901 END
START 0 0 0 0 0 0 538 795 759 752 901 END
START 0 0 0 0 0 0 538 795 759 753 903 END
START 0 0 0 0 0 0 538 797 759 753 905 END
START 0 0 0 0 0 0 538 796 759 754 905 END
START 0 0 0 0 0 0 538 796 759 754 906 END
START 0 0 0 0 0 0 539 795 759 754 906 END
START 0 0 0 0 0 0 539 795 758 754 905 END
START 0 0 0 0 0 0 539 795 759 753 905 END
START 0 0 0 0 0 0 539 796 759 753 905 END
START 0 0 0 0 0 0 539 796 759 754 905 END
START 0 0 0 0 0 0 539 796 759 753 905 END
START 0 0 0 0 0 0 539 795 758 753 904 END
START 0 0 0 0 0 0 539 795 759 753 905 END
START 0 0 0 0 0 0 539 795 759 753 904 END
START 0 0 0 0 0 0 539 796 759 754 905 END
START 0 0 0 0 0 0 539 796 759 754 905 END
START 0 0 0 0 0 0 539 796 759 753 906 END
START 0 0 0 0 0 0 539 795 759 753 906 END
START 0 0 0 0 0 0 539 796 759 753 906 END
START 0 0 0 0 0 0 539 796 758 753 905 END
START 0 0 0 0 0 0 539 795 758 753 905 END
START 0 0 0 0 0 0 539 795 758 753 905 END
START 0 0 0 0 0 0 540 795 758 754 905 END
START 0 0 0 0 0 0 539 795 758 753 905 END
START 0 0 0 0 0 0 540 795 758 753 905 END
START 0 0 0 0 0 0 540 795 758 753 905 END
START 0 0 0 0 0 0 540 795 758 753 904 END
START 0 0 0 0 0 0 540 795 757 753 904 END
START 0 0 0 0 0 0 540 795 758 753 904 END
START 0 0 0 0 0 0 540 794 758 753 904 END
START 0 0 0 0 0 0 539 794 758 753 904 END
START 0 0 0 0 0 0 540 795 758 753 904 END
START 0 0 0 0 0 0 540 795 758 753 904 END
START 0 0 0 0 0 0 540 795 758 753 904 END
START 0 0 0 0 0 0 540 795 758 752 904 END
START 0 0 0 0 0 0 540 795 757 753 904 END
START 0 0 0 0 0 0 540 794 758 752 903 END
START 0 0 0 0 0 0 540 795 758 752 904 END
START 0 0 0 0 0 0 540 795 757 752 904 END
START 0 0 0 0 0 0 540 795 757 753 904 END
START 0 0 0 0 0 0 540 794 758 753 903 END
START 0 0 0 0 0 0 540 794 758 752 903 END
START 0 0 0 0 0 0 540 794 758 752 904 END
START 0 0 0 0 0 0 540 794 757 753 904 END
START 0 0 0 0 0 0 540 794 757 753 904 END
START 0 0 0 0 0 0 541 794 757 752 904 END
START 0 0 0 0 0 0 541 794 757 753 904 END
START 0 0 0 0 0 0 541 795 758 752 904 END
START 0 0 0 0 0 0 541 794 757 753 904 END
START 0 0 0 0 0 0 541 794 758 752 904 END
START 0 0 0 0 0 0 541 794 757 752 903 END
START 0 0 0 0 0 0 541 794 757 752 904 END
START 0 0 0 0 0 0 541 794 757 752 904 END
START 0 0 0 0 0 0 541 794 757 752 903 END
START 0 0 0 0 0 0 541 794 757 752 903 END
START 0 0 0 0 0 0 541 794 757 752 903 END
START 0 0 0 0 0 0 541 794 757 752 903 END
START 0 0 0 0 0 0 541 794 757 752 903 END
START 0 0 0 0 0 0 541 794 757 752 903 END
START 0 0 0 0 0 0 541 794 757 752 903 END
START 0 0 0 0 0 0 541 794 757 752 903 END
START 0 0 0 0 0 0 541 794 757 752 903 END
START 0 0 0 0 0 0 541 794 756 752 903 END
START 0 0 0 0 0 0 541 794 756 752 903 END
START 0 0 0 0 0 0 541 794 757 752 903 END
START 0 0 0 0 0 0 541 793 757 752 903 END
START 0 0 0 0 0 0 541 794 757 752 903 END
START 0 0 0 0 0 0 541 794 757 752 903 END
START 0 0 0 0 0 0 541 794 757 752 903 END
START 0 0 0 0 0 0 541 794 757 752 903 END
START 0 0 0 0 0 0 541 794 756 752 902 END
START 0 0 0 0 0 0 541 794 757 751 903 END
START 0 0 0 0 0 0 541 794 756 751 902 END
START 0 0 0 0 0 0 541 793 756 751 903 END
START 0 0 0 0 0 0 541 794 756 752 902 END
START 0 0 0 0 0 0 541 793 757 752 903 END
START 0 0 0 0 0 0 541 794 756 751 903 END
START 0 0 0 0 0 0 541 793 757 751 903 END
START 0 0 0 0 0 0 542 794 757 751 903 END
START 0 0 0 0 0 0 541 794 756 751 903 END
START 0 0 0 0 0 0 542 794 756 751 903 END
START 0 0 0 0 0 0 542 794 756 751 902 END
START 0 0 0 0 0 0 541 794 756 751 902 END
START 0 0 0 0 0 0 542 794 757 751 902 END
START 0 0 0 0 0 0 542 794 756 751 903 END
START 0 0 0 0 0 0 542 794 755 751 903 END
START 0 0 0 0 0 0 542 794 756 751 903 END
START 0 0 0 0 0 0 542 794 756 751 902 END
START 0 0 0 0 0 0 542 793 755 753 903 END
START 0 0 0 0 0 0 542 793 757 751 903 END
START 0 0 0 0 0 0 542 793 756 751 903 END
START 0 0 0 0 0 0 542 793 756 751 903 END
START 0 0 0 0 0 0 542 793 756 752 902 END
START 0 0 0 0 0 0 542 793 756 752 902 END
START 0 0 0 0 0 0 542 793 756 751 902 END
START 0 0 0 0 0 0 542 793 756 751 902 END
START 0 0 0 0 0 0 543 793 756 752 903 END
START 0 0 0 0 0 0 543 793 755 751 903 END
START 0 0 0 0 0 0 543 793 756 751 902 END
START 0 0 0 0 0 0 543 794 756 751 902 END
START 0 0 0 0 0 0 543 793 757 751 903 END
START 0 0 0 0 0 0 543 793 755 751 902 END
START 0 0 0 0 0 0 543 793 755 752 902 END
START 0 0 0 0 0 0 543 793 756 751 902 END
START 0 0 0 0 0 0 544 793 756 751 902 END
START 0 0 0 0 0 0 544 793 756 751 902 END
START 0 0 0 0 0 0 544 793 756 751 902 END
START 0 0 0 0 0 0 544 793 755 751 902 END
START 0 0 0 0 0 0 544 793 755 751 903 END
START 0 0 0 0 0 0 544 793 755 751 902 END
START 0 0 0 0 0 0 543 793 755 751 902 END
START 0 0 0 0 0 0 544 793 755 751 902 END
START 0 0 0 0 0 0 544 793 755 751 903 END
START 0 0 0 0 0 0 544 793 755 751 903 END
START 0 0 0 0 0 0 544 793 755 751 902 END
START 0 0 0 0 0 0 544 793 755 751 902 END
START 0 0 0 0 0 0 544 793 755 751 902 END
START 0 0 0 0 0 0 544 793 755 751 901 END
START 0 0 0 0 0 0 544 793 755 751 902 END
START 0 0 0 0 0 0 544 792 755 751 902 END
START 0 0 0 0 0 0 544 792 755 751 902 END
START 0 0 0 0 0 0 544 792 755 751 902 END
START 0 0 0 0 0 0 544 792 755 751 901 END
START 0 0 0 0 0 0 544 792 756 751 902 END
START 0 0 0 0 0 0 544 792 755 751 902 END
START 0 0 0 0 0 0 544 792 755 751 902 END
START 0 0 0 0 0 0 544 792 755 751 902 END
START 0 0 0 0 0 0 544 793 755 751 902 END
START 0 0 0 0 0 0 544 792 755 751 901 END
START 0 0 0 0 0 0 544 792 756 751 902 END
START 0 0 0 0 0 0 544 793 757 751 902 END
START 0 0 0 0 0 0 544 792 755 751 903 END
START 0 0 0 0 0 0 544 793 755 751 901 END
START 0 0 0 0 0 0 544 792 755 751 902 END
START 0 0 0 0 0 0 544 792 755 751 902 END
START 0 0 0 0 0 0 544 792 755 751 902 END
START 0 0 0 0 0 0 544 792 755 751 902 END
START 0 0 0 0 0 0 544 792 754 751 902 END
START 0 0 0 0 0 0 544 792 755 751 902 END
START 0 0 0 0 0 0 544 792 755 751 901 END
START 0 0 0 0 0 0 544 792 755 751 902 END
START 0 0 0 0 0 0 543 792 754 751 902 END
START 0 0 0 0 0 0 544 790 757 751 902 END
START 0 0 0 0 0 0 544 792 755 751 900 END
START 0 0 0 0 0 0 543 791 755 751 901 END
START 0 0 0 0 0 0 543 792 755 751 901 END
START 0 0 0 0 0 0 544 792 754 751 902 END
START 0 0 0 0 0 0 544 792 754 751 903 END
START 0 0 0 0 0 0 544 792 755 751 901 END
START 0 0 0 0 0 0 543 792 754 751 902 END
START 0 0 0 0 0 0 544 792 754 751 901 END
START 0 0 0 0 0 0 544 792 754 751 901 END
START 0 0 0 0 0 0 544 792 754 751 902 END
START 0 0 0 0 0 0 544 791 754 751 901 END
START 0 0 0 0 0 0 544 792 753 751 901 END
START 0 0 0 0 0 0 544 791 753 751 901 END
START 0 0 0 0 0 0 544 791 753 751 901 END
START 0 0 0 0 0 0 544 790 753 751 902 END
START 0 0 0 0 0 0 544 791 753 751 902 END
START 0 0 0 0 0 0 544 791 753 751 902 END
START 0 0 0 0 0 0 544 791 752 751 901 END
START 0 0 0 0 0 0 544 790 753 750 901 END
START 0 0 0 0 0 0 544 790 752 750 901 END
START 0 0 0 0 0 0 544 790 752 750 901 END
START 0 0 0 0 0 0 544 790 752 750 901 END
START 0 0 0 0 0 0 545 790 752 750 902 END
START 0 0 0 0 0 0 544 789 752 750 902 END
START 0 0 0 0 0 0 545 789 752 750 901 END
START 0 0 0 0 0 0 545 789 752 750 901 END
START 0 0 0 0 0 0 545 790 752 750 901 END
START 0 0 0 0 0 0 545 789 752 750 902 END
START 0 0 0 0 0 0 544 789 752 750 901 END
START 0 0 0 0 0 0 545 790 752 750 901 END
START 0 0 0 0 0 0 544 790 753 750 901 END
START 0 0 0 0 0 0 545 791 753 750 901 END
START 0 0 0 0 0 0 545 790 753 750 901 END
START 0 0 0 0 0 0 545 789 752 750 902 END
START 0 0 0 0 0 0 545 789 752 749 900 END
START 0 0 0 0 0 0 545 788 752 749 901 END
START 0 0 0 0 0 0 545 787 751 749 901 END
START 0 0 0 0 0 0 545 787 751 749 901 END
START 0 0 0 0 0 0 545 787 750 748 901 END
START 0 0 0 0 0 0 545 787 750 749 900 END
START 0 0 0 0 0 0 545 787 750 749 901 END
START 0 0 0 0 0 0 545 787 750 749 901 END
START 0 0 0 0 0 0 545 788 750 748 900 END
START 0 0 0 0 0 0 545 788 750 748 901 END
START 0 0 0 0 0 0 545 789 751 748 901 END
START 0 0 0 0 0 0 545 791 751 749 900 END
START 0 0 0 0 0 0 545 792 751 746 905 END
START 0 0 0 0 0 0 545 793 751 749 901 END
START 0 0 0 0 0 0 545 794 751 749 901 END
START 0 0 0 0 0 0 545 793 751 749 901 END
START 0 0 0 0 0 0 545 793 751 749 901 END
START 0 0 0 0 0 0 545 793 751 749 901 END
START 0 0 0 0 0 0 545 793 751 749 902 END
START 0 0 0 0 0 0 545 792 751 749 902 END
START 0 0 0 0 0 0 545 792 750 749 902 END
START 0 0 0 0 0 0 545 792 750 749 902 END
START 0 0 0 0 0 0 545 793 751 749 901 END
START 0 0 0 0 0 0 545 792 750 749 902 END
START 0 0 0 0 0 0 545 794 750 749 901 END
START 0 0 0 0 0 0 545 793 750 749 902 END
START 0 0 0 0 0 0 545 793 751 749 901 END
START 0 0 0 0 0 0 545 793 751 750 901 END
START 0 0 0 0 0 0 545 794 751 749 901 END
START 0 0 0 0 0 0 545 793 752 750 901 END
START 0 0 0 0 0 0 546 792 751 750 901 END
START 0 0 0 0 0 0 545 793 751 749 901 END
START 0 0 0 0 0 0 545 794 751 750 901 END
START 0 0 0 0 0 0 545 794 751 749 901 END
START 0 0 0 0 0 0 545 794 751 750 901 END
START 0 0 0 0 0 0 545 794 751 750 901 END
START 0 0 0 0 0 0 545 794 751 749 901 END
START 0 0 0 0 0 0 545 794 751 750 901 END
START 0 0 0 0 0 0 545 794 752 750 901 END
START 0 0 0 0 0 0 545 794 752 750 901 END
START 0 0 0 0 0 0 545 794 750 750 902 END
START 0 0 0 0 0 0 545 794 751 750 901 END
START 0 0 0 0 0 0 545 794 751 750 901 END
START 0 0 0 0 0 0 545 794 751 750 901 END
START 0 0 0 0 0 0 545 795 751 750 901 END
START 0 0 0 0 0 0 545 794 751 750 901 END
START 0 0 0 0 0 0 545 794 751 750 901 END
START 0 0 0 0 0 0 545 794 751 750 901 END
START 0 0 0 0 0 0 545 793 751 750 901 END
START 0 0 0 0 0 0 545 794 751 750 901 END
START 0 0 0 0 0 0 545 794 751 749 901 END
START 0 0 0 0 0 0 545 793 751 749 901 END
START 0 0 0 0 0 0 545 793 751 750 901 END
START 0 0 0 0 0 0 545 794 751 750 900 END
START 0 0 0 0 0 0 545 793 751 750 901 END
START 0 0 0 0 0 0 545 794 751 750 901 END
START 0 0 0 0 0 0 545 794 751 749 901 END
START 0 0 0 0 0 0 545 793 751 749 901 END
START 0 0 0 0 0 0 545 793 751 750 901 END
START 0 0 0 0 0 0 546 792 751 749 901 END
START 0 0 0 0 0 0 545 793 751 749 900 END
START 0 0 0 0 0 0 545 793 751 749 900 END
START 0 0 0 0 0 0 545 793 750 749 901 END
START 0 0 0 0 0 0 545 793 750 749 901 END
START 0 0 0 0 0 0 546 793 751 750 901 END
START 0 0 0 0 0 0 546 792 751 749 900 END
START 0 0 0 0 0 0 545 793 750 749 900 END
START 0 0 0 0 0 0 545 793 751 749 900 END
START 0 0 0 0 0 0 545 793 751 749 901 END
START 0 0 0 0 0 0 546 793 751 750 900 END
START 0 0 0 0 0 0 545 793 751 749 900 END
START 0 0 0 0 0 0 546 792 750 749 900 END
START 0 0 0 0 0 0 545 793 751 748 900 END
START 0 0 0 0 0 0 545 793 751 749 901 END
START 0 0 0 0 0 0 546 793 750 749 901 END
START 0 0 0 0 0 0 545 792 751 749 900 END
START 0 0 0 0 0 0 545 792 751 748 900 END
START 0 0 0 0 0 0 546 792 751 749 900 END
START 0 0 0 0 0 0 546 793 751 749 900 END
START 0 0 0 0 0 0 546 792 750 749 901 END
START 0 0 0 0 0 0 545 793 751 749 900 END
START 0 0 0 0 0 0 545 792 751 749 900 END
START 0 0 0 0 0 0 546 792 751 749 900 END
START 0 0 0 0 0 0 546 793 751 749 900 END
START 0 0 0 0 0 0 545 793 751 749 901 END
START 0 0 0 0 0 0 546 793 751 749 900 END
START 0 0 0 0 0 0 545 793 751 749 900 END
START 0 0 0 0 0 0 545 793 751 749 900 END
START 0 0 0 0 0 0 546 792 751 749 900 END
START 0 0 0 0 0 0 545 792 751 749 901 END
START 0 0 0 0 0 0 546 792 750 749 901 END
START 0 0 0 0 0 0 546 792 750 749 901 END
START 0 0 0 0 0 0 546 792 751 749 900 END
START 0 0 0 0 0 0 546 792 750 748 900 END
START 0 0 0 0 0 0 546 792 751 748 900 END
START 0 0 0 0 0 0 546 792 750 749 901 END
START 0 0 0 0 0 0 546 793 751 749 900 END
START 0 0 0 0 0 0 546 793 751 749 900 END
START 0 0 0 0 0 0 546 792 751 749 900 END
START 0 0 0 0 0 0 545 792 750 749 900 END
START 0 0 0 0 0 0 546 792 750 748 900 END
START 0 0 0 0 0 0 546 792 750 749 900 END
START 0 0 0 0 0 0 546 792 750 749 900 END
START 0 0 0 0 0 0 546 792 750 749 900 END
START 0 0 0 0 0 0 546 792 750 749 899 END
START 0 0 0 0 0 0 546 792 750 748 899 END
START 0 0 0 0 0 0 546 792 751 748 900 END
START 0 0 0 0 0 0 546 792 750 749 900 END
START 0 0 0 0 0 0 546 792 750 748 900 END
START 0 0 0 0 0 0 546 792 750 749 900 END
START 0 0 0 0 0 0 546 792 750 748 899 END
START 0 0 0 0 0 0 546 792 752 749 900 END
START 0 0 0 0 0 0 545 792 752 749 901 END
START 0 0 0 0 0 0 546 792 752 750 900 END
START 0 0 0 0 0 0 545 791 752 750 901 END
START 0 0 0 0 0 0 545 791 751 749 900 END
START 0 0 0 0 0 0 546 791 751 749 901 END
START 0 0 0 0 0 0 545 791 751 749 901 END
START 0 0 0 0 0 0 546 791 751 749 901 END
START 0 0 0 0 0 0 546 791 750 749 900 END
START 0 0 0 0 0 0 546 791 751 749 900 END
START 0 0 0 0 0 0 545 791 750 750 901 END
START 0 0 0 0 0 0 546 791 751 749 899 END
START 0 0 0 0 0 0 546 791 751 749 900 END
START 0 0 0 0 0 0 546 791 751 749 900 END
START 0 0 0 0 0 0 545 791 751 749 900 END
START 0 0 0 0 0 0 545 791 751 749 900 END
START 0 0 0 0 0 0 545 791 750 749 900 END
START 0 0 0 0 0 0 545 790 750 750 900 END
START 0 0 0 0 0 0 546 791 751 749 900 END
START 0 0 0 0 0 0 546 791 751 749 900 END
START 0 0 0 0 0 0 546 793 751 749 900 END
START 0 0 0 0 0 0 546 791 751 749 900 END
START 0 0 0 0 0 0 545 791 751 749 899 END
START 0 0 0 0 0 0 545 790 751 749 900 END
START 0 0 0 0 0 0 545 791 751 749 900 END
START 0 0 0 0 0 0 546 791 751 749 899 END
START 0 0 0 0 0 0 545 791 751 749 900 END
START 0 0 0 0 0 0 546 790 751 749 900 END
START 0 0 0 0 0 0 546 791 751 749 900 END
START 0 0 0 0 0 0 545 791 750 750 899 END
START 0 0 0 0 0 0 546 791 750 749 900 END
START 0 0 0 0 0 0 546 791 751 750 899 END
START 0 0 0 0 0 0 545 791 751 750 900 END
START 0 0 0 0 0 0 546 790 751 750 899 END
START 0 0 0 0 0 0 546 791 750 750 900 END
START 0 0 0 0 0 0 546 791 750 750 899 END
START 0 0 0 0 0 0 546 791 750 750 900 END
START 0 0 0 0 0 0 546 791 750 750 900 END
START 0 0 0 0 0 0 546 791 750 750 900 END
START 0 0 0 0 0 0 546 790 750 750 900 END
START 0 0 0 0 0 0 546 790 750 749 898 END
START 0 0 0 0 0 0 546 791 750 750 899 END
START 0 0 0 0 0 0 546 790 751 749 900 END
START 0 0 0 0 0 0 546 790 750 750 899 END
START 0 0 0 0 0 0 546 790 750 749 899 END
START 0 0 0 0 0 0 547 790 749 749 899 END
START 0 0 0 0 0 0 546 791 750 749 899 END
START 0 0 0 0 0 0 546 790 750 750 899 END
START 0 0 0 0 0 0 546 790 750 749 899 END
START 0 0 0 0 0 0 546 790 751 749 899 END
START 0 0 0 0 0 0 546 790 750 749 899 END
START 0 0 0 0 0 0 546 789 750 750 899 END
START 0 0 0 0 0 0 546 790 750 749 900 END
START 0 0 0 0 0 0 546 790 750 749 899 END
START 0 0 0 0 0 0 546 790 750 749 899 END
START 0 0 0 0 0 0 546 790 750 749 899 END
START 0 0 0 0 0 0 546 791 750 749 898 END
START 0 0 0 0 0 0 546 790 750 749 899 END
START 0 0 0 0 0 0 546 790 750 749 899 END
START 0 0 0 0 0 0 546 790 749 749 899 END
START 0 0 0 0 0 0 546 790 749 748 899 END
START 0 0 0 0 0 0 546 789 749 749 899 END
START 0 0 0 0 0 0 546 790 749 748 899 END
START 0 0 0 0 0 0 546 790 749 749 899 END
START 0 0 0 0 0 0 546 790 749 749 897 END
START 0 0 0 0 0 0 547 790 749 749 899 END
START 0 0 0 0 0 0 546 790 749 748 899 END
START 0 0 0 0 0 0 546 790 749 749 899 END
START 0 0 0 0 0 0 546 790 748 749 898 END
START 0 0 0 0 0 0 546 790 749 749 899 END
START 0 0 0 0 0 0 546 790 749 749 900 END
START 0 0 0 0 0 0 546 789 749 749 899 END
START 0 0 0 0 0 0 546 789 749 749 898 END
START 0 0 0 0 0 0 546 790 749 749 899 END
START 0 0 0 0 0 0 546 790 749 749 899 END
START 0 0 0 0 0 0 546 790 749 748 899 END
START 0 0 0 0 0 0 546 790 749 749 899 END
START 0 0 0 0 0 0 547 790 749 749 899 END
START 0 0 0 0 0 0 547 790 749 749 900 END
START 0 0 0 0 0 0 547 790 749 749 900 END
START 0 0 0 0 0 0 546 790 748 749 899 END
START 0 0 0 0 0 0 547 789 749 749 899 END
START 0 0 0 0 0 0 546 789 749 749 899 END
START 0 0 0 0 0 0 546 790 749 749 899 END
START 0 0 0 0 0 0 547 789 749 749 899 END
START 0 0 0 0 0 0 547 790 749 749 899 END
START 0 0 0 0 0 0 547 790 749 749 899 END
START 0 0 0 0 0 0 547 790 749 749 899 END
START 0 0 0 0 0 0 547 789 748 748 899 END
START 0 0 0 0 0 0 547 788 749 749 899 END
START 0 0 0 0 0 0 546 789 749 749 899 END
START 0 0 0 0 0 0 547 790 749 749 899 END
START 0 0 0 0 0 0 546 789 749 749 899 END
START 0 0 0 0 0 0 546 790 749 749 898 END
START 0 0 0 0 0 0 547 789 749 749 899 END
START 0 0 0 0 0 0 547 789 749 749 899 END
START 0 0 0 0 0 0 546 789 749 749 899 END
START 0 0 0 0 0 0 547 789 749 749 899 END
START 0 0 0 0 0 0 546 789 749 748 899 END
START 0 0 0 0 0 0 547 789 749 749 898 END
START 0 0 0 0 0 0 546 789 749 749 899 END
START 0 0 0 0 0 0 546 790 749 749 899 END
START 0 0 0 0 0 0 546 789 749 749 899 END
START 0 0 0 0 0 0 547 789 749 749 899 END
START 0 0 0 0 0 0 547 789 749 749 899 END
START 0 0 0 0 0 0 547 789 749 748 899 END
START 0 0 0 0 0 0 547 789 749 749 899 END
START 0 0 0 0 0 0 547 789 748 748 899 END
START 0 0 0 0 0 0 546 789 749 749 899 END
