START -1748 15480 1192 10 60 446 710 592 566 531 689 END
START -1724 15188 1072 -138 64 266 710 592 566 531 689 END
START -2108 15256 1672 -206 -414 -623 710 592 566 531 689 END
START -2444 15224 1828 881 -389 -696 710 592 566 531 689 END
START -2296 15364 1284 673 -255 101 710 592 566 531 689 END
START -2184 15328 1120 40 -313 -389 711 592 566 531 689 END
START -2524 15144 1176 510 -177 -389 710 592 566 531 689 END
START -1920 15584 880 80 104 396 711 592 566 531 689 END
START -1996 15308 1236 -405 -197 -485 711 592 566 531 690 END
START -2536 15104 1460 211 -46 -252 711 592 566 531 689 END
START -1832 15856 788 423 124 179 711 592 566 531 689 END
START -2172 15308 964 -596 -158 -505 710 592 566 531 689 END
START -2848 14880 1636 -187 -127 -561 710 591 566 531 689 END
START -2024 15472 1344 317 325 436 710 592 566 531 689 END
START -1824 15276 1216 -479 57 39 711 592 566 531 689 END
START -2144 14968 1652 -308 -476 -777 712 592 566 531 689 END
START -2332 15528 1600 673 -303 116 710 592 566 531 689 END
START -1672 15228 1100 134 -115 -197 710 592 566 531 690 END
START -2236 15208 1468 -131 -505 -632 710 592 566 531 690 END
START -2072 15348 1412 764 -306 100 711 592 566 531 689 END
START -1860 15428 908 -17 118 -212 711 592 566 531 690 END
START -2548 15200 1636 -617 -376 -870 710 592 566 531 690 END
START -2356 14904 1536 645 -245 263 710 592 566 531 689 END
START -1512 15568 1224 541 -61 289 710 594 566 531 690 END
START -2000 15432 1064 -335 -381 -1085 710 592 566 531 690 END
START -2804 14688 1732 97 -320 -381 710 592 566 531 690 END
START -1616 15576 1672 679 -318 656 710 593 566 531 689 END
START -1600 15728 800 219 -330 -859 710 592 566 531 690 END
START -2940 15180 1164 -256 -126 -911 710 592 566 531 690 END
START -2244 15444 1844 53 41 894 710 592 566 531 690 END
START -1448 15496 1348 327 4 -266 710 592 566 531 690 END
START -2200 15292 1028 159 -366 -1072 710 592 566 531 690 END
START -2396 15292 1636 168 -213 175 710 592 566 531 690 END
START -1596 15408 1520 261 -28 -42 710 592 566 531 690 END
START -2236 15416 1032 127 -257 -1142 710 592 566 531 690 END
START -2784 15000 1480 -111 -158 -141 711 592 566 531 690 END
START -1336 15064 1856 339 -46 285 710 592 566 531 690 END
START -1884 15468 944 670 -235 -979 710 592 566 531 690 END
START -2856 15388 736 199 -297 -551 711 593 566 532 689 END
START -2424 15076 1320 -345 -138 495 710 592 566 531 690 END
