START -1008 15060 2412 -199 474 59 686 616 563 555 725 END
START -940 15024 2464 -243 -249 -186 686 616 563 555 724 END
START -792 14776 2396 181 -1036 -1250 686 617 563 555 724 END
START -932 15192 2292 981 -1752 -2383 686 616 563 554 725 END
START -1512 15472 2032 1306 -3448 -2562 686 617 563 555 724 END
START -1728 15600 1800 2217 -4202 -2282 685 617 563 554 724 END
START -2840 15544 900 2506 -4815 -1906 685 617 563 554 724 END
START -3076 15276 164 2181 -3303 -899 685 617 563 555 724 END
START -2560 15196 -656 914 -1260 -590 685 616 563 554 725 END
START -2452 15348 -932 -331 1040 -426 685 617 563 554 724 END
START -2720 15728 -244 -1989 2128 142 685 617 563 554 724 END
START -2728 16100 392 -2036 4156 1057 685 617 563 554 724 END
START -3064 15884 1064 -2448 4593 2890 685 617 563 554 724 END
START -1576 15620 1932 -1668 5505 3714 685 617 563 554 724 END
START -632 14868 2480 -1147 3541 3306 685 618 563 554 724 END
START -600 14232 2628 -1313 2304 1636 685 618 563 554 724 END
START 4 13920 3452 -1159 788 -1080 685 618 563 554 724 END
START -652 14144 3956 -263 -2260 -3783 685 618 563 554 724 END
START -1852 15364 4228 1501 -5524 -4701 684 618 563 554 724 END
START -2740 16484 3432 3425 -7576 -3721 685 618 563 554 724 END
START -2936 15752 1816 3620 -8136 -1390 685 618 563 554 724 END
START -2452 14928 -356 3284 -6275 -239 684 618 563 554 724 END
START -2208 14588 -1544 1960 -3297 -553 684 618 563 554 724 END
START -2296 14848 -2364 -337 1007 -1445 684 616 564 554 724 END
START -2508 15636 -932 -2599 3318 -1635 684 618 564 554 725 END
START -3628 16936 612 -3339 5425 246 684 618 564 554 725 END
START -3632 16848 2144 -3205 6242 3850 683 618 563 554 724 END
START -2240 15560 3056 -2054 6708 6373 684 618 563 554 724 END
START -732 14008 3256 -858 4881 5955 684 618 563 555 724 END
START 304 13712 3524 -825 3128 3130 684 619 564 554 724 END
START 588 13668 4072 -714 -259 -571 684 619 563 554 724 END
START -100 14400 4152 687 -3011 -3211 684 619 563 554 724 END
START -544 15100 4060 3036 -5764 -4890 684 618 563 554 724 END
START -1496 15992 2476 4099 -7859 -4233 684 618 563 554 724 END
START -2552 15604 288 3844 -6792 -2853 682 618 563 554 724 END
START -2564 15588 -1004 2250 -3734 -1225 683 618 563 554 724 END
START -2300 15476 -1008 601 -677 -419 683 618 564 554 724 END
START -2036 16876 -284 -1097 705 424 683 618 564 554 724 END
START -1800 17636 1616 103 1449 2962 683 618 564 554 724 END
START -528 15936 1460 2064 1718 4352 682 618 564 554 724 END
