START -7840 13208 -5160 -27 683 438 712 633 568 529 710 END
START -8248 13296 -5176 -8 1170 487 710 633 568 529 709 END
START -7788 13292 -5268 383 -984 -249 711 633 568 529 709 END
START -8272 13272 -5844 353 -103 -205 711 633 568 530 709 END
START -8212 13316 -5376 -57 39 -144 711 633 568 531 710 END
START -8160 13248 -5344 10 271 -374 712 633 568 532 710 END
START -8472 13192 -5664 -438 474 464 716 632 569 533 709 END
START -8464 13256 -5484 -252 -929 -52 720 629 569 533 709 END
START -8236 13240 -5640 -474 3127 -306 721 627 568 532 708 END
START -8440 13280 -5540 534 82 -405 723 627 568 532 708 END
START -8256 13292 -5780 171 -639 -284 725 626 568 532 708 END
START -8324 13052 -5608 16 56 -64 727 626 568 532 708 END
START -8076 13412 -5556 200 -198 -457 727 626 568 533 709 END
START -7580 13140 -5172 281 867 -397 726 626 568 534 709 END
START -8608 13416 -5712 105 -380 -250 725 627 568 534 709 END
START -8076 13292 -5668 34 -80 -165 725 627 568 534 710 END
START -7972 13328 -5520 283 -1466 -416 727 627 568 535 712 END
START -8144 13264 -5508 101 -682 -228 727 627 568 536 712 END
START -8524 13184 -5352 37 -102 -189 727 627 568 536 712 END
START -8008 13280 -5312 287 -528 -349 727 628 568 537 712 END
START -8212 13212 -5588 275 -280 -225 727 628 568 537 712 END
START -8488 13236 -5444 556 -685 -23 728 627 568 537 714 END
START -6956 13496 -4468 41 2541 276 727 628 568 539 714 END
START -8560 13172 -5220 838 9385 468 727 626 567 539 713 END
START -7584 13408 -6412 2120 6663 1340 727 626 568 540 711 END
START -7132 13344 -8648 1763 7475 1960 727 625 567 541 711 END
START -5912 13428 -8576 1165 3449 1673 727 624 567 540 707 END
START -5460 13764 -8520 406 1682 528 726 619 565 539 705 END
START -5592 13472 -8668 191 767 -247 725 612 563 538 704 END
START -5904 13524 -8676 263 836 -793 724 607 561 538 703 END
START -6300 13384 -8204 124 207 -815 721 605 560 537 704 END
START -5904 13556 -8156 353 -269 -483 721 605 560 538 705 END
START -6136 13332 -8820 605 -212 -278 721 605 560 538 704 END
START -6264 13388 -8588 605 -341 -150 720 606 560 538 704 END
START -6144 13420 -8532 371 -1308 -118 720 606 560 538 704 END
START -6080 13500 -8952 116 -456 -334 720 606 560 538 704 END
START -5740 13304 -8748 149 -441 -400 721 606 560 538 705 END
START -6168 13504 -8656 91 142 -6 720 604 560 538 704 END
START -6084 13456 -8856 267 -843 -35 720 601 559 538 704 END
START -5784 13384 -8956 61 -224 -201 720 601 559 538 704 END
