START -3000 14452 2920 194 -345 19 705 588 549 520 676 END
START -2628 14584 2904 284 -598 123 705 587 549 520 675 END
START -2388 15028 2712 428 -133 122 706 587 549 520 675 END
START -2348 15116 2028 455 102 -144 705 587 549 520 675 END
START -2728 14592 2508 -208 -54 -65 705 587 549 520 676 END
START -2196 14852 2892 -47 -5 131 705 587 549 520 675 END
START -1976 15112 2176 444 9 -303 705 587 549 520 675 END
START -2544 14864 2284 93 -150 -446 706 587 549 520 675 END
START -2604 14744 2832 109 -408 -6 705 587 549 520 675 END
START -2116 15152 2400 513 -215 -194 705 587 550 520 675 END
START -2576 15044 2008 195 -243 -490 705 587 550 520 675 END
START -2888 14464 2736 -292 -256 -86 706 587 550 520 675 END
START -2092 14952 2912 361 -139 73 707 587 549 520 675 END
START -2180 15140 2004 613 46 -524 710 587 550 520 675 END
START -2640 14792 2216 -100 -283 -601 712 587 550 520 675 END
START -2780 14800 3012 142 -246 58 712 587 549 520 675 END
START -2000 15220 2368 639 -110 9 712 587 549 520 675 END
START -2500 15188 1572 208 -106 -491 712 587 549 520 676 END
START -2724 14608 2448 -511 -457 -320 712 587 550 520 676 END
START -2452 14884 2748 35 139 -36 713 586 549 520 676 END
START -2288 15144 2336 213 77 -255 713 587 549 520 676 END
START -2636 14620 2672 -63 -250 -230 712 587 550 520 676 END
START -2196 14932 2816 643 -384 -72 712 587 550 520 675 END
START -1868 15288 1856 339 -10 -274 713 587 550 520 675 END
START -2640 15020 1624 -553 -116 -688 712 587 549 520 676 END
START -2880 14460 3136 -698 -205 213 713 587 550 520 675 END
START -1868 15012 3160 87 276 696 714 586 549 520 675 END
START -2236 15240 1980 134 563 -331 714 586 549 520 675 END
START -2552 14604 2780 -233 -185 -329 714 586 549 520 675 END
START -2212 14960 2908 593 -407 45 713 586 549 520 675 END
START -2180 14948 2484 731 89 -245 714 586 549 520 676 END
START -2468 14884 2536 532 -442 -258 714 586 549 520 676 END
START -2696 15000 2468 830 -395 156 713 586 549 520 676 END
START -1908 15120 2044 721 60 286 714 586 549 520 676 END
START -2144 15064 1580 -86 -670 489 714 586 549 520 676 END
START -1652 14912 2372 -100 586 153 714 586 549 520 676 END
START -1648 15076 2548 224 144 -16 714 586 549 520 676 END
START -2132 15132 2004 198 -216 -460 714 586 549 520 676 END
START -2592 14852 2324 101 -456 -505 714 586 549 520 676 END
START -1904 15052 2576 522 -142 241 714 586 549 520 676 END
