START 0 0 0 0 0 0 717 609 542 517 706 END
START -7936 12068 3152 3344 4527 -7942 716 609 542 517 706 END
START -8132 12012 3176 571 144 -368 717 609 542 517 706 END
START -8124 12144 3012 454 -143 -306 716 610 542 518 706 END
START -8212 12176 3000 589 236 -396 717 609 542 518 706 END
START -8376 12156 2956 551 52 -468 717 609 542 518 706 END
START -8416 12200 2800 573 245 -286 717 609 542 518 706 END
START -8664 12104 2740 509 81 -187 716 609 542 518 706 END
START -8496 11972 2448 584 -191 -204 717 609 542 518 706 END
START -8264 12132 2568 615 14 -177 717 609 543 518 706 END
START -8040 12316 2644 416 193 -440 716 609 542 518 706 END
START -8712 12136 2196 49 -122 -578 717 609 542 518 706 END
START -8496 12088 2660 -127 -365 -340 717 609 543 518 706 END
START -8440 12044 2772 92 -370 -185 716 609 542 518 706 END
START -8204 12028 2608 209 -345 -241 717 609 543 518 705 END
START -8612 11988 2652 289 135 -110 716 606 543 518 706 END
START -8552 12240 2464 -3 53 -172 716 609 543 518 705 END
START -8340 12128 2820 74 -40 -232 716 609 543 518 706 END
START -8356 12020 2464 367 -44 -305 716 610 543 518 705 END
START -8484 12112 2644 452 99 -219 716 609 543 518 705 END
START -8552 12168 2484 233 -129 -229 716 609 543 518 705 END
START -8124 12224 2284 137 -36 -484 716 609 543 518 706 END
START -8784 12160 2448 137 -280 -120 716 609 543 518 706 END
START -8380 12244 2532 154 -261 158 716 609 543 518 705 END
START -8276 12232 2640 136 -127 -220 716 610 543 518 704 END
START -8572 12136 2548 201 -84 -283 716 610 543 518 704 END
START -8408 12116 2536 347 82 -271 716 610 543 518 704 END
START -8436 12008 2336 153 -130 -99 716 609 543 520 704 END
START -8508 12312 2340 194 138 -199 716 610 543 518 704 END
START -8284 12104 2464 199 69 -291 716 610 543 518 704 END
START -8548 12156 2536 137 -155 -213 715 609 543 518 704 END
START -8296 12360 2672 184 -282 -304 715 610 543 518 704 END
START -8472 12156 2332 101 -222 -391 715 610 543 518 704 END
START -8504 12232 2632 123 -109 -152 715 610 543 519 704 END
START -8324 12312 2516 290 42 -337 715 610 543 518 704 END
START -8408 12352 2280 300 -104 -359 716 610 542 518 704 END
START -8512 12288 2388 201 -279 -329 715 611 543 519 704 END
START -8608 12060 2380 172 -237 -262 715 610 543 518 704 END
START -8472 12080 2264 143 -413 -171 716 610 543 518 704 END
START -8440 11996 2336 162 -186 -241 715 611 543 519 704 END
