START -6008 14580 -1604 232 -557 106 728 620 566 536 720 END
START -5740 14556 -1888 187 -682 68 729 620 567 536 721 END
START -5616 14360 -1484 -12 437 215 729 621 570 535 719 END
START -5672 14284 -1336 26 390 -115 729 621 571 534 717 END
START -6176 14484 -1680 227 821 -673 729 620 574 533 718 END
START -5968 14516 -1888 675 434 -903 730 620 575 534 718 END
START -6416 14844 -1472 795 -114 -669 729 620 575 534 718 END
START -6124 14692 -2116 874 -292 -372 729 620 576 534 717 END
START -5944 14488 -2400 739 -287 -427 729 621 576 534 717 END
START -6336 14552 -2364 456 -355 -550 729 621 576 534 717 END
START -6324 14568 -2236 289 -585 -518 729 621 576 534 716 END
START -6264 14564 -2176 115 -518 -469 729 622 576 534 716 END
START -6280 14424 -2092 59 -610 -295 730 622 575 534 714 END
START -6580 14436 -2220 69 -36 -182 728 622 575 534 714 END
START -6140 14360 -1808 167 -165 -316 728 622 575 534 714 END
START -6460 14284 -2044 191 -228 -441 728 621 575 534 713 END
START -6580 14264 -1844 351 241 -748 727 622 575 534 713 END
START -6448 14548 -2216 441 -3 -553 727 622 574 534 713 END
START -6308 14220 -1816 364 -319 -368 726 622 575 534 713 END
START -6700 14336 -2144 463 -329 -248 726 622 575 534 713 END
START -6372 14484 -2132 415 -278 -319 726 623 575 534 713 END
START -6656 14500 -2096 418 442 -74 726 623 575 534 713 END
START -6412 14352 -2136 516 335 -70 725 623 575 534 712 END
START -6844 14544 -2764 420 91 -142 725 623 575 534 712 END
START -6516 14552 -2308 266 184 -235 725 623 575 534 712 END
START -6448 14460 -2384 50 -107 -239 725 623 575 534 712 END
START -6584 14088 -2472 19 -613 -381 725 623 575 535 712 END
START -6560 14444 -2352 244 -535 -597 726 624 575 535 712 END
START -6404 14656 -2476 283 -501 -257 725 624 576 535 711 END
START -6448 14516 -2724 172 -433 -376 725 626 576 535 712 END
START -6536 14128 -2804 223 269 -312 725 625 576 535 711 END
START -6608 14384 -2468 -35 -436 -682 724 626 576 535 712 END
START -6840 14308 -2452 86 -420 -498 725 626 576 536 712 END
START -6624 14196 -2612 202 -195 -344 724 626 576 536 712 END
START -6732 14356 -2456 298 52 -212 725 626 576 536 712 END
START -6768 14332 -2448 251 -143 -280 724 626 576 536 712 END
START -6792 14232 -2380 243 -235 -362 725 627 576 536 712 END
START -6784 14244 -2660 206 -79 -398 724 627 576 536 712 END
START -6916 14308 -2604 252 -222 -192 724 627 577 536 712 END
START -6656 14268 -2404 293 143 -214 724 626 577 536 712 END
