START 1444 15344 1908 255 -20 -440 695 593 549 539 702 END
START 1424 15320 1912 233 -198 -414 695 593 548 539 702 END
START 1396 15484 1948 155 -236 -332 695 593 549 539 702 END
START 1328 15432 1992 188 -81 -245 694 593 548 539 702 END
START 1368 15592 1992 267 138 -251 695 593 549 539 702 END
START 1032 15568 1948 150 -85 -209 695 592 548 539 703 END
START 1692 15208 1820 700 664 84 695 592 548 540 703 END
START 1600 15540 1520 373 167 -309 695 592 548 540 703 END
START 1228 15548 2260 -315 -411 -137 695 592 548 540 704 END
START 1480 15412 1920 505 -211 -49 695 592 548 540 704 END
START 1376 15300 1488 266 -337 -57 696 592 548 540 704 END
START 1660 15440 1748 -116 -209 -365 695 593 549 540 704 END
START 1388 15572 2048 155 26 -268 695 593 548 540 705 END
START 1420 15344 1808 68 -137 -173 696 593 548 540 705 END
START 1424 15500 1924 133 -287 -180 696 593 548 540 705 END
START 1452 15404 1816 203 -199 -304 696 593 548 540 705 END
START 1368 15356 1844 129 -172 -397 696 593 548 540 705 END
START 1400 15528 1840 184 -112 -370 696 593 548 540 705 END
START 1288 15604 1860 145 -345 -267 696 593 548 540 706 END
START 1396 15328 1692 87 -161 -225 697 593 548 540 706 END
START 1432 15536 1688 179 -40 -317 696 592 548 540 707 END
START 1324 15452 1764 125 -129 -330 695 593 548 541 708 END
START 1456 15380 1816 196 -86 -294 696 593 548 541 707 END
START 1648 15468 1736 68 -57 -372 696 593 548 541 707 END
START 1248 15488 1916 63 -184 -326 695 593 548 541 708 END
START 1472 15456 2100 139 -216 -264 695 593 548 541 708 END
START 1484 15356 1820 88 -280 -368 696 593 548 541 708 END
START 1360 15440 1756 215 -227 -398 695 593 548 541 708 END
START 1344 15492 1868 173 -36 -306 696 593 548 541 708 END
START 1288 15412 1920 172 -154 -345 696 593 549 541 709 END
START 1264 15448 1828 128 -274 -268 696 593 549 541 709 END
START 1252 15428 1904 136 -258 -247 696 593 549 541 709 END
START 1348 15472 1868 146 -221 -283 697 593 549 541 709 END
START 1204 15492 1988 269 -215 -258 696 594 549 541 710 END
START 1324 15428 1728 284 -131 -123 696 593 549 542 710 END
START 1292 15444 1664 155 -130 -313 696 593 549 542 710 END
START 1352 15556 1672 4 -169 -386 696 594 549 543 710 END
START 1384 15452 2112 239 -186 -280 696 593 549 542 711 END
START 992 15656 1604 251 -229 -238 696 593 548 543 711 END
START 1208 15384 1768 120 -227 -160 696 594 549 542 711 END
