START -8476 12992 -792 -322 318 -66 700 627 575 554 726 END
START -8652 12956 -868 -140 250 -104 700 627 574 554 727 END
START -8448 13152 -1056 120 -523 243 700 627 575 554 727 END
START -8740 13512 -1344 -103 -146 294 699 627 575 554 727 END
START -9092 13308 -1432 -495 -3237 649 699 627 575 554 727 END
START -8264 12872 -428 -1049 -3475 681 699 627 575 554 727 END
START -8208 12780 180 -985 -3312 594 699 627 575 554 727 END
START -7532 12564 472 -352 -2938 -115 699 627 575 554 726 END
START -7484 12812 568 84 -3097 -499 700 627 575 554 727 END
START -8448 12744 436 50 -2461 -1070 699 627 575 554 727 END
START -7848 13068 1068 -240 -2216 -1074 699 627 575 554 728 END
START -7768 13104 1612 -345 -3544 -1063 699 627 575 554 728 END
START -8048 13180 1528 -413 -2468 -781 699 627 575 554 728 END
START -7984 12900 1648 34 -1177 -601 700 627 575 554 728 END
START -7308 13088 1696 93 -1385 -464 700 627 575 554 729 END
START -7836 12792 1744 136 -527 -549 699 627 575 554 729 END
START -8092 12876 1736 -67 -1137 -417 700 627 575 554 729 END
START -7952 12796 1728 -633 -762 -253 700 627 575 554 729 END
START -8052 12872 712 -1938 671 141 701 627 576 554 728 END
START -7284 12808 1884 -4421 -528 1127 700 627 576 554 728 END
START -6788 12812 3580 -3150 -466 456 700 626 575 553 728 END
START -7452 12564 3836 -985 286 50 700 626 575 554 728 END
START -7764 12296 3416 -87 -241 106 700 627 575 553 728 END
START -7600 12572 3436 -214 -424 206 701 627 575 553 728 END
START -7344 12372 3308 -382 -1606 212 701 627 575 554 727 END
START -7312 12300 3384 -164 -1222 199 701 627 575 553 728 END
START -6928 12720 3412 136 -826 -216 700 627 575 552 726 END
START -7588 12612 3392 -186 -1221 -114 699 627 575 552 726 END
START -7316 12756 3664 -388 -707 51 700 626 576 552 726 END
START -6688 12608 4248 -45 -441 -257 699 627 575 552 726 END
START -6856 12692 4276 819 210 -594 699 627 575 552 726 END
START -6164 12696 4416 1385 4646 -1365 699 627 575 552 726 END
START -11920 11836 2000 2393 3743 -1486 699 627 575 552 724 END
START -7064 12948 2704 1676 3602 23 700 627 575 552 725 END
START -7764 12892 2108 1206 -1156 197 699 628 575 552 724 END
START -7624 12612 1840 1056 580 -5 699 628 575 552 725 END
START -7872 12520 2112 1528 780 -55 698 628 575 552 725 END
START -8044 12612 1708 1577 844 -160 699 627 575 552 724 END
START -8456 12864 1112 1153 1551 -138 698 627 575 552 725 END
START -8472 13076 1344 567 684 10 698 627 575 552 726 END
