START -6928 14048 -2152 88 -358 -377 701 622 562 537 718 END
START -6772 14096 -2016 97 -190 -459 701 622 561 537 718 END
START -6992 14156 -1944 49 -235 -397 701 621 562 537 717 END
START -7004 14184 -2152 41 -368 -240 701 622 562 537 717 END
START -6840 14152 -2008 161 18 -279 701 622 562 537 717 END
START -7172 14184 -2172 17 -250 -240 701 622 562 537 717 END
START -7012 14028 -2184 30 -336 -275 701 622 562 537 718 END
START -7168 14028 -2188 74 -266 -334 701 622 562 537 717 END
START -6652 14200 -1696 150 -13 -145 701 622 562 537 717 END
START -6840 13844 -2080 178 -253 -473 700 622 562 537 717 END
START -7060 14048 -2004 134 -332 -394 700 622 562 537 717 END
START -6864 14336 -2116 285 -186 -85 701 622 562 537 717 END
START -6864 13844 -2196 216 -266 -359 701 622 562 537 717 END
START -6632 14172 -2124 196 -31 -298 701 622 562 537 717 END
START -7456 14204 -2140 194 -245 -583 700 622 562 537 717 END
START -7140 14028 -1916 186 -95 58 700 623 562 537 717 END
START -6776 13872 -2076 303 -255 -42 700 622 562 537 717 END
START -6872 14060 -2220 216 -352 -390 700 623 562 537 717 END
START -7180 14212 -2328 138 -325 -214 700 622 562 537 717 END
START -6832 14208 -2032 92 19 -85 700 622 562 537 717 END
START -7036 13948 -2060 53 -230 -372 701 623 561 537 717 END
START -7100 14224 -2052 180 -125 -203 699 622 562 537 717 END
START -7080 14064 -2268 10 -385 -227 700 622 562 537 717 END
START -6992 14160 -2044 142 -156 -206 700 622 562 537 717 END
START -6752 14068 -2144 135 -198 -212 700 622 562 537 717 END
START -7144 14000 -2188 86 -284 -308 700 622 561 537 717 END
START -7032 14136 -1948 115 -169 -238 700 623 562 537 716 END
START -6848 13952 -2048 23 -468 -320 700 622 562 537 717 END
START -7016 13896 -2184 75 -201 -268 700 622 562 537 717 END
START -7028 14376 -2076 54 -245 -258 700 622 562 537 717 END
START -6744 14012 -2036 84 -79 -67 700 622 562 537 718 END
START -7132 13976 -1976 8 -32 -503 699 622 562 537 717 END
START -7136 14148 -1876 103 -101 -171 700 622 562 537 717 END
START -6952 13916 -1996 80 -257 -283 700 622 562 537 717 END
START -7072 13980 -1972 284 -108 -425 700 622 562 537 717 END
START -6876 14248 -2152 229 -165 -126 700 622 562 537 717 END
START -6984 13968 -2052 139 -162 -284 699 622 562 537 717 END
START -7136 14028 -1980 164 -262 -381 700 623 562 537 717 END
START -7004 14172 -2096 -5 -413 -366 700 622 562 537 717 END
START -7056 13904 -2076 60 -244 -277 701 622 562 537 717 END
