START -7948 13332 -4500 102 -457 -191 703 619 563 538 714 END
START -7900 13348 -4260 93 -311 -207 702 619 563 537 715 END
START -7980 13364 -4192 30 -377 -519 703 619 563 537 715 END
START -8316 13636 -4272 168 13 -144 703 619 563 538 715 END
START -7996 13412 -4264 72 62 5 703 619 563 537 714 END
START -7828 13420 -4392 56 14 -234 703 619 563 537 715 END
START -8204 13432 -4272 101 -253 -307 703 619 563 537 714 END
START -8204 13484 -4096 70 -180 -200 703 619 563 537 714 END
START -8104 13508 -4052 178 -196 -45 703 619 563 537 714 END
START -7688 13496 -3980 71 -189 -119 703 619 563 537 714 END
START -7964 13340 -4212 84 -277 -356 703 619 563 537 714 END
START -8196 13404 -4084 83 -339 -447 703 619 563 537 714 END
START -7872 13596 -4316 247 -404 -168 703 619 563 537 714 END
START -7724 13532 -4228 240 -335 -74 703 619 563 537 714 END
START -7680 13440 -4280 46 -71 -406 703 619 563 537 714 END
START -8248 13436 -4308 -19 -72 -469 703 619 563 537 714 END
START -8180 13552 -4124 -42 -89 -458 703 619 563 537 714 END
START -8100 13476 -4124 69 -6 -302 703 619 563 537 714 END
START -8004 13448 -3836 14 38 -337 703 619 563 537 714 END
START -8084 13420 -4116 -25 -381 -491 703 619 563 537 714 END
START -8288 13120 -4136 -15 -324 -552 703 619 563 537 714 END
START -8132 13504 -3988 72 -283 -398 703 619 562 537 713 END
START -8212 13432 -4100 176 -182 -62 703 619 563 537 713 END
START -7708 13428 -4272 112 4 -274 703 619 563 537 714 END
START -8324 13332 -4200 -63 -2 -337 703 619 563 537 713 END
START -8372 13316 -4128 17 2 -228 703 618 563 537 714 END
START -8116 13356 -4172 41 -246 -270 703 619 563 537 714 END
START -8144 13232 -4288 -22 -188 -429 703 619 563 537 713 END
START -8104 13448 -3920 -81 -142 -344 702 619 563 537 714 END
START -8256 13008 -4232 64 -212 -525 703 619 563 537 715 END
START -8188 13560 -4124 272 -271 -352 703 619 563 537 714 END
START -8088 13432 -4116 309 -318 2 703 619 563 537 714 END
START -8012 13340 -4064 72 -17 -310 703 619 563 537 714 END
START -8328 13364 -4056 -84 -135 -533 703 619 562 537 714 END
START -8176 13328 -3932 -73 -50 -603 703 619 563 537 714 END
START -8804 13296 -3904 288 -159 -355 703 619 563 537 714 END
START -8644 13128 -3732 526 -389 409 703 619 563 537 714 END
START -8164 13116 -4172 453 -431 378 703 619 563 537 714 END
START -7656 13136 -4584 153 -305 -168 703 618 563 537 714 END
START -7932 13728 -3960 -76 -152 -514 703 619 563 537 714 END
