START -2128 15200 1716 1641 -237 -963 731 595 556 525 660 END
START -2500 15196 1496 1489 -409 -1158 731 595 556 525 660 END
START -3268 14800 1684 223 -474 -1328 731 595 556 525 660 END
START -3760 14492 2476 -277 -821 -629 731 594 556 525 660 END
START -2660 15196 2164 846 -331 -86 730 595 556 525 660 END
START -2776 15252 1168 1561 -76 -112 723 595 556 525 660 END
START -3076 15264 1172 621 150 -674 712 595 557 525 661 END
START -3532 14756 1968 -520 -315 -477 710 594 557 525 660 END
START -2980 14536 1988 -133 -151 341 709 595 557 525 660 END
START -1860 15548 1440 712 -571 -137 715 595 557 525 660 END
START -2928 15236 1028 553 8 -1012 723 596 558 525 660 END
START -3804 14820 1524 -638 -16 -751 728 596 558 525 660 END
START -3404 14624 2452 -531 -600 99 733 596 558 525 660 END
START -2584 15040 2236 779 -1018 483 732 596 558 525 660 END
START -2500 15200 1144 1719 -493 19 727 597 558 525 661 END
START -2876 15464 1004 536 219 -375 716 598 558 525 661 END
START -3612 14836 1540 -946 -81 -378 715 596 558 525 661 END
START -3000 14440 2188 -609 -287 405 720 596 558 525 661 END
START -2028 15508 1976 901 -797 591 731 597 558 525 661 END
START -2540 15092 1132 1613 -183 -84 736 597 559 525 661 END
START -2956 15004 1616 555 -399 -417 737 598 559 526 661 END
START -3152 14812 2336 542 -1034 -125 733 598 560 526 661 END
START -1808 15112 1764 2206 -931 452 730 598 560 526 662 END
START -1904 15720 180 2549 -1019 347 718 598 560 526 662 END
START -2168 15872 -200 823 -669 -386 718 598 560 526 662 END
START -2768 15348 688 -754 -37 -378 725 598 560 526 662 END
START -2664 14872 1032 -376 69 344 722 598 560 527 662 END
START -1792 15960 824 743 -543 465 723 598 560 526 663 END
START -1924 15672 -20 403 -529 -198 737 598 560 526 663 END
START -2900 15240 716 -1155 -536 -278 737 599 560 527 663 END
START -2424 15032 1624 -1417 -185 627 738 599 560 526 663 END
START -1716 15480 1556 -247 -162 847 736 599 560 527 663 END
START -780 15816 1164 855 -162 227 737 599 560 527 667 END
START -1852 15640 772 18 -70 -733 736 599 560 527 667 END
START -2892 15188 1700 -852 398 -824 738 599 560 526 666 END
START -2112 14816 1988 93 -506 70 738 599 560 527 666 END
START -992 15868 908 1470 -71 57 738 599 560 527 666 END
START -1428 15704 84 1036 -83 -866 738 599 560 527 667 END
START -2600 15512 496 -541 -50 -1101 736 599 560 527 667 END
START -3012 15064 1828 -617 -223 -31 735 599 560 527 667 END
