START -7000 13824 -3264 94 -252 219 660 613 544 512 680 END
START -6776 13700 -3112 8 -299 157 660 613 544 512 680 END
START -7008 13988 -2940 -140 -311 -244 660 614 544 512 680 END
START -7128 14136 -2908 262 -98 -54 660 613 544 512 680 END
START -6932 14136 -3168 556 -24 95 661 613 544 512 680 END
START -7108 14052 -3632 439 -18 -21 662 613 544 512 680 END
START -7124 14128 -3336 226 118 -174 662 614 544 512 680 END
START -7012 14180 -3124 -2 -166 24 662 614 544 512 680 END
START -6904 13908 -3124 163 -423 -57 662 614 544 512 680 END
START -6676 14184 -3412 184 -433 -253 662 613 544 512 680 END
START -6680 14392 -3408 213 -418 -358 662 613 544 511 680 END
START -7276 13980 -3244 -140 -248 -127 663 613 544 512 680 END
START -7004 13796 -2852 -491 -286 -516 664 613 544 512 680 END
START -7204 14340 -2840 45 -432 -348 664 613 544 512 679 END
START -6896 14104 -3324 647 -197 10 664 613 544 512 680 END
START -6604 14096 -3352 663 89 -90 664 613 544 512 680 END
START -7084 14260 -3564 268 -233 -346 664 615 544 512 680 END
START -7176 14012 -3212 -78 99 -373 664 614 544 512 680 END
START -7024 14112 -2876 148 -42 -318 664 613 544 512 680 END
START -7000 14084 -3120 556 1008 -217 664 614 544 512 680 END
START -7180 13964 -3576 517 431 -167 664 613 544 512 680 END
START -6888 14048 -3468 203 32 -338 663 614 544 512 680 END
START -6960 13912 -3376 41 -257 -365 663 614 544 512 680 END
START -7064 14060 -3368 422 263 -154 662 613 544 512 680 END
START -6888 14144 -3780 584 153 -97 660 613 544 512 680 END
START -7000 14240 -3912 520 123 -91 656 613 544 512 680 END
START -7056 14132 -3876 285 153 -286 656 612 544 512 680 END
START -7292 14268 -3660 -49 135 -182 655 612 544 513 680 END
START -6876 13976 -3480 -170 -380 -170 655 612 544 513 681 END
START -7044 14036 -3420 -8 -241 -309 655 612 544 513 681 END
START -6700 14052 -3512 153 -241 -312 655 611 544 513 682 END
START -6832 14044 -3544 206 -345 -346 654 612 544 514 684 END
START -7064 14240 -3728 328 -450 -316 653 611 544 514 683 END
START -6952 14100 -3712 266 111 -319 652 611 544 514 683 END
START -6824 14156 -3756 27 -65 -341 652 611 544 514 684 END
START -7116 14116 -3512 -81 -184 -363 652 611 544 514 683 END
START -7040 13992 -3676 27 604 -343 651 611 544 514 683 END
START -6892 14104 -3780 165 1690 -301 651 611 544 514 684 END
START -7436 14096 -3868 303 3502 -136 652 611 544 514 684 END
START -7420 14012 -4192 7 -191 -5 653 611 544 514 684 END
