START -7296 13108 2108 463 -34 -203 700 614 562 526 706 END
START -7336 13064 1796 585 -34 -274 701 614 562 526 706 END
START -7616 13116 2084 663 -93 -243 700 614 562 526 706 END
START -7524 12976 2044 600 399 -80 700 614 562 526 706 END
START -7552 13208 1736 630 -98 55 700 614 562 525 706 END
START -7380 13272 1956 661 125 -19 700 614 562 526 706 END
START -6776 13220 1912 628 -82 37 699 614 562 525 706 END
START -7148 13220 1320 924 392 -268 699 614 562 526 706 END
START -7440 13252 1208 436 511 -293 699 614 562 526 706 END
START -7192 13200 1712 -109 -293 -383 700 614 562 526 706 END
START -7480 13300 1692 -52 -486 -222 701 614 562 526 707 END
START -7188 13084 1800 150 -191 -265 702 614 562 526 706 END
START -7464 13148 1520 299 -407 -352 703 614 562 526 706 END
START -7528 13168 1448 226 -175 -333 703 614 562 526 706 END
START -7264 13172 1604 199 -125 -230 703 614 562 526 706 END
START -7276 13576 1648 215 -143 -249 702 614 562 526 706 END
START -7216 13128 1760 204 -189 -344 703 614 562 526 706 END
START -7292 13148 1280 329 -39 -427 703 614 562 526 706 END
START -7272 13128 1680 371 -109 -432 703 614 562 526 706 END
START -7312 13212 1508 327 -55 -474 703 614 562 526 706 END
START -7396 13200 1700 158 -462 -549 703 614 562 526 706 END
START -7300 13432 1660 -125 -753 -425 703 614 562 526 706 END
START -7460 13112 1264 167 -199 -425 702 614 562 526 706 END
START -7108 13148 1224 -57 -178 -486 702 614 562 526 706 END
START -7072 13344 1488 -432 -113 -612 702 614 562 526 706 END
START -7816 13160 1732 -532 40 -574 702 614 562 526 706 END
START -7736 13048 2012 -329 -163 -611 701 614 562 525 706 END
START -7696 12988 1800 -268 -160 -509 702 614 563 526 706 END
START -7544 12932 1936 -217 -380 -383 702 614 562 526 706 END
START -7884 12880 1816 -211 -434 -518 702 614 562 526 706 END
START -7856 12968 2136 -306 81 -287 702 614 562 526 706 END
START -7624 12780 2108 -124 -424 -281 702 614 562 526 706 END
START -7572 12852 2156 -49 -296 -335 702 614 562 526 706 END
START -7600 12880 1988 63 -227 -310 703 614 562 526 706 END
START -7676 12908 1944 160 -269 -459 703 614 562 526 706 END
START -7700 12856 1908 143 -96 -408 702 614 562 526 706 END
START -7720 12796 1984 109 -168 -481 702 614 562 526 706 END
START -7976 12748 1960 11 -88 -504 703 614 562 526 706 END
START -7788 12752 2280 54 -146 -345 703 614 562 526 706 END
START -7828 12776 2136 122 -334 -413 703 614 562 526 706 END
