START 3532 14464 3644 -1256 -25 2205 659 612 566 557 738 END
START 3268 14592 4092 -435 -148 700 658 612 566 558 738 END
START 2216 15036 4344 2317 -4372 -4722 659 612 567 558 737 END
START 112 15540 2300 3656 -3435 -6709 659 611 566 558 738 END
START -3932 15272 -4 2954 -3072 -5109 659 610 566 557 736 END
START -4528 15504 -968 -581 -933 1545 659 610 566 557 736 END
START -1620 15696 148 -3210 3090 4592 659 610 565 557 736 END
START 1364 15448 2128 -2061 471 3467 659 610 566 557 736 END
START 2192 15296 3480 825 111 -581 659 610 566 557 736 END
START 1208 15284 2716 2396 -2505 -4520 658 609 566 557 734 END
START -2756 14932 1548 1846 -1259 -4604 658 609 566 557 736 END
START -3216 15424 376 -282 -805 169 658 609 566 556 736 END
START -772 15796 892 -1033 444 1413 658 610 566 557 736 END
START -344 15504 1588 -311 1041 460 658 610 566 556 736 END
START -892 15340 1924 22 252 -59 658 609 566 556 736 END
START -964 15456 1888 104 20 -139 658 609 566 556 736 END
START -988 15404 1572 324 8 -164 658 609 566 556 736 END
START -964 15056 1556 50 -586 2 658 609 566 557 736 END
START -776 15324 1500 56 -108 -325 657 609 566 556 736 END
START -896 15552 1680 245 -41 -393 658 609 566 556 736 END
START -976 15564 1468 334 -294 -177 658 609 566 556 736 END
START -1188 15592 1296 250 131 -397 658 609 566 556 736 END
START -1012 15288 1436 1 -10 236 658 609 566 556 736 END
START -544 15308 1496 34 -82 -297 658 609 566 556 737 END
START -884 15440 1580 300 -340 -694 658 609 566 557 737 END
START -1484 15700 1308 432 -147 -331 658 609 566 556 737 END
START -1844 15608 824 -382 1048 1452 658 610 566 556 737 END
START -672 15192 1428 -827 333 2552 658 609 566 556 737 END
START 1748 15308 2544 372 -346 910 658 609 566 557 738 END
START 1008 15112 2500 1199 -1273 -2772 659 609 566 557 738 END
START -2052 15260 1376 919 -2180 -2439 658 609 566 556 738 END
START -1800 16096 240 413 244 400 658 609 566 557 738 END
START -1020 15672 720 -624 958 1264 658 609 566 557 738 END
START -788 15324 1128 -529 1661 1616 658 610 565 557 737 END
START -256 15684 936 -990 3183 1751 658 610 566 557 738 END
START 2048 15364 2824 -624 -1013 516 658 610 566 557 738 END
START 332 14852 2840 1252 -1268 -3323 658 610 566 557 739 END
START -3768 15796 548 99 -529 -1250 659 609 566 557 739 END
START -808 15860 1000 -1719 947 3630 659 610 565 557 739 END
START 2728 14868 3192 623 -2234 887 658 610 566 557 739 END
