START -3492 14528 3232 192 -440 -169 667 597 559 553 731 END
START -3328 14740 2716 -75 -405 -136 668 597 559 553 731 END
START -3072 14648 2720 -36 -71 -423 667 597 559 553 732 END
START -3664 14464 3028 257 -124 -11 667 597 559 553 732 END
START -2952 14528 2896 10 -166 45 667 597 559 553 732 END
START -2892 14572 2480 26 211 -441 667 597 559 553 732 END
START -3632 14524 2864 -207 393 -359 667 597 559 553 732 END
START -3252 14688 3548 -463 88 -48 667 597 559 553 734 END
START -2916 14428 3176 325 -244 -240 667 597 559 553 733 END
START -3408 14400 3192 358 -527 -311 667 597 559 553 733 END
START -3232 14660 2740 283 -459 -341 667 597 560 553 733 END
START -3308 14460 2872 315 -113 -354 667 597 559 555 734 END
START -3248 14472 2924 79 -328 -203 667 597 560 555 735 END
START -3292 14632 3092 166 -244 -401 667 597 560 555 735 END
START -3372 14424 3140 286 -375 -120 667 597 560 555 735 END
START -3024 14592 2860 244 -203 -372 667 598 560 555 735 END
START -3360 14504 2808 191 -274 -478 667 597 560 555 735 END
START -3288 14524 2788 188 -197 -178 667 597 560 555 733 END
START -3336 14580 2780 180 214 -356 667 597 560 555 734 END
START -2544 14368 3052 455 4885 -571 667 597 560 554 735 END
START -4824 14388 2068 1362 8199 -952 667 596 561 556 737 END
START -4520 15172 1940 -1104 -4455 151 667 596 561 556 740 END
START -3212 14240 2924 -207 -2056 519 666 596 561 555 740 END
START -3152 14808 3136 74 -917 -6 667 596 560 555 739 END
START -3356 14540 2304 85 -827 -470 667 596 560 555 740 END
START -3816 14464 2788 133 -955 -369 667 597 561 555 740 END
START -3388 14480 2624 366 20 -163 667 597 560 555 740 END
START -3192 14660 2680 -178 -448 -359 667 597 560 555 739 END
START -3436 14420 3128 123 -495 -346 667 597 560 555 739 END
START -3740 14360 2680 403 -413 -183 666 597 560 555 739 END
START -3556 14576 2640 315 -422 -436 667 597 560 555 739 END
START -3676 14740 2776 351 -253 -278 666 597 560 555 739 END
START -3320 14960 2572 156 -318 -126 666 597 560 555 739 END
START -3564 14468 2628 63 -276 -167 667 597 560 555 739 END
START -3552 14388 2788 79 -269 -281 667 597 560 555 739 END
START -3584 14396 2600 123 -3 -339 667 597 561 555 739 END
START -3440 14560 2668 75 35 -479 666 597 560 555 739 END
START -3648 14692 2880 325 -58 -307 666 597 560 555 739 END
START -3628 14404 2852 -17 -432 -90 667 597 560 555 740 END
START -3276 14688 2920 159 -52 -430 667 597 560 555 740 END
