START -2996 15392 196 121 -159 -278 767 581 536 495 610 END
START -2840 15392 108 143 -355 -246 764 582 536 495 610 END
START -2792 15456 216 78 -45 -112 764 582 536 495 610 END
START -2560 15476 340 121 -217 -163 764 581 535 495 611 END
START -2636 15392 164 119 -148 -199 764 581 536 495 611 END
START -2648 15388 232 117 -199 -234 764 581 536 495 610 END
START -2740 15412 184 157 -230 -209 765 582 536 496 611 END
START -2704 15392 236 182 -153 -210 764 582 536 496 611 END
START -2584 15460 116 116 -254 -332 764 581 536 496 611 END
START -2820 15472 208 127 -229 -294 764 582 537 496 612 END
START -2696 15312 224 165 -385 -331 763 582 536 496 611 END
START -2808 15320 380 166 -261 -374 764 582 537 496 611 END
START -2576 15284 184 211 -26 -310 762 582 537 496 612 END
START -2876 15384 152 201 -507 -265 756 582 537 497 611 END
START -3008 15476 324 154 131 -159 752 583 537 497 611 END
START -2844 15452 216 345 -319 -171 732 583 537 497 611 END
START -2716 15460 300 235 -300 -297 721 583 538 497 612 END
START -2864 15348 28 181 -413 -336 723 584 538 498 612 END
START -2828 15440 104 83 -254 -351 730 583 538 498 612 END
START -2984 15444 -52 144 -105 -258 737 584 538 498 612 END
START -2304 15328 252 150 -178 -405 748 584 538 498 613 END
START -3084 15384 124 -84 -318 -259 758 585 539 498 613 END
START -2520 15424 300 183 -222 -223 762 586 541 499 613 END
START -3216 15524 32 124 -234 -236 761 587 541 499 613 END
START -2712 15408 220 189 -251 -329 759 586 541 499 613 END
START -2988 15456 156 244 -327 -215 757 587 541 499 614 END
START -2532 15460 32 113 -245 -302 757 587 541 499 614 END
START -2840 15380 120 64 -190 -241 757 587 542 499 614 END
START -2804 15392 208 154 -311 -252 755 587 542 499 614 END
START -2824 15316 8 60 -235 -301 755 587 542 499 614 END
START -2760 15504 240 255 -170 -212 756 587 542 500 614 END
START -2652 15332 80 121 -264 -269 756 587 542 500 615 END
START -2976 15436 128 124 -168 -325 754 587 542 500 615 END
START -3008 15516 48 150 -110 -261 755 587 542 500 614 END
START -2728 15372 188 83 -205 -312 753 587 542 500 615 END
START -2956 15324 184 156 -322 -182 753 587 542 500 615 END
START -2824 15384 344 186 -185 -277 753 587 542 500 615 END
START -2888 15380 268 136 -203 -195 753 587 542 500 616 END
START -2688 15516 172 225 -74 -224 752 587 543 500 615 END
START -2848 15376 84 107 -222 -374 751 587 542 500 616 END
