START -2392 15196 2048 616 644 -648 723 586 530 502 638 END
START -2420 15336 2120 504 629 -501 723 586 530 502 639 END
START -2344 15068 2160 -41 97 223 723 586 531 501 639 END
START -1672 15212 2432 54 -402 142 724 586 530 502 639 END
START -2132 15140 1832 591 -320 -578 723 586 530 502 639 END
START -2620 15040 1864 140 -1504 17 723 586 530 502 638 END
START -1664 14856 2340 -340 -255 619 724 585 530 502 638 END
START -1488 15348 2340 765 -375 -378 724 585 530 502 638 END
START -2128 15088 1664 566 -239 -484 724 585 530 502 638 END
START -1940 14876 2076 -279 -289 256 725 585 532 502 638 END
START -1536 15268 2152 455 -143 -357 727 585 531 502 638 END
START -1904 15132 1608 516 315 -550 728 585 530 503 638 END
START -2100 14944 1756 -498 -194 35 728 585 531 502 637 END
START -1716 15256 2440 -15 -306 -157 728 585 531 503 638 END
START -1748 15164 1816 632 276 -443 729 585 531 503 638 END
START -1928 15136 1892 -165 -14 65 727 585 531 503 638 END
START -1792 15104 2300 -187 -346 -164 728 585 531 504 638 END
START -1912 15200 1996 677 46 -683 727 585 532 504 638 END
START -1968 15340 1732 179 -209 -142 727 585 532 504 639 END
START -2140 14940 2184 -216 -214 -314 727 585 532 504 639 END
START -1860 15236 2140 731 7 -341 727 585 532 504 638 END
START -1876 15352 1304 628 179 17 727 585 532 504 639 END
START -1908 14952 1804 -373 -91 -292 727 586 533 505 639 END
START -2028 15216 2080 270 -108 -477 727 585 533 504 639 END
START -2080 15408 1568 630 -36 129 727 585 532 505 639 END
START -1876 15016 2020 -178 -135 110 727 585 532 505 639 END
START -1776 15284 2276 198 -198 -456 727 586 532 505 639 END
START -1872 15444 1632 518 -49 -181 727 585 533 505 639 END
START -1684 15168 1636 -208 -114 -285 727 585 532 505 639 END
START -2104 15052 2136 99 -461 -490 727 585 533 505 640 END
START -1904 15496 1444 501 227 -30 727 585 533 505 639 END
START -1756 15160 1724 -365 -201 -95 727 585 533 505 640 END
START -2080 14976 2432 -105 -436 -448 727 585 533 505 640 END
START -1876 15288 1840 772 -76 -150 727 585 533 506 640 END
START -1660 15212 1248 70 7 85 727 585 533 506 640 END
START -1880 15000 1952 -500 -354 -406 727 585 533 506 640 END
START -1772 15128 2380 449 3 -180 727 585 533 505 640 END
START -1692 15348 1520 337 -77 130 727 585 533 506 640 END
START -1844 15172 1944 -264 -155 -473 727 585 534 506 640 END
START -2064 15180 2156 417 -408 -316 727 585 533 506 640 END
