START -6556 14508 -3912 186 -230 -511 701 627 565 536 713 END
START -6744 14544 -4004 230 -257 -453 701 627 565 536 713 END
START -6756 14496 -3772 -29 -176 -141 701 627 565 536 713 END
START -6380 14312 -3920 90 -169 -277 701 627 565 536 713 END
START -6412 14420 -3728 128 -265 -415 701 627 566 536 713 END
START -6616 14312 -3912 113 -281 -261 701 627 565 536 713 END
START -6572 14428 -3792 153 -126 -131 700 627 565 535 713 END
START -6168 14168 -3856 123 -254 -201 701 627 565 536 713 END
START -6412 14496 -3808 364 -198 -366 701 627 565 536 712 END
START -6660 14236 -3900 14 -130 -25 701 627 565 536 713 END
START -6320 14308 -3848 90 -184 -241 702 627 565 536 713 END
START -6316 14324 -3924 230 -253 -426 701 627 566 536 713 END
START -6736 14440 -3952 82 -296 -244 701 627 565 536 713 END
START -6644 14584 -3812 32 -138 -170 701 627 565 536 712 END
START -6428 14140 -3852 49 -102 -264 702 627 565 536 713 END
START -6484 14408 -3876 144 -94 -421 702 627 565 536 712 END
START -6692 14284 -3780 70 -152 -217 702 627 565 536 713 END
START -6376 14132 -3728 77 -333 -149 704 627 565 536 713 END
START -6380 14324 -3880 341 -306 -280 703 627 564 536 713 END
START -6416 14424 -4012 265 -425 -257 703 627 565 536 713 END
START -6548 14304 -3944 -47 -120 -182 704 627 565 536 713 END
START -6300 14552 -3852 165 -157 -422 703 627 565 536 713 END
START -6724 14420 -4020 239 -231 -359 703 627 565 536 713 END
START -6400 14312 -3768 -40 -298 -67 703 629 565 537 712 END
START -6416 14232 -3876 196 -177 -259 703 627 565 537 712 END
START -6564 14520 -3864 119 -144 -303 703 627 565 536 712 END
START -6528 14260 -3832 7 -303 -310 703 627 565 536 713 END
START -6576 14316 -3540 -2 -56 -65 703 627 566 536 713 END
START -6188 14228 -3736 87 -34 -378 703 627 565 536 713 END
START -6656 14644 -3948 282 -225 -605 703 627 566 536 711 END
START -6904 14304 -3764 -33 -225 96 703 628 565 536 712 END
START -6268 14288 -3740 142 -156 -33 703 627 565 535 712 END
START -6272 14464 -3948 430 -206 -262 703 627 565 536 713 END
START -6644 14412 -4028 116 -187 -300 703 627 565 536 713 END
START -6452 14492 -3828 -11 -98 -154 703 627 565 536 712 END
START -6440 14356 -3672 38 -112 -98 703 628 565 536 713 END
START -6164 14268 -3644 265 -188 -414 703 627 565 536 713 END
START -6700 14676 -3908 444 -249 -326 703 627 565 536 713 END
START -6548 14044 -3756 -70 -430 115 702 628 566 536 713 END
START -6148 14432 -3712 129 -295 -281 703 627 565 536 713 END
