START -6940 13812 -6968 -342 -5953 131 729 629 572 544 723 END
START -7372 13772 -7176 -434 -7815 214 730 629 572 544 723 END
START -6408 14036 -5932 -934 -6830 5 729 629 572 544 723 END
START -6648 13716 -5108 -454 -2905 -340 729 629 572 544 723 END
START -6992 13976 -5124 -6 -2540 -239 728 628 572 544 721 END
START -7440 13664 -4880 -485 803 -609 727 629 572 544 722 END
START -6976 14012 -4640 123 1015 -434 727 629 572 544 722 END
START -7232 13668 -5724 705 992 -168 726 629 572 544 722 END
START -7220 14104 -6036 371 1555 8 722 628 572 543 721 END
START -7472 13816 -5852 34 -974 -55 718 629 572 543 721 END
START -6636 13940 -4924 -73 -773 -255 710 628 571 542 721 END
START -7484 13688 -5348 -37 -553 -349 705 628 570 541 718 END
START -6776 14012 -4608 59 -841 -295 703 628 570 540 716 END
START -7124 13924 -5628 327 -435 -189 704 628 570 539 715 END
START -7064 13836 -5536 271 751 -53 705 626 570 539 716 END
START -7240 13780 -5324 105 -406 -180 706 628 570 540 716 END
START -7068 13816 -5332 183 -199 -180 707 628 570 540 716 END
START -7256 13952 -5400 195 496 -224 706 629 570 540 716 END
START -6648 13948 -5348 331 -361 -92 707 628 570 540 716 END
START -7196 13960 -5820 209 -328 -121 707 629 570 540 717 END
START -6896 13948 -5432 35 -500 -251 707 628 571 540 717 END
START -6768 13812 -5216 27 -909 -331 707 628 569 540 717 END
START -7172 13876 -5096 -47 -796 -225 707 628 570 540 717 END
START -7352 13912 -5428 -73 -3137 34 708 628 570 540 717 END
START -7096 13844 -4904 -566 -5231 -18 708 628 570 539 716 END
START -7072 13864 -4252 -795 -5846 -466 708 627 569 539 717 END
START -7336 14000 -3592 -330 -5101 -515 708 626 569 539 718 END
START -7204 14088 -3680 -135 -4867 -117 708 626 569 538 716 END
START -7060 13952 -3332 -264 -4413 -154 708 626 569 538 717 END
START -7016 13876 -2568 -700 -4471 -313 708 626 569 538 716 END
START -7628 13824 -2284 -839 -5588 -118 709 626 569 538 717 END
START -6532 14028 -1596 -670 -2158 23 709 626 569 538 717 END
START -6612 14084 -1468 -35 -433 -504 709 626 569 538 717 END
START -7208 13780 -1284 311 -21 -380 707 626 569 538 717 END
START -7176 13884 -1520 560 -301 111 709 626 568 538 714 END
START -7200 13776 -1536 772 902 -151 708 626 569 538 715 END
START -6800 14088 -2076 969 1497 -335 708 626 568 538 714 END
START -7112 14096 -2464 1145 -417 56 709 626 568 538 714 END
START -7336 13980 -2636 810 1704 -72 709 626 568 538 714 END
START -6868 14060 -2780 195 712 -315 707 626 568 538 714 END
