START -3000 15128 2128 808 -61 298 665 617 568 563 745 END
START -2624 15184 1960 817 60 316 665 617 569 563 746 END
START -1988 15332 1200 547 -109 27 665 617 568 563 745 END
START -1448 15128 164 -249 446 -1082 665 617 568 563 745 END
START -1052 15456 -44 -1430 1989 -2106 666 617 568 564 745 END
START -2292 15104 1436 -2079 1199 -2716 666 617 569 564 745 END
START -4528 14972 2672 -1482 1568 -2502 665 617 569 564 744 END
START -4012 14692 2372 -1088 1426 -1722 665 617 569 564 743 END
START -4068 14688 2440 -1303 57 -1291 665 617 569 564 743 END
START -3808 15164 2252 -901 1133 -1156 664 617 569 565 743 END
START -4636 14384 2360 -704 863 -1445 665 617 569 565 743 END
START -5224 14264 2676 -722 724 -1409 665 618 569 567 744 END
START -4480 13672 2456 -872 -1122 -1032 665 618 569 566 744 END
START -5616 13460 3008 -470 457 -1319 665 617 569 567 744 END
START -6168 13088 4328 -701 -1 -1600 665 618 569 568 745 END
START -9120 10616 6064 -273 -1377 -63 665 617 569 567 744 END
START -7788 11348 5888 962 -860 2569 666 617 568 568 744 END
START -4904 13288 4164 767 -311 3312 665 617 569 567 744 END
START -4856 13460 2852 44 78 4031 665 617 569 567 744 END
START -3444 14596 2536 830 -1514 3394 665 617 569 567 745 END
START -2768 14760 2316 1232 12 2179 665 617 568 566 745 END
START -2012 15128 2520 537 -81 2177 665 618 568 566 746 END
START -1644 15080 2552 -234 -2424 1520 665 617 568 566 746 END
START -2004 15040 2672 196 -1732 800 665 618 569 566 746 END
START -1784 15252 2672 472 -1840 717 665 618 569 566 746 END
START -1328 15300 2512 853 -1439 1223 665 618 568 566 746 END
START -1484 15684 2584 -71 -2950 1772 665 618 569 566 746 END
START -1352 14848 2648 375 -3471 1758 665 618 569 566 747 END
START -1036 14908 2376 1577 -1671 1081 665 619 569 566 746 END
START -304 15048 2124 1461 -2217 936 665 619 569 566 747 END
START 52 15220 1916 1257 -1115 -118 665 620 569 566 747 END
START 1164 15644 1068 673 644 -332 665 620 569 566 747 END
START 36 15360 964 250 -511 -396 665 620 569 566 747 END
START 48 15120 1224 -296 1595 -648 665 620 569 566 747 END
START 1312 15880 1268 -1425 2331 -1690 665 620 569 566 747 END
START 672 15692 1332 -2248 1353 -2632 665 620 569 566 747 END
START -740 15724 1820 -1375 2119 -2547 665 620 569 566 747 END
START -2792 15820 1940 286 5163 -2531 665 620 569 567 746 END
START -1584 15036 2752 -344 2174 -2326 666 620 570 567 746 END
START -2988 14592 2808 -858 1117 -2504 665 620 570 567 746 END
