START -7936 13540 -2068 -886 -159 -178 714 618 549 520 694 END
START -7676 13720 -2200 -871 -467 -245 713 618 549 520 695 END
START -7372 13976 -2188 -93 -577 -139 714 618 549 520 694 END
START -6996 13932 -2200 225 -344 215 714 618 549 520 694 END
START -6808 14152 -2120 324 25 99 714 618 549 521 694 END
START -7092 14228 -1628 530 431 171 714 618 549 521 695 END
START -7060 14132 -1988 399 -177 -253 714 618 549 521 694 END
START -7232 13976 -2524 359 -597 -315 715 618 550 521 694 END
START -7304 13804 -2708 546 -215 -314 714 618 549 521 696 END
START -7132 14336 -2692 298 -127 -231 714 618 549 521 696 END
START -7288 14040 -2588 -120 -385 -147 714 618 549 521 698 END
START -7048 13932 -2180 -383 -40 -162 713 618 549 520 697 END
START -7100 14088 -2084 -136 -213 -341 713 618 549 521 697 END
START -7160 14080 -2092 -48 -379 -291 713 618 549 521 698 END
START -7056 13724 -2104 142 -77 -249 713 618 549 521 698 END
START -7404 14136 -2264 375 -352 -613 714 618 549 521 698 END
START -7380 13796 -2148 462 -223 -235 713 618 550 521 698 END
START -6940 13832 -2356 266 -376 -306 713 618 549 521 698 END
START -7176 13924 -2328 -100 -209 -629 713 618 549 522 698 END
START -7576 14176 -2248 -44 -50 -724 713 618 549 521 698 END
START -7472 13632 -2140 19 -34 -341 713 618 549 521 698 END
START -7400 13832 -2044 87 -519 -437 712 618 550 521 698 END
START -7484 14060 -2212 226 -531 -388 712 618 550 521 698 END
START -7420 13928 -2508 285 -396 -322 712 618 549 521 698 END
START -7364 13884 -2488 -48 -229 -531 712 618 549 521 698 END
START -7640 13732 -2040 -105 -714 -676 711 618 549 521 698 END
START -7296 13600 -2032 232 -280 -480 711 618 549 521 698 END
START -7492 14064 -2544 147 -487 -478 712 618 549 521 698 END
START -7616 13572 -2408 -479 -330 -411 711 618 549 521 698 END
START -7564 13892 -1652 -452 -314 -721 710 618 550 521 698 END
START -7904 13556 -1712 -122 39 -406 711 618 550 521 699 END
START -7880 13720 -1892 -154 -253 -201 710 618 549 521 699 END
START -7856 13580 -1868 134 25 -142 710 618 549 521 699 END
START -7740 13700 -1660 478 245 -373 711 619 549 521 698 END
START -7756 13940 -1524 548 -318 -108 711 618 549 521 698 END
START -7456 13768 -2116 602 -476 -29 711 618 550 521 699 END
START -7416 13788 -2492 273 -241 -185 713 618 549 521 699 END
START -7504 13808 -2252 -155 -517 -421 716 618 549 521 699 END
START -8156 13632 -1772 -128 -308 -225 714 618 549 521 699 END
START -7664 13732 -1932 99 -20 -163 714 618 549 521 698 END
