START 0 0 0 0 0 0 682 585 540 529 894 END
START 0 0 0 0 0 0 683 586 540 529 894 END
START 0 0 0 0 0 0 683 586 540 529 893 END
START 0 0 0 0 0 0 683 585 541 530 893 END
START 0 0 0 0 0 0 685 586 541 534 893 END
START 0 0 0 0 0 0 684 586 541 536 892 END
START 0 0 0 0 0 0 687 587 542 538 893 END
START 0 0 0 0 0 0 687 587 542 538 893 END
START 0 0 0 0 0 0 688 587 542 539 894 END
START 0 0 0 0 0 0 687 587 541 539 895 END
START 0 0 0 0 0 0 687 588 542 540 895 END
START 0 0 0 0 0 0 685 588 542 540 895 END
START 0 0 0 0 0 0 685 588 542 540 895 END
START 0 0 0 0 0 0 685 588 542 540 894 END
START 0 0 0 0 0 0 684 587 542 539 894 END
START 0 0 0 0 0 0 685 588 542 540 895 END
START 0 0 0 0 0 0 685 589 542 540 894 END
START 0 0 0 0 0 0 686 589 542 539 895 END
START 0 0 0 0 0 0 685 589 542 540 894 END
START 0 0 0 0 0 0 685 589 542 539 893 END
START 0 0 0 0 0 0 685 589 543 540 894 END
START 0 0 0 0 0 0 685 589 542 540 893 END
START 0 0 0 0 0 0 685 589 542 539 894 END
START 0 0 0 0 0 0 684 589 542 539 893 END
START 0 0 0 0 0 0 685 590 543 540 894 END
START 0 0 0 0 0 0 684 590 542 540 893 END
START 0 0 0 0 0 0 685 591 543 540 893 END
START 0 0 0 0 0 0 685 592 544 540 893 END
START 0 0 0 0 0 0 684 593 546 543 893 END
START 0 0 0 0 0 0 683 593 548 545 892 END
START 0 0 0 0 0 0 681 593 549 547 893 END
START 0 0 0 0 0 0 680 594 549 546 894 END
START 0 0 0 0 0 0 680 593 547 546 895 END
START 0 0 0 0 0 0 679 593 546 547 895 END
START 0 0 0 0 0 0 677 592 547 549 894 END
START 0 0 0 0 0 0 675 593 547 551 895 END
START 0 0 0 0 0 0 675 593 546 550 895 END
START 0 0 0 0 0 0 674 593 546 550 895 END
START 0 0 0 0 0 0 673 593 546 549 895 END
START 0 0 0 0 0 0 672 593 546 547 895 END
START 0 0 0 0 0 0 672 593 546 547 895 END
START 0 0 0 0 0 0 671 593 546 546 894 END
START 0 0 0 0 0 0 672 592 546 546 894 END
START 0 0 0 0 0 0 672 593 546 546 894 END
START 0 0 0 0 0 0 671 593 546 546 894 END
START 0 0 0 0 0 0 672 593 547 545 894 END
START 0 0 0 0 0 0 673 593 546 546 893 END
START 0 0 0 0 0 0 673 593 546 545 893 END
START 0 0 0 0 0 0 675 593 546 545 893 END
START 0 0 0 0 0 0 673 592 546 545 893 END
START 0 0 0 0 0 0 672 593 547 545 892 END
START 0 0 0 0 0 0 672 593 547 545 893 END
START 0 0 0 0 0 0 672 593 546 545 893 END
START 0 0 0 0 0 0 672 593 547 545 893 END
START 0 0 0 0 0 0 672 594 547 546 895 END
START 0 0 0 0 0 0 673 595 546 545 895 END
START 0 0 0 0 0 0 672 595 547 545 895 END
START 0 0 0 0 0 0 672 595 547 545 895 END
START 0 0 0 0 0 0 675 595 546 546 893 END
START 0 0 0 0 0 0 675 595 547 545 894 END
START 0 0 0 0 0 0 677 596 546 546 895 END
START 0 0 0 0 0 0 676 595 546 546 895 END
START 0 0 0 0 0 0 676 595 546 545 893 END
START 0 0 0 0 0 0 675 595 546 545 894 END
START 0 0 0 0 0 0 675 595 546 545 893 END
START 0 0 0 0 0 0 675 595 546 546 894 END
START 0 0 0 0 0 0 673 595 546 547 894 END
START 0 0 0 0 0 0 673 594 546 549 894 END
START 0 0 0 0 0 0 673 594 546 549 893 END
START 0 0 0 0 0 0 673 594 546 550 894 END
START 0 0 0 0 0 0 674 595 546 549 893 END
START 0 0 0 0 0 0 672 594 546 548 894 END
START 0 0 0 0 0 0 674 594 546 548 894 END
START 0 0 0 0 0 0 672 594 546 547 893 END
START 0 0 0 0 0 0 673 594 546 547 894 END
START 0 0 0 0 0 0 672 593 546 546 894 END
START 0 0 0 0 0 0 672 591 547 547 894 END
START 0 0 0 0 0 0 672 592 546 547 893 END
START 0 0 0 0 0 0 671 592 548 549 892 END
START 0 0 0 0 0 0 672 592 554 552 893 END
START 0 0 0 0 0 0 671 593 556 552 893 END
START 0 0 0 0 0 0 671 593 557 552 892 END
START 0 0 0 0 0 0 670 593 557 551 892 END
START 0 0 0 0 0 0 670 593 557 551 892 END
START 0 0 0 0 0 0 671 594 557 549 892 END
START 0 0 0 0 0 0 670 595 559 549 891 END
START 0 0 0 0 0 0 670 596 561 548 892 END
START 0 0 0 0 0 0 670 596 563 548 891 END
START 0 0 0 0 0 0 670 599 569 549 892 END
START 0 0 0 0 0 0 670 600 571 549 891 END
START 0 0 0 0 0 0 670 600 573 549 891 END
START 0 0 0 0 0 0 670 600 573 549 891 END
START 0 0 0 0 0 0 670 600 573 549 892 END
START 0 0 0 0 0 0 671 600 572 550 891 END
START 0 0 0 0 0 0 670 599 571 555 891 END
START 0 0 0 0 0 0 669 598 571 558 889 END
START 0 0 0 0 0 0 669 600 571 562 890 END
START 0 0 0 0 0 0 668 600 570 562 889 END
START 0 0 0 0 0 0 669 600 569 562 889 END
START 0 0 0 0 0 0 669 600 569 562 889 END
START 0 0 0 0 0 0 670 600 569 563 889 END
START 0 0 0 0 0 0 669 599 569 564 889 END
START 0 0 0 0 0 0 669 600 568 564 889 END
START 0 0 0 0 0 0 669 599 568 561 889 END
START 0 0 0 0 0 0 669 598 564 557 888 END
START 0 0 0 0 0 0 670 597 563 556 888 END
START 0 0 0 0 0 0 670 597 562 556 889 END
START 0 0 0 0 0 0 669 596 561 556 889 END
START 0 0 0 0 0 0 668 597 561 557 891 END
START 0 0 0 0 0 0 667 599 561 559 892 END
START 0 0 0 0 0 0 664 598 558 558 892 END
START 0 0 0 0 0 0 664 598 558 558 891 END
START 0 0 0 0 0 0 663 598 558 559 891 END
START 0 0 0 0 0 0 663 597 558 559 891 END
START 0 0 0 0 0 0 663 597 557 559 891 END
START 0 0 0 0 0 0 661 598 557 559 891 END
START 0 0 0 0 0 0 660 599 558 557 891 END
START 0 0 0 0 0 0 658 598 558 557 892 END
START 0 0 0 0 0 0 659 598 558 556 891 END
START 0 0 0 0 0 0 658 598 558 556 891 END
START 0 0 0 0 0 0 659 598 557 556 890 END
START 0 0 0 0 0 0 660 598 557 556 889 END
START 0 0 0 0 0 0 661 598 558 557 890 END
START 0 0 0 0 0 0 662 598 557 557 890 END
START 0 0 0 0 0 0 663 598 557 556 888 END
START 0 0 0 0 0 0 663 598 557 556 889 END
START 0 0 0 0 0 0 662 596 557 554 889 END
START 0 0 0 0 0 0 662 596 557 553 889 END
START 0 0 0 0 0 0 663 596 558 553 889 END
START 0 0 0 0 0 0 662 596 558 553 889 END
START 0 0 0 0 0 0 663 596 558 552 889 END
START 0 0 0 0 0 0 661 596 558 551 888 END
START 0 0 0 0 0 0 662 596 557 550 885 END
START 0 0 0 0 0 0 662 596 558 550 889 END
START 0 0 0 0 0 0 662 596 558 550 889 END
START 0 0 0 0 0 0 662 596 558 550 889 END
START 0 0 0 0 0 0 662 596 557 550 888 END
START 0 0 0 0 0 0 661 596 558 550 889 END
START 0 0 0 0 0 0 663 596 557 550 888 END
START 0 0 0 0 0 0 663 595 557 550 889 END
START 0 0 0 0 0 0 663 596 558 550 887 END
START 0 0 0 0 0 0 663 596 558 550 888 END
START 0 0 0 0 0 0 662 596 557 550 887 END
START 0 0 0 0 0 0 664 596 558 550 887 END
START 0 0 0 0 0 0 663 595 557 550 888 END
START 0 0 0 0 0 0 664 596 557 550 888 END
START 0 0 0 0 0 0 663 596 558 550 888 END
START 0 0 0 0 0 0 664 595 557 550 888 END
START 0 0 0 0 0 0 664 596 558 550 888 END
START 0 0 0 0 0 0 663 595 557 550 887 END
START 0 0 0 0 0 0 665 595 557 550 887 END
START 0 0 0 0 0 0 664 595 557 550 887 END
START 0 0 0 0 0 0 664 595 558 550 887 END
START 0 0 0 0 0 0 664 595 557 550 887 END
START 0 0 0 0 0 0 665 596 557 550 887 END
START 0 0 0 0 0 0 665 595 557 550 887 END
START 0 0 0 0 0 0 666 595 557 550 888 END
START 0 0 0 0 0 0 666 595 558 550 888 END
START 0 0 0 0 0 0 666 595 557 549 887 END
START 0 0 0 0 0 0 665 595 557 550 887 END
START 0 0 0 0 0 0 666 595 557 550 887 END
START 0 0 0 0 0 0 665 595 557 550 887 END
START 0 0 0 0 0 0 665 595 557 550 887 END
START 0 0 0 0 0 0 665 595 557 550 887 END
START 0 0 0 0 0 0 666 595 557 550 887 END
START 0 0 0 0 0 0 665 595 557 550 886 END
START 0 0 0 0 0 0 665 595 557 550 887 END
START 0 0 0 0 0 0 666 595 557 550 887 END
START 0 0 0 0 0 0 665 595 556 550 886 END
START 0 0 0 0 0 0 665 596 557 551 887 END
START 0 0 0 0 0 0 666 595 556 551 887 END
START 0 0 0 0 0 0 666 596 556 550 887 END
START 0 0 0 0 0 0 665 595 557 551 887 END
START 0 0 0 0 0 0 665 595 557 551 887 END
START 0 0 0 0 0 0 666 596 557 551 886 END
START 0 0 0 0 0 0 667 596 557 550 886 END
START 0 0 0 0 0 0 666 596 556 550 887 END
START 0 0 0 0 0 0 665 596 556 551 887 END
START 0 0 0 0 0 0 666 596 556 551 887 END
START 0 0 0 0 0 0 666 596 557 552 887 END
START 0 0 0 0 0 0 666 596 556 551 887 END
START 0 0 0 0 0 0 667 596 557 552 886 END
START 0 0 0 0 0 0 665 596 557 552 887 END
START 0 0 0 0 0 0 665 595 556 552 886 END
START 0 0 0 0 0 0 667 596 557 552 887 END
START 0 0 0 0 0 0 665 596 557 552 884 END
START 0 0 0 0 0 0 666 596 556 551 886 END
START 0 0 0 0 0 0 666 596 557 551 886 END
START 0 0 0 0 0 0 667 596 557 552 887 END
START 0 0 0 0 0 0 666 596 557 552 887 END
START 0 0 0 0 0 0 666 597 557 551 886 END
START 0 0 0 0 0 0 666 597 557 552 886 END
START 0 0 0 0 0 0 666 597 557 552 887 END
START 0 0 0 0 0 0 666 597 557 552 887 END
START 0 0 0 0 0 0 665 596 556 552 886 END
START 0 0 0 0 0 0 666 597 557 552 886 END
START 0 0 0 0 0 0 666 596 556 552 886 END
START 0 0 0 0 0 0 667 596 557 552 886 END
START 0 0 0 0 0 0 666 596 557 552 886 END
START 0 0 0 0 0 0 666 596 557 552 885 END
START 0 0 0 0 0 0 667 596 557 552 887 END
START 0 0 0 0 0 0 666 597 557 552 886 END
START 0 0 0 0 0 0 667 597 557 552 886 END
START 0 0 0 0 0 0 666 596 556 552 886 END
START 0 0 0 0 0 0 666 596 557 552 886 END
START 0 0 0 0 0 0 666 596 557 552 887 END
START 0 0 0 0 0 0 666 597 557 552 886 END
START 0 0 0 0 0 0 667 597 557 552 886 END
START 0 0 0 0 0 0 667 596 557 552 886 END
START 0 0 0 0 0 0 666 596 556 552 887 END
START 0 0 0 0 0 0 666 596 556 552 885 END
START 0 0 0 0 0 0 668 596 557 552 886 END
START 0 0 0 0 0 0 667 597 557 553 885 END
START 0 0 0 0 0 0 667 597 557 553 885 END
START 0 0 0 0 0 0 668 596 557 553 886 END
START 0 0 0 0 0 0 668 596 556 553 885 END
START 0 0 0 0 0 0 667 596 556 553 885 END
START 0 0 0 0 0 0 666 596 556 552 885 END
START 0 0 0 0 0 0 666 596 557 553 886 END
START 0 0 0 0 0 0 667 597 557 553 886 END
START 0 0 0 0 0 0 667 597 556 553 885 END
START 0 0 0 0 0 0 667 596 556 553 886 END
START 0 0 0 0 0 0 668 597 556 553 885 END
START 0 0 0 0 0 0 669 597 557 553 885 END
START 0 0 0 0 0 0 670 597 556 552 885 END
START 0 0 0 0 0 0 670 597 555 552 886 END
START 0 0 0 0 0 0 671 597 555 552 886 END
START 0 0 0 0 0 0 670 597 556 552 886 END
START 0 0 0 0 0 0 671 596 555 552 885 END
START 0 0 0 0 0 0 671 597 555 552 886 END
START 0 0 0 0 0 0 670 597 556 552 884 END
START 0 0 0 0 0 0 671 596 555 552 887 END
START 0 0 0 0 0 0 670 597 555 552 886 END
START 0 0 0 0 0 0 671 597 556 552 886 END
START 0 0 0 0 0 0 671 596 556 552 886 END
START 0 0 0 0 0 0 670 596 555 552 885 END
START 0 0 0 0 0 0 670 596 555 552 885 END
START 0 0 0 0 0 0 670 596 555 552 885 END
START 0 0 0 0 0 0 671 597 556 553 887 END
START 0 0 0 0 0 0 670 596 555 553 886 END
START 0 0 0 0 0 0 671 597 556 553 885 END
START 0 0 0 0 0 0 671 597 556 553 886 END
START 0 0 0 0 0 0 672 597 555 553 886 END
START 0 0 0 0 0 0 671 597 555 555 886 END
START 0 0 0 0 0 0 671 596 555 555 885 END
START 0 0 0 0 0 0 670 596 555 557 885 END
START 0 0 0 0 0 0 670 597 555 559 886 END
START 0 0 0 0 0 0 671 598 556 562 885 END
START 0 0 0 0 0 0 671 597 556 563 886 END
START 0 0 0 0 0 0 671 598 555 563 885 END
START 0 0 0 0 0 0 670 598 555 563 885 END
START 0 0 0 0 0 0 671 598 555 563 887 END
START 0 0 0 0 0 0 670 598 555 562 887 END
START 0 0 0 0 0 0 670 598 555 561 885 END
START 0 0 0 0 0 0 670 598 555 560 885 END
START 0 0 0 0 0 0 669 599 555 559 885 END
START 0 0 0 0 0 0 669 599 555 557 885 END
START 0 0 0 0 0 0 669 599 555 556 885 END
START 0 0 0 0 0 0 669 599 555 556 886 END
START 0 0 0 0 0 0 670 599 555 556 885 END
START 0 0 0 0 0 0 670 599 556 556 884 END
START 0 0 0 0 0 0 671 599 555 556 884 END
START 0 0 0 0 0 0 671 599 555 556 885 END
START 0 0 0 0 0 0 671 600 556 556 885 END
START 0 0 0 0 0 0 671 599 555 556 885 END
START 0 0 0 0 0 0 670 600 555 556 885 END
START 0 0 0 0 0 0 671 600 555 556 885 END
START 0 0 0 0 0 0 671 600 555 556 885 END
START 0 0 0 0 0 0 670 600 555 556 885 END
START 0 0 0 0 0 0 670 599 555 556 885 END
START 0 0 0 0 0 0 671 600 555 556 885 END
START 0 0 0 0 0 0 671 599 555 556 885 END
START 0 0 0 0 0 0 671 599 555 556 885 END
START 0 0 0 0 0 0 670 599 555 556 885 END
START 0 0 0 0 0 0 671 599 555 556 884 END
START 0 0 0 0 0 0 672 600 555 556 884 END
START 0 0 0 0 0 0 671 600 555 556 884 END
START 0 0 0 0 0 0 671 599 555 556 884 END
START 0 0 0 0 0 0 672 600 555 556 885 END
START 0 0 0 0 0 0 671 600 555 556 884 END
START 0 0 0 0 0 0 671 600 555 556 885 END
START 0 0 0 0 0 0 670 599 555 556 885 END
START 0 0 0 0 0 0 671 599 555 556 885 END
START 0 0 0 0 0 0 670 599 555 556 885 END
START 0 0 0 0 0 0 671 600 555 556 886 END
START 0 0 0 0 0 0 671 600 555 556 885 END
START 0 0 0 0 0 0 671 599 555 555 885 END
START 0 0 0 0 0 0 671 600 555 556 884 END
START 0 0 0 0 0 0 671 599 555 556 884 END
START 0 0 0 0 0 0 671 600 555 556 884 END
START 0 0 0 0 0 0 670 600 555 556 885 END
START 0 0 0 0 0 0 671 600 555 556 885 END
START 0 0 0 0 0 0 671 600 555 556 884 END
START 0 0 0 0 0 0 672 600 555 556 884 END
START 0 0 0 0 0 0 671 600 555 555 884 END
START 0 0 0 0 0 0 672 600 555 556 885 END
START 0 0 0 0 0 0 670 600 555 556 884 END
START 0 0 0 0 0 0 671 601 555 556 885 END
START 0 0 0 0 0 0 672 601 555 556 885 END
START 0 0 0 0 0 0 671 600 555 556 885 END
START 0 0 0 0 0 0 671 600 555 555 885 END
START 0 0 0 0 0 0 671 600 555 556 884 END
START 0 0 0 0 0 0 671 600 555 556 884 END
START 0 0 0 0 0 0 672 600 555 555 884 END
START 0 0 0 0 0 0 672 600 555 555 884 END
START 0 0 0 0 0 0 671 600 555 555 884 END
START 0 0 0 0 0 0 671 600 555 555 884 END
START 0 0 0 0 0 0 672 600 555 556 885 END
START 0 0 0 0 0 0 671 600 555 555 884 END
START 0 0 0 0 0 0 671 600 555 555 884 END
START 0 0 0 0 0 0 672 601 555 555 884 END
START 0 0 0 0 0 0 671 600 555 555 884 END
START 0 0 0 0 0 0 671 600 555 555 884 END
START 0 0 0 0 0 0 670 600 555 555 884 END
START 0 0 0 0 0 0 671 601 555 556 884 END
START 0 0 0 0 0 0 671 601 555 555 883 END
START 0 0 0 0 0 0 672 601 555 555 885 END
START 0 0 0 0 0 0 671 601 555 555 885 END
START 0 0 0 0 0 0 671 601 555 555 884 END
START 0 0 0 0 0 0 671 601 555 555 884 END
START 0 0 0 0 0 0 672 601 555 555 884 END
START 0 0 0 0 0 0 671 601 555 555 886 END
START 0 0 0 0 0 0 671 601 555 555 883 END
START 0 0 0 0 0 0 671 602 555 556 884 END
START 0 0 0 0 0 0 671 602 555 556 883 END
START 0 0 0 0 0 0 671 602 556 556 884 END
START 0 0 0 0 0 0 672 602 556 556 884 END
START 0 0 0 0 0 0 671 602 556 556 884 END
START 0 0 0 0 0 0 671 602 555 556 884 END
START 0 0 0 0 0 0 671 602 556 557 884 END
START 0 0 0 0 0 0 671 602 555 556 884 END
START 0 0 0 0 0 0 671 602 556 557 883 END
START 0 0 0 0 0 0 671 602 556 556 884 END
START 0 0 0 0 0 0 671 602 555 556 884 END
START 0 0 0 0 0 0 671 602 556 556 883 END
START 0 0 0 0 0 0 670 602 555 556 884 END
START 0 0 0 0 0 0 671 602 556 557 884 END
START 0 0 0 0 0 0 672 602 556 556 884 END
START 0 0 0 0 0 0 671 602 556 556 883 END
START 0 0 0 0 0 0 672 602 556 556 884 END
START 0 0 0 0 0 0 671 601 556 556 884 END
START 0 0 0 0 0 0 671 601 556 556 883 END
START 0 0 0 0 0 0 672 601 556 556 883 END
START 0 0 0 0 0 0 671 602 556 556 884 END
START 0 0 0 0 0 0 671 602 556 556 884 END
START 0 0 0 0 0 0 670 601 556 556 883 END
START 0 0 0 0 0 0 672 602 556 557 884 END
START 0 0 0 0 0 0 672 602 556 556 883 END
START 0 0 0 0 0 0 671 602 556 556 883 END
START 0 0 0 0 0 0 672 602 556 556 883 END
START 0 0 0 0 0 0 671 601 555 556 884 END
START 0 0 0 0 0 0 671 602 556 556 883 END
START 0 0 0 0 0 0 671 601 556 556 883 END
START 0 0 0 0 0 0 671 601 556 556 883 END
START 0 0 0 0 0 0 671 602 556 556 883 END
START 0 0 0 0 0 0 671 602 556 556 884 END
START 0 0 0 0 0 0 672 602 556 556 883 END
START 0 0 0 0 0 0 671 602 556 556 883 END
START 0 0 0 0 0 0 671 602 555 556 883 END
START 0 0 0 0 0 0 671 601 556 556 883 END
START 0 0 0 0 0 0 671 602 556 556 884 END
START 0 0 0 0 0 0 670 602 556 556 883 END
START 0 0 0 0 0 0 672 602 556 556 883 END
START 0 0 0 0 0 0 671 602 556 556 883 END
START 0 0 0 0 0 0 671 601 555 556 883 END
START 0 0 0 0 0 0 671 602 555 556 883 END
START 0 0 0 0 0 0 670 601 555 556 883 END
START 0 0 0 0 0 0 671 601 555 556 883 END
START 0 0 0 0 0 0 671 601 555 556 883 END
START 0 0 0 0 0 0 671 601 556 556 883 END
START 0 0 0 0 0 0 671 602 555 556 882 END
START 0 0 0 0 0 0 670 601 556 556 883 END
START 0 0 0 0 0 0 670 601 555 557 883 END
START 0 0 0 0 0 0 670 601 555 556 883 END
START 0 0 0 0 0 0 670 601 555 556 883 END
START 0 0 0 0 0 0 670 601 555 556 882 END
START 0 0 0 0 0 0 670 601 555 556 883 END
START 0 0 0 0 0 0 670 601 555 556 882 END
START 0 0 0 0 0 0 671 601 556 556 883 END
START 0 0 0 0 0 0 670 601 555 556 882 END
START 0 0 0 0 0 0 670 601 555 556 883 END
START 0 0 0 0 0 0 670 601 555 556 882 END
START 0 0 0 0 0 0 670 602 556 556 882 END
START 0 0 0 0 0 0 670 601 556 556 883 END
START 0 0 0 0 0 0 670 601 555 556 883 END
START 0 0 0 0 0 0 670 601 556 556 883 END
START 0 0 0 0 0 0 669 601 556 556 883 END
START 0 0 0 0 0 0 669 601 556 556 882 END
START 0 0 0 0 0 0 669 601 557 556 882 END
START 0 0 0 0 0 0 669 602 560 556 882 END
START 0 0 0 0 0 0 670 604 564 556 884 END
START 0 0 0 0 0 0 670 605 570 554 883 END
START 0 0 0 0 0 0 669 605 570 552 883 END
START 0 0 0 0 0 0 669 604 570 551 882 END
START 0 0 0 0 0 0 669 604 569 551 882 END
START 0 0 0 0 0 0 668 604 568 551 882 END
START 0 0 0 0 0 0 668 604 567 551 882 END
START 0 0 0 0 0 0 669 605 567 551 882 END
START 0 0 0 0 0 0 669 605 567 551 881 END
START 0 0 0 0 0 0 670 605 567 551 882 END
