START -6596 10192 328 -52 -14706 3308 715 630 591 576 768 END
START -10392 14328 -1332 -548 -13575 3091 712 629 590 573 764 END
START -6712 13580 -1276 -92 -13095 3408 704 624 586 564 740 END
START -6024 13784 328 -319 -6059 3662 701 622 582 560 728 END
START -4336 13880 788 -172 -3862 1923 698 621 579 558 725 END
START -5056 13900 912 -11 -1693 -546 697 619 577 557 724 END
START -6508 14188 772 194 -612 -822 696 620 576 557 722 END
START -6200 14108 644 462 762 -190 695 619 576 556 724 END
START -4068 13396 472 1360 7110 179 694 622 576 557 734 END
START -7932 14256 -2260 1710 13024 792 643 647 611 594 782 END
START -8004 14372 -1512 2688 8240 673 570 718 700 678 836 END
START -6580 13972 -1968 4445 598 1629 548 768 741 723 879 END
START -6044 14572 -2684 897 -5384 62 548 806 766 755 908 END
START -4768 16500 -1480 -3090 1279 -3969 547 820 786 771 921 END
START -7908 14508 -2904 424 -2125 -1323 544 820 784 769 918 END
START -6472 14384 -1804 -481 69 -638 544 818 782 766 916 END
START -6788 14152 -1584 28 -677 -534 544 817 781 764 915 END
START -6492 14092 -1684 88 -376 -642 543 816 780 763 913 END
START -7080 14160 -2104 264 -442 -448 543 815 778 762 912 END
START -6844 14092 -2000 384 -443 -435 544 814 777 761 912 END
START -6372 13460 -2228 1084 -199 -286 546 812 774 759 910 END
START -7796 15044 -1404 -588 3143 -1713 548 804 765 757 906 END
START -6604 13796 -2208 -1000 -365 -1972 547 769 733 723 885 END
START -7992 14536 -2380 -1131 -2209 -1269 551 686 644 639 810 END
START -8176 13592 -1368 -941 -2454 -1936 599 637 584 565 732 END
START -7820 13892 -1196 -1430 -6556 -1609 690 616 569 538 680 END
START -7580 13396 256 20 -7553 -66 697 607 564 531 665 END
START -6164 13272 -104 330 -3542 160 693 602 559 528 658 END
START -7180 13728 8 25 -96 -56 689 600 558 528 657 END
START -6996 13672 324 301 283 -63 687 599 557 528 658 END
START -6756 13528 120 312 93 -164 687 599 558 528 657 END
START -7400 13840 -132 232 636 -266 686 600 558 529 658 END
START -7176 13704 72 160 575 -66 685 600 558 530 658 END
START -6736 13796 -8 548 2373 447 685 602 559 531 660 END
START -7192 13296 -556 1316 6431 1153 672 609 563 541 684 END
START -6764 13988 -1072 1363 7054 646 607 648 603 587 775 END
START -8192 14116 -1800 1462 4878 1009 570 698 657 650 829 END
START -6612 13356 -1920 3917 2994 996 562 749 703 692 868 END
START -7144 13732 -3804 301 -558 579 561 794 747 735 907 END
START -6964 14616 -1448 -646 1296 -2007 555 818 777 761 924 END
START -7700 13772 -2252 374 -3314 -401 548 818 779 762 922 END
START -7004 14096 -2956 -383 -359 -817 548 817 778 760 921 END
START -7188 14124 -1760 -141 -1516 -240 547 816 777 759 920 END
START -7416 14064 -1832 441 -383 -169 547 814 776 757 917 END
START -6892 14080 -2208 482 -698 -499 547 813 775 756 917 END
START -7880 14436 -1876 405 -576 -524 549 811 772 755 915 END
START -8312 14376 -2028 -245 1376 -937 552 803 762 751 910 END
START -6392 14012 -2780 -1365 -1596 -1343 551 768 727 716 883 END
START -7932 13756 -2468 -1467 -3897 -1118 549 681 637 629 807 END
START -8036 14720 -1212 -1744 -5472 -1176 615 626 576 553 700 END
START -7776 13300 -1232 -1046 -5486 -990 697 614 572 538 651 END
START -7796 13720 224 344 -2828 -86 700 608 568 535 647 END
START -7248 13564 -68 385 -1240 -46 695 606 566 535 648 END
START -8056 13760 32 315 80 -94 692 605 566 535 650 END
START -7160 13520 0 346 62 -70 690 604 565 535 652 END
START -7224 13704 -296 150 -344 -226 690 604 564 535 653 END
START -7264 13576 -184 258 672 -212 689 604 564 535 655 END
START -6928 13628 -644 405 1045 272 689 605 565 535 657 END
START -7188 13788 -264 909 3989 939 684 607 566 536 663 END
START -6468 13848 -1124 1187 7562 1070 644 621 579 561 726 END
START -8588 14312 380 1289 6841 -998 591 668 629 604 799 END
START -6696 14248 -3156 0 4656 -895 550 713 686 643 816 END
START -7884 14300 -3460 690 -572 826 538 751 736 699 857 END
START -8436 15668 -1792 377 -333 1645 544 785 742 726 894 END
START -6652 13900 -1480 -109 -3624 -100 543 817 773 758 914 END
START -7268 13464 -2516 166 -2997 -577 541 819 780 764 919 END
START -7412 14308 -1800 2 324 -419 540 819 779 763 917 END
START -7212 13976 -1804 41 -655 -144 540 818 778 762 917 END
START -7064 13768 -1980 -28 -396 -552 540 816 776 761 916 END
START -7044 13928 -1844 497 -470 -43 540 815 775 759 915 END
START -7220 14360 -1552 265 -610 -355 541 814 774 757 914 END
START -6764 13652 -1936 771 -58 30 542 813 772 756 913 END
START -8248 14960 -680 525 1503 -198 545 810 768 755 910 END
START -5832 13776 -2944 -341 -1312 -1531 555 778 739 727 890 END
START -7300 14088 -2112 -1286 -1266 -1117 556 684 640 636 817 END
START -7212 14280 -1580 -1375 -5093 -1754 627 626 575 555 711 END
START -7580 14088 -1244 -791 -5812 -718 699 611 569 533 655 END
START -7644 13484 -20 255 -2408 -126 707 603 563 526 644 END
START -6868 13560 -736 343 -380 -38 700 600 559 524 641 END
START -7568 13772 120 -61 559 318 697 598 557 524 641 END
START -6796 13644 -400 72 -241 -137 695 599 557 524 641 END
START -7392 13704 -356 89 -554 -272 695 599 558 526 642 END
START -7476 13796 -264 151 -153 -87 693 599 559 527 644 END
START -7144 13608 -620 65 -495 38 692 600 559 528 646 END
START -7612 13428 -240 586 2024 657 681 602 562 533 650 END
START -6832 14168 -1192 737 3786 670 625 611 574 558 691 END
START -6892 13884 -420 760 4181 -535 578 676 644 631 793 END
START -7648 14200 -2496 -72 3969 -138 558 735 722 709 851 END
START -6552 13572 -1224 2170 -2187 2892 557 774 737 733 891 END
START -7468 14104 -1928 218 1167 -302 552 816 768 762 914 END
START -6820 12964 -2984 -463 -1032 -1351 546 820 777 767 912 END
START -7696 14172 -1928 -41 -188 -426 544 819 777 766 910 END
START -7200 14028 -1720 168 -170 101 543 817 774 765 910 END
START -6824 13988 -1552 393 -856 -112 543 815 773 763 908 END
START -7220 13936 -1864 390 -826 -500 544 815 769 763 907 END
START -7372 13992 -1960 311 -674 -175 544 813 769 761 905 END
START -7168 14088 -1524 459 177 65 545 811 768 760 904 END
START -7412 13948 -1552 -1129 448 -2197 545 797 754 752 895 END
START -6648 14128 -2912 -1599 -4899 -1510 550 733 694 699 848 END
START -9124 13252 -1636 -989 -3135 -2079 585 646 596 578 748 END
START -7172 12444 -608 -1018 -4524 -683 659 620 583 551 670 END
START -8168 13572 904 368 -3041 49 701 609 575 540 650 END
START -6844 13616 -768 509 -1170 -36 698 605 567 536 648 END
START -8536 13724 -176 385 127 -237 694 603 565 535 649 END
START -7536 13556 -432 135 285 17 692 602 564 534 650 END
START -7136 13448 -156 -27 -90 -107 691 602 563 534 651 END
START -7624 13672 -228 246 -83 -297 690 602 563 535 652 END
START -7168 13452 -380 174 243 -209 689 603 563 534 653 END
START -7160 13260 80 558 1250 458 684 606 563 534 657 END
START -6972 13688 -600 1014 3830 562 648 612 569 545 690 END
START -7452 13892 -700 791 2820 511 594 661 619 599 786 END
START -7536 13712 -2636 -261 3519 304 561 703 667 659 836 END
START -7840 14464 -400 1388 3416 1292 553 747 700 693 865 END
START -5868 12720 -2484 -1019 -2010 -591 545 794 743 734 901 END
START -8392 14480 -652 -220 230 -1080 541 817 774 761 916 END
START -6152 13332 -1828 -154 -1375 -1152 538 818 778 764 916 END
START -8028 13900 -1296 383 -1027 150 538 816 775 762 914 END
START -7464 13828 -1012 103 -881 -98 537 815 774 760 915 END
START -7640 13908 -1048 440 -120 -171 537 815 773 759 913 END
START -7208 13576 -1656 46 -485 -698 538 813 772 758 912 END
START -7572 13812 -1832 290 -498 -245 538 813 771 757 911 END
START -7424 13248 -1416 1203 -983 291 540 812 768 757 910 END
START -8364 13752 -1584 -927 966 -2188 547 798 753 746 901 END
START -7300 13600 -2212 -609 -1095 -1848 556 742 699 690 854 END
START -7612 13696 -932 -1478 -7557 -2063 606 646 592 578 754 END
START -7028 12484 204 -900 -4811 -135 678 617 575 543 663 END
START -8200 13276 1048 504 -2750 354 701 606 569 535 646 END
START -6832 13400 -144 806 -687 177 696 601 563 531 642 END
START -8400 13544 -72 604 297 -30 692 600 561 530 642 END
START -7500 13460 -484 136 -36 17 691 599 561 531 642 END
START -7892 13624 -20 14 198 -254 689 600 561 531 644 END
START -7412 13372 8 41 -199 -396 689 600 561 531 645 END
START -7772 13436 104 230 -77 -73 688 601 562 532 647 END
START -7724 13456 216 147 -514 -62 687 608 567 537 658 END
START -5820 12840 -124 450 1345 -73 677 636 587 571 719 END
START -8416 14140 -1496 871 6051 68 608 667 639 629 805 END
START -7944 13228 -1316 305 1358 1297 552 732 713 695 849 END
START -8796 14516 -1136 82 1516 2497 552 777 739 728 890 END
START -6924 13832 -560 873 258 211 542 806 768 757 909 END
START -6916 13276 -2548 -949 1594 -2171 537 814 778 766 914 END
START -8412 14096 -1316 646 -958 -484 535 813 778 765 913 END
START -7320 13592 -1464 593 -833 45 534 812 775 763 912 END
START -7292 13820 -1152 23 -569 -308 534 811 774 761 911 END
START -7536 13932 -900 426 -573 -219 534 810 772 760 909 END
START -7516 13856 -1280 201 -480 -625 534 809 771 759 910 END
START -7576 13688 -1304 373 -437 -109 535 808 770 759 909 END
START -7112 13672 -1464 112 -172 -563 536 806 769 757 908 END
START -7732 13856 -604 897 -384 331 540 804 767 757 907 END
START -7776 13536 -1372 -366 -19 -1335 543 789 753 746 898 END
START -7116 13876 -1984 -689 -2787 -1275 550 737 702 696 855 END
START -8728 14308 -1164 -1122 -1480 -1065 573 655 606 598 781 END
START -6372 13924 740 -1151 -4705 -815 639 617 575 544 686 END
START -6628 13072 1352 -109 -3070 -510 700 607 568 529 655 END
START -7896 13320 -384 275 -1292 -456 702 600 564 526 643 END
START -8112 13524 256 531 593 -110 696 597 563 526 640 END
START -7916 13444 -100 278 366 137 692 596 562 527 640 END
START -7524 13460 124 153 53 12 691 596 562 527 640 END
START -7428 13584 148 110 -177 -250 690 597 562 528 641 END
START -7560 13464 124 98 190 -191 689 597 562 529 642 END
START -7244 13472 136 187 353 -22 689 598 562 530 643 END
START -7464 13452 192 340 1302 461 689 601 564 530 646 END
START -7172 13380 -920 1091 4351 548 672 619 572 550 675 END
START -7364 14124 -1008 852 1009 1131 611 670 622 609 774 END
START -6072 13368 -648 418 2263 -1462 688 700 674 673 838 END
START -10136 14932 -152 -166 3951 -56 733 729 708 699 859 END
START -8572 15152 -2440 -1361 -5173 -1137 597 721 699 697 861 END
START -6604 14676 -1736 -891 735 953 569 747 714 718 889 END
START -6924 13528 1436 430 -534 63 549 788 747 745 909 END
START -7284 12976 -2020 215 -2376 -463 539 806 770 761 917 END
START -7796 13504 -828 -230 -680 -808 535 812 777 764 920 END
START -7652 13600 -912 293 -281 -551 533 811 776 762 918 END
START -6756 13020 -1832 587 -1040 -73 533 810 773 761 917 END
START -7372 13308 -828 -333 -590 -269 533 809 772 761 916 END
START -7640 13620 -580 320 -199 -155 533 808 771 759 915 END
START -7108 13484 -1016 215 -259 -339 534 806 770 759 913 END
START -7564 13640 -1088 219 -211 -374 534 805 770 759 913 END
START -7288 13388 -784 915 184 246 535 803 768 758 913 END
START -8784 14624 152 464 2123 -232 535 794 758 753 909 END
START -7084 14096 -1684 -90 -1321 -1312 541 754 717 716 876 END
START -8632 13388 -1808 -668 987 -1285 583 656 597 598 787 END
START -8600 14076 -1912 -757 -3325 -1005 647 612 562 537 672 END
START -5756 13424 -776 -119 -1285 -542 695 606 564 531 649 END
START -8188 13696 -448 263 -2525 111 705 599 560 529 643 END
START -7268 13360 -600 346 175 41 702 596 557 527 642 END
START -7740 13568 -352 216 198 248 698 595 556 527 642 END
START -7468 13596 -448 219 100 -73 697 595 556 527 643 END
START -7548 13532 -664 229 -124 9 695 596 557 528 644 END
START -7600 13644 -408 281 -121 -73 694 596 557 529 645 END
START -7240 13532 -844 22 -593 -453 693 597 558 530 647 END
START -7824 13604 -536 133 -99 -137 693 599 560 532 650 END
START -6936 13100 -416 598 846 125 687 606 569 543 664 END
START -7592 14256 -1680 1313 5565 406 641 632 603 585 768 END
START -7028 13784 -720 281 581 -315 572 682 665 649 828 END
START -7496 13384 -1884 563 525 1189 534 733 716 704 862 END
START -6848 13912 -2452 -1109 -2834 146 531 772 734 732 892 END
START -8228 14016 316 604 -300 -30 529 805 768 760 912 END
START -7052 14104 -1324 -758 -1341 -1946 529 813 778 767 916 END
START -7904 13984 -1284 714 -1377 -419 529 812 777 765 911 END
START -7540 13872 -1160 78 -523 -92 530 810 774 763 909 END
START -7672 13872 -504 69 -358 -246 530 809 773 762 908 END