START 0 0 0 0 0 0 583 689 750 746 882 END
START 0 0 0 0 0 0 583 689 750 746 882 END
START 0 0 0 0 0 0 582 689 750 745 882 END
START 0 0 0 0 0 0 583 690 751 746 882 END
START 0 0 0 0 0 0 582 689 750 746 883 END
START 0 0 0 0 0 0 582 689 750 745 883 END
START 0 0 0 0 0 0 582 688 750 746 882 END
START 0 0 0 0 0 0 583 687 750 746 882 END
START 0 0 0 0 0 0 584 687 751 746 882 END
START 0 0 0 0 0 0 583 688 751 746 882 END
START 0 0 0 0 0 0 583 687 751 747 882 END
START 0 0 0 0 0 0 583 687 751 747 883 END
START 0 0 0 0 0 0 584 687 751 747 882 END
START 0 0 0 0 0 0 583 687 751 747 883 END
START 0 0 0 0 0 0 583 687 750 746 883 END
START 0 0 0 0 0 0 583 687 751 747 883 END
START 0 0 0 0 0 0 583 687 751 746 883 END
START 0 0 0 0 0 0 583 687 751 747 883 END
START 0 0 0 0 0 0 584 687 751 746 883 END
START 0 0 0 0 0 0 582 690 751 747 883 END
START 0 0 0 0 0 0 582 689 751 747 883 END
START 0 0 0 0 0 0 583 688 751 747 883 END
START 0 0 0 0 0 0 583 688 751 747 882 END
START 0 0 0 0 0 0 583 689 751 746 883 END
START 0 0 0 0 0 0 583 691 750 746 882 END
START 0 0 0 0 0 0 582 690 750 746 882 END
START 0 0 0 0 0 0 582 690 750 747 882 END
START 0 0 0 0 0 0 583 690 750 746 882 END
START 0 0 0 0 0 0 583 690 750 746 882 END
START 0 0 0 0 0 0 583 690 751 747 883 END
START 0 0 0 0 0 0 582 689 751 747 882 END
START 0 0 0 0 0 0 583 689 751 747 883 END
START 0 0 0 0 0 0 582 688 750 746 882 END
START 0 0 0 0 0 0 583 689 751 747 882 END
START 0 0 0 0 0 0 583 689 750 746 882 END
START 0 0 0 0 0 0 583 689 751 747 883 END
START 0 0 0 0 0 0 582 688 750 745 881 END
START 0 0 0 0 0 0 582 688 750 747 882 END
START 0 0 0 0 0 0 582 689 751 746 881 END
START 0 0 0 0 0 0 582 688 750 746 882 END
START 0 0 0 0 0 0 581 688 750 746 882 END
START 0 0 0 0 0 0 582 688 750 746 883 END
START 0 0 0 0 0 0 582 688 749 745 883 END
START 0 0 0 0 0 0 582 688 750 745 881 END
START 0 0 0 0 0 0 582 688 750 746 882 END
START 0 0 0 0 0 0 582 689 751 746 882 END
START 0 0 0 0 0 0 582 689 750 746 883 END
START 0 0 0 0 0 0 582 688 750 746 882 END
START 0 0 0 0 0 0 582 688 750 746 881 END
START 0 0 0 0 0 0 582 688 749 746 882 END
START 0 0 0 0 0 0 582 688 749 746 883 END
START 0 0 0 0 0 0 581 688 749 745 882 END
START 0 0 0 0 0 0 581 688 749 746 881 END
START 0 0 0 0 0 0 582 688 750 746 882 END
START 0 0 0 0 0 0 581 688 749 745 881 END
START 0 0 0 0 0 0 582 688 750 746 881 END
START 0 0 0 0 0 0 582 688 750 746 883 END
START 0 0 0 0 0 0 581 688 749 746 882 END
START 0 0 0 0 0 0 581 688 749 746 882 END
START 0 0 0 0 0 0 582 689 750 746 881 END
START 0 0 0 0 0 0 582 689 750 746 882 END
START 0 0 0 0 0 0 581 688 749 745 882 END
START 0 0 0 0 0 0 582 688 750 745 882 END
START 0 0 0 0 0 0 582 688 749 744 881 END
START 0 0 0 0 0 0 582 688 749 745 881 END
START 0 0 0 0 0 0 581 689 749 745 882 END
START 0 0 0 0 0 0 581 688 749 745 882 END
START 0 0 0 0 0 0 581 688 750 746 882 END
START 0 0 0 0 0 0 582 689 750 745 881 END
START 0 0 0 0 0 0 581 688 749 745 881 END
START 0 0 0 0 0 0 581 688 749 745 881 END
START 0 0 0 0 0 0 582 688 749 745 881 END
START 0 0 0 0 0 0 581 688 749 746 882 END
START 0 0 0 0 0 0 582 688 749 745 881 END
START 0 0 0 0 0 0 581 688 749 746 882 END
START 0 0 0 0 0 0 581 688 748 745 882 END
START 0 0 0 0 0 0 582 688 750 745 881 END
START 0 0 0 0 0 0 582 688 749 745 881 END
START 0 0 0 0 0 0 581 688 749 745 881 END
START 0 0 0 0 0 0 581 688 749 745 881 END
START 0 0 0 0 0 0 582 688 749 745 881 END
START 0 0 0 0 0 0 581 688 749 744 882 END
START 0 0 0 0 0 0 581 688 749 746 882 END
START 0 0 0 0 0 0 581 688 749 744 881 END
START 0 0 0 0 0 0 581 688 749 746 881 END
START 0 0 0 0 0 0 581 687 749 745 881 END
START 0 0 0 0 0 0 582 689 749 746 882 END
START 0 0 0 0 0 0 582 688 749 745 881 END
START 0 0 0 0 0 0 581 688 749 745 880 END
START 0 0 0 0 0 0 582 688 750 746 882 END
START 0 0 0 0 0 0 582 688 749 745 882 END
START 0 0 0 0 0 0 582 688 749 746 881 END
START 0 0 0 0 0 0 582 687 749 746 881 END
START 0 0 0 0 0 0 582 688 749 745 880 END
START 0 0 0 0 0 0 582 688 749 746 882 END
START 0 0 0 0 0 0 582 689 749 745 882 END
START 0 0 0 0 0 0 582 688 749 745 881 END
START 0 0 0 0 0 0 581 688 749 745 881 END
START 0 0 0 0 0 0 582 689 749 745 881 END
START 0 0 0 0 0 0 582 689 749 746 881 END
START 0 0 0 0 0 0 582 689 749 744 881 END
START 0 0 0 0 0 0 582 688 749 745 881 END
START 0 0 0 0 0 0 581 688 749 745 881 END
START 0 0 0 0 0 0 581 688 749 745 881 END
START 0 0 0 0 0 0 581 688 749 745 881 END
START 0 0 0 0 0 0 581 688 749 745 881 END
START 0 0 0 0 0 0 582 689 749 745 881 END
START 0 0 0 0 0 0 581 688 749 745 881 END
START 0 0 0 0 0 0 581 688 749 745 881 END
START 0 0 0 0 0 0 581 688 748 744 881 END
START 0 0 0 0 0 0 582 689 749 744 881 END
START 0 0 0 0 0 0 582 689 749 745 882 END
START 0 0 0 0 0 0 582 689 749 745 881 END
START 0 0 0 0 0 0 582 688 749 745 882 END
START 0 0 0 0 0 0 582 688 749 744 882 END
START 0 0 0 0 0 0 581 689 749 745 881 END
START 0 0 0 0 0 0 581 688 749 744 881 END
START 0 0 0 0 0 0 581 689 748 744 881 END
START 0 0 0 0 0 0 581 688 749 744 880 END
START 0 0 0 0 0 0 581 688 748 744 880 END
START 0 0 0 0 0 0 582 688 748 744 881 END
START 0 0 0 0 0 0 582 689 749 744 881 END
START 0 0 0 0 0 0 581 688 748 744 881 END
START 0 0 0 0 0 0 582 689 749 744 881 END
START 0 0 0 0 0 0 581 689 749 744 880 END
START 0 0 0 0 0 0 582 688 749 744 880 END
START 0 0 0 0 0 0 582 688 748 744 880 END
START 0 0 0 0 0 0 581 689 749 743 879 END
START 0 0 0 0 0 0 582 688 748 744 881 END
START 0 0 0 0 0 0 581 688 748 743 880 END
START 0 0 0 0 0 0 581 688 748 744 880 END
START 0 0 0 0 0 0 581 688 748 744 880 END
START 0 0 0 0 0 0 582 689 749 744 880 END
START 0 0 0 0 0 0 581 689 748 744 880 END
START 0 0 0 0 0 0 581 689 749 744 880 END
START 0 0 0 0 0 0 581 689 748 744 881 END
START 0 0 0 0 0 0 581 689 748 744 879 END
START 0 0 0 0 0 0 581 689 749 744 879 END
START 0 0 0 0 0 0 581 689 748 744 879 END
START 0 0 0 0 0 0 581 689 748 744 880 END
START 0 0 0 0 0 0 582 689 747 744 880 END
START 0 0 0 0 0 0 580 689 748 743 880 END
START 0 0 0 0 0 0 581 689 748 743 879 END
START 0 0 0 0 0 0 581 688 749 744 880 END
START 0 0 0 0 0 0 581 689 748 746 880 END
START 0 0 0 0 0 0 581 689 748 744 880 END
START 0 0 0 0 0 0 581 689 747 743 879 END
START 0 0 0 0 0 0 581 689 748 743 880 END
START 0 0 0 0 0 0 580 689 748 744 881 END
START 0 0 0 0 0 0 580 688 748 743 879 END
START 0 0 0 0 0 0 581 689 749 744 879 END
START 0 0 0 0 0 0 580 688 747 744 879 END
START 0 0 0 0 0 0 581 688 748 744 880 END
START 0 0 0 0 0 0 580 689 748 744 879 END
START 0 0 0 0 0 0 581 688 747 743 879 END
START 0 0 0 0 0 0 581 689 748 743 879 END
START 0 0 0 0 0 0 581 689 747 743 879 END
START 0 0 0 0 0 0 581 689 748 743 879 END
START 0 0 0 0 0 0 581 689 748 743 878 END
START 0 0 0 0 0 0 580 688 747 743 879 END
START 0 0 0 0 0 0 580 689 748 744 879 END
START 0 0 0 0 0 0 580 689 748 743 880 END
START 0 0 0 0 0 0 580 689 748 744 880 END
START 0 0 0 0 0 0 580 689 748 743 879 END
START 0 0 0 0 0 0 580 689 748 743 879 END
START 0 0 0 0 0 0 581 689 748 743 879 END
START 0 0 0 0 0 0 580 688 747 743 879 END
START 0 0 0 0 0 0 580 689 748 744 879 END
START 0 0 0 0 0 0 580 688 748 744 879 END
START 0 0 0 0 0 0 580 688 748 743 879 END
START 0 0 0 0 0 0 581 689 748 744 879 END
START 0 0 0 0 0 0 580 688 747 743 879 END
START 0 0 0 0 0 0 580 688 747 743 880 END
START 0 0 0 0 0 0 580 688 747 743 876 END
START 0 0 0 0 0 0 580 688 748 743 879 END
START 0 0 0 0 0 0 581 689 748 744 880 END
START 0 0 0 0 0 0 581 688 747 743 878 END
START 0 0 0 0 0 0 580 688 747 743 880 END
START 0 0 0 0 0 0 579 688 747 742 879 END
START 0 0 0 0 0 0 580 688 747 743 880 END
START 0 0 0 0 0 0 580 688 747 743 879 END
START 0 0 0 0 0 0 580 688 748 743 879 END
START 0 0 0 0 0 0 580 689 747 743 879 END
START 0 0 0 0 0 0 581 689 747 743 879 END
START 0 0 0 0 0 0 581 689 748 743 879 END
START 0 0 0 0 0 0 580 688 747 743 879 END
START 0 0 0 0 0 0 580 689 748 743 879 END
START 0 0 0 0 0 0 580 688 747 743 879 END
START 0 0 0 0 0 0 580 688 747 743 879 END
START 0 0 0 0 0 0 580 688 747 743 879 END
START 0 0 0 0 0 0 580 688 747 743 879 END
START 0 0 0 0 0 0 580 689 748 744 879 END
START 0 0 0 0 0 0 580 688 747 743 879 END
START 0 0 0 0 0 0 581 689 748 744 879 END
START 0 0 0 0 0 0 581 689 748 744 879 END
START 0 0 0 0 0 0 580 689 747 743 879 END
START 0 0 0 0 0 0 581 689 747 743 879 END
START 0 0 0 0 0 0 580 688 748 743 879 END
START 0 0 0 0 0 0 581 688 747 743 879 END
START 0 0 0 0 0 0 580 688 747 743 878 END
START 0 0 0 0 0 0 580 688 747 742 878 END
START 0 0 0 0 0 0 580 690 747 743 879 END
START 0 0 0 0 0 0 580 689 747 743 879 END
START 0 0 0 0 0 0 580 689 747 742 879 END
START 0 0 0 0 0 0 581 691 747 744 879 END
START 0 0 0 0 0 0 581 689 747 743 879 END
START 0 0 0 0 0 0 580 688 746 742 878 END
START 0 0 0 0 0 0 581 689 746 743 879 END
START 0 0 0 0 0 0 580 689 746 743 879 END
START 0 0 0 0 0 0 580 688 746 742 878 END
START 0 0 0 0 0 0 581 689 747 743 877 END
START 0 0 0 0 0 0 581 689 747 743 879 END
START 0 0 0 0 0 0 581 689 746 743 878 END
START 0 0 0 0 0 0 581 689 748 743 879 END
START 0 0 0 0 0 0 581 689 747 742 878 END
START 0 0 0 0 0 0 581 688 747 743 879 END
START 0 0 0 0 0 0 582 689 747 742 878 END
START 0 0 0 0 0 0 581 689 747 743 878 END
START 0 0 0 0 0 0 582 689 747 743 877 END
START 0 0 0 0 0 0 581 689 747 743 879 END
START 0 0 0 0 0 0 581 689 747 743 879 END
START 0 0 0 0 0 0 582 688 747 743 878 END
START 0 0 0 0 0 0 581 689 747 743 879 END
START 0 0 0 0 0 0 582 689 747 743 879 END
START 0 0 0 0 0 0 582 689 747 743 879 END
START 0 0 0 0 0 0 581 688 747 742 877 END
START 0 0 0 0 0 0 581 689 747 743 878 END
START 0 0 0 0 0 0 581 689 747 742 878 END
START 0 0 0 0 0 0 581 689 747 743 878 END
START 0 0 0 0 0 0 581 688 746 742 879 END
START 0 0 0 0 0 0 581 689 747 743 878 END
START 0 0 0 0 0 0 581 688 746 743 878 END
START 0 0 0 0 0 0 581 689 746 742 878 END
START 0 0 0 0 0 0 582 690 746 742 877 END
START 0 0 0 0 0 0 581 690 747 743 878 END
START 0 0 0 0 0 0 582 689 746 742 878 END
START 0 0 0 0 0 0 581 689 746 742 877 END
START 0 0 0 0 0 0 582 689 747 742 878 END
START 0 0 0 0 0 0 582 690 747 742 878 END
START 0 0 0 0 0 0 581 689 746 743 878 END
START 0 0 0 0 0 0 581 688 746 742 878 END
START 0 0 0 0 0 0 581 689 746 742 878 END
START 0 0 0 0 0 0 581 690 746 743 879 END
START 0 0 0 0 0 0 580 689 746 743 878 END
START 0 0 0 0 0 0 582 689 747 743 878 END
START 0 0 0 0 0 0 581 689 746 742 878 END
START 0 0 0 0 0 0 581 689 747 743 879 END
START 0 0 0 0 0 0 581 688 746 743 878 END
START 0 0 0 0 0 0 581 689 747 742 879 END
START 0 0 0 0 0 0 581 688 746 742 878 END
START 0 0 0 0 0 0 580 688 746 742 877 END
START 0 0 0 0 0 0 581 689 746 742 876 END
START 0 0 0 0 0 0 581 688 746 742 877 END
START 0 0 0 0 0 0 580 688 746 742 878 END
START 0 0 0 0 0 0 581 689 746 742 877 END
START 0 0 0 0 0 0 581 688 745 742 878 END
START 0 0 0 0 0 0 580 689 746 742 878 END
START 0 0 0 0 0 0 581 689 746 741 878 END
START 0 0 0 0 0 0 580 689 746 742 878 END
START 0 0 0 0 0 0 581 688 745 742 878 END
START 0 0 0 0 0 0 582 689 746 742 878 END
START 0 0 0 0 0 0 581 689 746 742 878 END
START 0 0 0 0 0 0 581 688 746 742 879 END
START 0 0 0 0 0 0 582 689 747 742 878 END
START 0 0 0 0 0 0 582 689 746 742 877 END
START 0 0 0 0 0 0 582 689 746 742 877 END
START 0 0 0 0 0 0 583 689 746 742 879 END
START 0 0 0 0 0 0 582 688 746 742 878 END
START 0 0 0 0 0 0 582 689 746 742 877 END
START 0 0 0 0 0 0 582 689 746 742 878 END
START 0 0 0 0 0 0 582 689 747 742 879 END
START 0 0 0 0 0 0 582 689 746 741 878 END
START 0 0 0 0 0 0 581 688 745 741 878 END
START 0 0 0 0 0 0 581 689 746 742 877 END
START 0 0 0 0 0 0 583 689 747 742 878 END
START 0 0 0 0 0 0 582 689 746 742 879 END
START 0 0 0 0 0 0 582 689 746 741 878 END
START 0 0 0 0 0 0 582 689 746 742 878 END
START 0 0 0 0 0 0 582 689 746 742 878 END
START 0 0 0 0 0 0 582 690 747 740 881 END
START 0 0 0 0 0 0 581 689 746 741 877 END
START 0 0 0 0 0 0 582 689 746 742 878 END
START 0 0 0 0 0 0 582 689 746 742 878 END
START 0 0 0 0 0 0 582 689 746 742 877 END
START 0 0 0 0 0 0 582 689 746 742 877 END
START 0 0 0 0 0 0 582 689 746 742 878 END
START 0 0 0 0 0 0 582 689 747 742 877 END
START 0 0 0 0 0 0 582 689 746 741 877 END
START 0 0 0 0 0 0 583 690 746 742 878 END
START 0 0 0 0 0 0 581 690 746 742 877 END
START 0 0 0 0 0 0 582 690 746 741 877 END
START 0 0 0 0 0 0 582 690 746 742 878 END
START 0 0 0 0 0 0 582 689 745 740 877 END
START 0 0 0 0 0 0 581 691 746 741 878 END
START 0 0 0 0 0 0 582 690 746 742 878 END
START 0 0 0 0 0 0 581 689 745 741 877 END
START 0 0 0 0 0 0 582 690 746 741 877 END
START 0 0 0 0 0 0 582 690 747 741 877 END
START 0 0 0 0 0 0 581 689 746 741 877 END
START 0 0 0 0 0 0 582 690 746 742 878 END
START 0 0 0 0 0 0 581 690 746 741 878 END
START 0 0 0 0 0 0 581 690 747 742 879 END
START 0 0 0 0 0 0 582 690 745 741 878 END
START 0 0 0 0 0 0 581 690 746 741 877 END
START 0 0 0 0 0 0 582 690 746 742 878 END
START 0 0 0 0 0 0 582 690 745 741 877 END
START 0 0 0 0 0 0 581 690 745 741 878 END
START 0 0 0 0 0 0 581 690 746 741 878 END
START 0 0 0 0 0 0 582 690 745 741 877 END
START 0 0 0 0 0 0 582 691 746 741 878 END
START 0 0 0 0 0 0 582 690 745 740 877 END
START 0 0 0 0 0 0 582 690 746 741 877 END
START 0 0 0 0 0 0 582 690 746 741 878 END
START 0 0 0 0 0 0 582 690 746 742 878 END
START 0 0 0 0 0 0 581 690 745 741 877 END
START 0 0 0 0 0 0 582 691 746 742 877 END
START 0 0 0 0 0 0 582 690 746 741 877 END
START 0 0 0 0 0 0 582 691 747 741 877 END
START 0 0 0 0 0 0 582 690 746 741 877 END
START 0 0 0 0 0 0 583 691 746 741 878 END
START 0 0 0 0 0 0 582 690 745 742 877 END
START 0 0 0 0 0 0 582 690 746 742 877 END
START 0 0 0 0 0 0 581 690 745 741 877 END
START 0 0 0 0 0 0 582 690 746 741 877 END
START 0 0 0 0 0 0 582 690 746 741 878 END
START 0 0 0 0 0 0 582 691 746 742 877 END
START 0 0 0 0 0 0 582 690 746 741 877 END
START 0 0 0 0 0 0 581 690 745 741 877 END
START 0 0 0 0 0 0 581 690 745 741 877 END
START 0 0 0 0 0 0 581 690 746 741 877 END
START 0 0 0 0 0 0 582 691 746 741 877 END
START 0 0 0 0 0 0 582 690 745 741 877 END
START 0 0 0 0 0 0 581 690 746 741 877 END
START 0 0 0 0 0 0 582 690 746 741 879 END
START 0 0 0 0 0 0 582 691 746 741 877 END
START 0 0 0 0 0 0 582 690 746 741 877 END
START 0 0 0 0 0 0 582 690 745 741 877 END
START 0 0 0 0 0 0 582 690 745 740 877 END
START 0 0 0 0 0 0 581 690 745 740 877 END
START 0 0 0 0 0 0 582 691 745 741 876 END
START 0 0 0 0 0 0 581 691 745 741 877 END
START 0 0 0 0 0 0 583 691 746 741 877 END
START 0 0 0 0 0 0 581 691 745 741 877 END
START 0 0 0 0 0 0 581 692 746 741 877 END
START 0 0 0 0 0 0 581 692 746 741 877 END
START 0 0 0 0 0 0 581 691 745 741 876 END
START 0 0 0 0 0 0 581 691 745 740 876 END
START 0 0 0 0 0 0 581 691 745 740 877 END
START 0 0 0 0 0 0 581 692 746 741 877 END
START 0 0 0 0 0 0 581 692 745 741 877 END
START 0 0 0 0 0 0 580 692 746 741 877 END
START 0 0 0 0 0 0 582 693 745 741 876 END
START 0 0 0 0 0 0 582 692 745 741 876 END
START 0 0 0 0 0 0 582 692 745 741 876 END
START 0 0 0 0 0 0 581 692 745 740 877 END
START 0 0 0 0 0 0 581 691 744 740 877 END
START 0 0 0 0 0 0 581 691 745 741 876 END
START 0 0 0 0 0 0 582 692 745 741 877 END
START 0 0 0 0 0 0 581 692 745 742 877 END
START 0 0 0 0 0 0 582 692 745 741 876 END
START 0 0 0 0 0 0 582 692 744 740 876 END
START 0 0 0 0 0 0 581 693 745 741 876 END
START 0 0 0 0 0 0 582 692 745 740 877 END
START 0 0 0 0 0 0 581 692 745 741 877 END
START 0 0 0 0 0 0 582 692 745 741 877 END
START 0 0 0 0 0 0 582 693 745 741 877 END
START 0 0 0 0 0 0 582 691 745 740 876 END
START 0 0 0 0 0 0 582 692 745 741 877 END
START 0 0 0 0 0 0 581 692 744 740 876 END
START 0 0 0 0 0 0 581 692 745 741 877 END
START 0 0 0 0 0 0 581 692 744 740 876 END
START 0 0 0 0 0 0 581 692 746 741 877 END
START 0 0 0 0 0 0 582 693 745 741 877 END
START 0 0 0 0 0 0 581 692 745 741 876 END
START 0 0 0 0 0 0 582 692 745 741 876 END
START 0 0 0 0 0 0 583 693 745 740 877 END
START 0 0 0 0 0 0 582 692 745 741 876 END
START 0 0 0 0 0 0 582 692 745 740 876 END
START 0 0 0 0 0 0 582 693 745 740 876 END
START 0 0 0 0 0 0 582 692 744 740 877 END
START 0 0 0 0 0 0 583 692 745 740 878 END
START 0 0 0 0 0 0 583 693 746 741 879 END
START 0 0 0 0 0 0 583 693 746 741 879 END
START 0 0 0 0 0 0 583 693 746 741 879 END
START 0 0 0 0 0 0 583 692 745 740 879 END
START 0 0 0 0 0 0 583 693 745 740 879 END
START 0 0 0 0 0 0 583 693 745 740 878 END
START 0 0 0 0 0 0 582 692 745 740 877 END
START 0 0 0 0 0 0 583 693 745 740 878 END
START 0 0 0 0 0 0 582 693 745 740 878 END
START 0 0 0 0 0 0 582 693 744 740 877 END
START 0 0 0 0 0 0 581 692 743 739 878 END
START 0 0 0 0 0 0 581 692 744 739 877 END
START 0 0 0 0 0 0 582 693 744 740 878 END
START 0 0 0 0 0 0 582 693 744 739 878 END
START 0 0 0 0 0 0 581 693 744 740 878 END
START 0 0 0 0 0 0 581 693 744 740 877 END
START 0 0 0 0 0 0 582 692 744 740 877 END
START 0 0 0 0 0 0 581 693 744 739 878 END
START 0 0 0 0 0 0 582 693 744 740 878 END
