START 0 0 0 0 0 0 637 614 732 741 891 END
START 0 0 0 0 0 0 636 613 733 741 891 END
START 0 0 0 0 0 0 636 613 731 743 891 END
START 0 0 0 0 0 0 636 612 733 741 891 END
START 0 0 0 0 0 0 635 612 732 741 892 END
START 0 0 0 0 0 0 635 612 732 741 891 END
START 0 0 0 0 0 0 635 612 732 740 891 END
START 0 0 0 0 0 0 635 612 732 740 891 END
START 0 0 0 0 0 0 635 611 732 740 890 END
START 0 0 0 0 0 0 635 611 732 740 890 END
START 0 0 0 0 0 0 635 611 732 740 890 END
START 0 0 0 0 0 0 635 611 731 740 891 END
START 0 0 0 0 0 0 635 611 731 740 890 END
START 0 0 0 0 0 0 635 611 731 740 891 END
START 0 0 0 0 0 0 635 611 731 740 891 END
START 0 0 0 0 0 0 634 611 731 740 891 END
START 0 0 0 0 0 0 634 611 731 740 891 END
START 0 0 0 0 0 0 634 611 731 739 891 END
START 0 0 0 0 0 0 634 611 731 740 891 END
START 0 0 0 0 0 0 634 611 731 740 890 END
START 0 0 0 0 0 0 633 611 731 739 890 END
START 0 0 0 0 0 0 634 611 731 739 890 END
START 0 0 0 0 0 0 633 611 731 739 890 END
START 0 0 0 0 0 0 634 611 731 739 891 END
START 0 0 0 0 0 0 633 610 731 740 891 END
START 0 0 0 0 0 0 632 610 731 740 890 END
START 0 0 0 0 0 0 633 611 731 739 890 END
START 0 0 0 0 0 0 632 610 731 739 890 END
START 0 0 0 0 0 0 633 610 731 739 890 END
START 0 0 0 0 0 0 632 610 731 739 890 END
START 0 0 0 0 0 0 632 611 731 739 890 END
START 0 0 0 0 0 0 633 611 731 739 890 END
START 0 0 0 0 0 0 632 610 730 739 889 END
START 0 0 0 0 0 0 632 611 731 739 890 END
START 0 0 0 0 0 0 632 610 730 739 889 END
START 0 0 0 0 0 0 632 610 730 739 890 END
START 0 0 0 0 0 0 632 610 730 739 890 END
START 0 0 0 0 0 0 633 610 730 739 890 END
START 0 0 0 0 0 0 632 611 731 739 889 END
START 0 0 0 0 0 0 632 611 730 739 890 END
START 0 0 0 0 0 0 632 611 731 740 889 END
START 0 0 0 0 0 0 632 611 731 740 889 END
START 0 0 0 0 0 0 632 611 731 741 888 END
START 0 0 0 0 0 0 633 611 731 741 885 END
START 0 0 0 0 0 0 632 611 730 741 890 END
START 0 0 0 0 0 0 631 611 729 741 890 END
START 0 0 0 0 0 0 631 611 730 741 892 END
START 0 0 0 0 0 0 630 612 730 742 893 END
START 0 0 0 0 0 0 629 614 730 742 893 END
START 0 0 0 0 0 0 628 615 732 743 892 END
START 0 0 0 0 0 0 629 616 733 743 892 END
START 0 0 0 0 0 0 629 616 734 744 891 END
START 0 0 0 0 0 0 628 617 735 744 892 END
START 0 0 0 0 0 0 629 617 737 746 893 END
START 0 0 0 0 0 0 628 619 739 750 896 END
START 0 0 0 0 0 0 627 620 743 755 898 END
START 0 0 0 0 0 0 627 620 744 757 897 END
START 0 0 0 0 0 0 627 620 745 758 898 END
START 0 0 0 0 0 0 627 621 746 759 897 END
START 0 0 0 0 0 0 626 621 745 759 898 END
START 0 0 0 0 0 0 626 622 747 760 899 END
START 0 0 0 0 0 0 627 623 747 760 898 END
START 0 0 0 0 0 0 627 623 747 760 899 END
START 0 0 0 0 0 0 627 622 747 760 899 END
START 0 0 0 0 0 0 626 622 746 760 899 END
START 0 0 0 0 0 0 626 621 745 759 898 END
START 0 0 0 0 0 0 625 620 743 757 897 END
START 0 0 0 0 0 0 625 618 742 757 896 END
START 0 0 0 0 0 0 623 617 742 756 895 END
START 0 0 0 0 0 0 621 617 743 757 895 END
START 0 0 0 0 0 0 621 616 744 757 895 END
START 0 0 0 0 0 0 620 616 743 756 895 END
START 0 0 0 0 0 0 620 616 743 757 894 END
START 0 0 0 0 0 0 620 616 742 755 894 END
START 0 0 0 0 0 0 620 616 742 755 893 END
START 0 0 0 0 0 0 620 616 741 754 891 END
START 0 0 0 0 0 0 621 616 741 754 891 END
START 0 0 0 0 0 0 621 616 741 753 889 END
START 0 0 0 0 0 0 622 615 740 752 889 END
START 0 0 0 0 0 0 623 616 744 755 891 END
START 0 0 0 0 0 0 623 623 750 756 893 END
START 0 0 0 0 0 0 624 630 751 757 892 END
START 0 0 0 0 0 0 623 633 748 753 889 END
START 0 0 0 0 0 0 623 632 747 753 889 END
START 0 0 0 0 0 0 620 620 738 747 882 END
START 0 0 0 0 0 0 622 621 738 747 882 END
START 0 0 0 0 0 0 622 621 737 747 883 END
START 0 0 0 0 0 0 623 621 738 749 882 END
START 0 0 0 0 0 0 624 622 740 750 885 END
START 0 0 0 0 0 0 624 625 744 753 890 END
START 0 0 0 0 0 0 626 631 749 756 893 END
START 0 0 0 0 0 0 627 636 752 759 895 END
START 0 0 0 0 0 0 626 640 754 761 896 END
START 0 0 0 0 0 0 624 640 756 762 898 END
START 0 0 0 0 0 0 622 635 757 763 895 END
START 0 0 0 0 0 0 620 632 757 762 894 END
START 0 0 0 0 0 0 619 631 759 763 894 END
START 0 0 0 0 0 0 617 630 759 763 894 END
START 0 0 0 0 0 0 614 630 759 763 893 END
START 0 0 0 0 0 0 611 628 757 762 893 END
START 0 0 0 0 0 0 608 627 756 761 893 END
START 0 0 0 0 0 0 605 627 756 760 892 END
START 0 0 0 0 0 0 605 627 757 760 891 END
START 0 0 0 0 0 0 605 627 756 759 891 END
START 0 0 0 0 0 0 607 627 755 757 895 END
START 0 0 0 0 0 0 612 627 755 759 891 END
START 0 0 0 0 0 0 617 627 754 759 890 END
START 0 0 0 0 0 0 618 626 754 759 889 END
START 0 0 0 0 0 0 618 627 753 759 890 END
START 0 0 0 0 0 0 618 626 753 758 887 END
START 0 0 0 0 0 0 617 626 753 759 890 END
START 0 0 0 0 0 0 616 626 752 758 889 END
START 0 0 0 0 0 0 616 626 751 758 889 END
START 0 0 0 0 0 0 616 626 751 757 889 END
START 0 0 0 0 0 0 615 626 749 757 889 END
START 0 0 0 0 0 0 615 626 749 757 888 END
START 0 0 0 0 0 0 615 626 749 757 892 END
START 0 0 0 0 0 0 616 626 747 754 892 END
START 0 0 0 0 0 0 618 627 745 751 894 END
START 0 0 0 0 0 0 618 627 744 749 895 END
START 0 0 0 0 0 0 619 627 744 748 896 END
START 0 0 0 0 0 0 619 627 744 748 897 END
START 0 0 0 0 0 0 621 628 744 745 900 END
START 0 0 0 0 0 0 623 630 742 739 900 END
START 0 0 0 0 0 0 626 633 740 733 900 END
START 0 0 0 0 0 0 627 634 738 731 899 END
START 0 0 0 0 0 0 627 633 737 731 899 END
START 0 0 0 0 0 0 626 629 736 731 899 END
START 0 0 0 0 0 0 624 622 736 730 899 END
START 0 0 0 0 0 0 624 616 735 730 899 END
START 0 0 0 0 0 0 623 613 735 730 898 END
START 0 0 0 0 0 0 624 612 735 731 899 END
START 0 0 0 0 0 0 623 609 734 730 898 END
START 0 0 0 0 0 0 623 607 734 730 897 END
START 0 0 0 0 0 0 622 605 733 731 897 END
START 0 0 0 0 0 0 622 603 733 731 898 END
START 0 0 0 0 0 0 622 602 732 730 897 END
START 0 0 0 0 0 0 621 601 732 730 897 END
START 0 0 0 0 0 0 621 601 731 729 896 END
START 0 0 0 0 0 0 621 602 731 729 896 END
START 0 0 0 0 0 0 622 604 731 729 897 END
START 0 0 0 0 0 0 622 604 731 729 896 END
START 0 0 0 0 0 0 622 606 731 729 897 END
START 0 0 0 0 0 0 621 610 730 728 896 END
START 0 0 0 0 0 0 621 615 730 726 894 END
START 0 0 0 0 0 0 620 618 730 727 891 END
START 0 0 0 0 0 0 620 617 731 730 891 END
START 0 0 0 0 0 0 619 617 733 733 889 END
START 0 0 0 0 0 0 619 619 736 738 890 END
START 0 0 0 0 0 0 619 621 739 742 891 END
START 0 0 0 0 0 0 618 627 740 743 893 END
START 0 0 0 0 0 0 617 633 743 749 894 END
START 0 0 0 0 0 0 616 635 744 751 893 END
START 0 0 0 0 0 0 615 635 744 751 891 END
START 0 0 0 0 0 0 615 634 744 751 891 END
START 0 0 0 0 0 0 615 633 743 751 891 END
START 0 0 0 0 0 0 614 632 743 751 892 END
START 0 0 0 0 0 0 614 632 741 750 891 END
START 0 0 0 0 0 0 615 632 740 749 888 END
START 0 0 0 0 0 0 615 632 739 748 888 END
START 0 0 0 0 0 0 615 630 738 748 887 END
START 0 0 0 0 0 0 615 630 736 747 885 END
START 0 0 0 0 0 0 614 629 735 746 884 END
START 0 0 0 0 0 0 613 629 734 745 882 END
START 0 0 0 0 0 0 613 628 733 745 881 END
START 0 0 0 0 0 0 613 628 733 744 880 END
START 0 0 0 0 0 0 613 627 732 742 877 END
START 0 0 0 0 0 0 612 627 731 742 877 END
START 0 0 0 0 0 0 613 626 730 740 875 END
START 0 0 0 0 0 0 613 625 729 740 874 END
START 0 0 0 0 0 0 612 625 728 738 873 END
START 0 0 0 0 0 0 612 625 728 738 872 END
START 0 0 0 0 0 0 612 625 728 738 872 END
START 0 0 0 0 0 0 612 624 728 739 872 END
START 0 0 0 0 0 0 612 624 728 739 872 END
START 0 0 0 0 0 0 613 624 728 738 872 END
START 0 0 0 0 0 0 612 624 728 739 872 END
START 0 0 0 0 0 0 612 623 729 741 874 END
START 0 0 0 0 0 0 613 624 732 744 877 END
START 0 0 0 0 0 0 614 625 736 748 883 END
START 0 0 0 0 0 0 614 626 740 750 887 END
START 0 0 0 0 0 0 613 627 743 752 888 END
START 0 0 0 0 0 0 613 630 746 754 889 END
START 0 0 0 0 0 0 612 636 750 757 890 END
START 0 0 0 0 0 0 611 648 752 758 893 END
START 0 0 0 0 0 0 611 655 753 759 893 END
START 0 0 0 0 0 0 612 653 755 759 893 END
START 0 0 0 0 0 0 613 650 755 759 893 END
START 0 0 0 0 0 0 614 643 755 760 894 END
START 0 0 0 0 0 0 615 635 754 760 895 END
START 0 0 0 0 0 0 615 627 754 759 895 END
START 0 0 0 0 0 0 615 623 754 758 896 END
START 0 0 0 0 0 0 615 618 754 757 896 END
START 0 0 0 0 0 0 616 616 754 757 896 END
START 0 0 0 0 0 0 615 611 750 753 896 END
START 0 0 0 0 0 0 616 607 750 752 897 END
START 0 0 0 0 0 0 616 606 748 752 899 END
START 0 0 0 0 0 0 616 604 747 751 900 END
START 0 0 0 0 0 0 616 604 746 750 900 END
START 0 0 0 0 0 0 615 604 746 750 901 END
START 0 0 0 0 0 0 614 604 745 749 900 END
START 0 0 0 0 0 0 614 603 745 748 901 END
START 0 0 0 0 0 0 612 603 745 748 900 END
START 0 0 0 0 0 0 611 603 745 748 900 END
START 0 0 0 0 0 0 610 603 744 748 900 END
START 0 0 0 0 0 0 610 602 744 747 900 END
START 0 0 0 0 0 0 609 602 743 747 900 END
START 0 0 0 0 0 0 609 602 743 747 901 END
START 0 0 0 0 0 0 608 602 742 747 900 END
START 0 0 0 0 0 0 608 602 742 746 900 END
START 0 0 0 0 0 0 608 602 742 746 900 END
START 0 0 0 0 0 0 608 602 742 746 900 END
START 0 0 0 0 0 0 608 602 742 746 901 END
START 0 0 0 0 0 0 608 602 742 746 901 END
START 0 0 0 0 0 0 607 602 741 746 899 END
START 0 0 0 0 0 0 607 603 741 745 898 END
START 0 0 0 0 0 0 607 603 741 745 897 END
START 0 0 0 0 0 0 607 603 741 744 898 END
START 0 0 0 0 0 0 608 603 742 744 899 END
START 0 0 0 0 0 0 608 604 741 742 898 END
START 0 0 0 0 0 0 608 604 740 741 898 END
START 0 0 0 0 0 0 609 603 739 740 897 END
START 0 0 0 0 0 0 608 603 738 739 897 END
START 0 0 0 0 0 0 608 603 737 739 897 END
START 0 0 0 0 0 0 608 603 737 738 896 END
START 0 0 0 0 0 0 608 603 737 738 896 END
START 0 0 0 0 0 0 608 603 737 738 896 END
START 0 0 0 0 0 0 608 603 737 738 896 END
START 0 0 0 0 0 0 608 603 737 738 895 END
START 0 0 0 0 0 0 608 603 737 738 895 END
START 0 0 0 0 0 0 608 603 736 738 895 END
START 0 0 0 0 0 0 608 604 736 737 895 END
START 0 0 0 0 0 0 608 605 736 736 896 END
START 0 0 0 0 0 0 611 606 735 737 896 END
START 0 0 0 0 0 0 611 608 739 739 894 END
START 0 0 0 0 0 0 616 608 737 738 893 END
START 0 0 0 0 0 0 621 609 739 740 893 END
START 0 0 0 0 0 0 620 611 738 741 893 END
START 0 0 0 0 0 0 619 613 739 744 894 END
START 0 0 0 0 0 0 620 615 741 747 893 END
START 0 0 0 0 0 0 620 614 740 749 894 END
START 0 0 0 0 0 0 620 613 741 751 892 END
START 0 0 0 0 0 0 620 611 739 751 891 END
START 0 0 0 0 0 0 619 610 738 750 889 END
START 0 0 0 0 0 0 618 610 737 750 888 END
START 0 0 0 0 0 0 618 610 736 748 884 END
START 0 0 0 0 0 0 618 610 736 748 884 END
START 0 0 0 0 0 0 616 610 735 748 884 END
START 0 0 0 0 0 0 616 610 734 748 881 END
START 0 0 0 0 0 0 616 611 733 748 879 END
START 0 0 0 0 0 0 615 610 731 746 879 END
START 0 0 0 0 0 0 615 610 730 747 879 END
START 0 0 0 0 0 0 615 609 730 745 879 END
START 0 0 0 0 0 0 614 609 730 745 879 END
START 0 0 0 0 0 0 614 609 729 745 879 END
START 0 0 0 0 0 0 613 608 731 746 880 END
START 0 0 0 0 0 0 612 608 732 747 880 END
START 0 0 0 0 0 0 611 608 731 747 881 END
START 0 0 0 0 0 0 611 608 730 746 880 END
START 0 0 0 0 0 0 611 607 729 745 881 END
START 0 0 0 0 0 0 612 607 729 745 881 END
START 0 0 0 0 0 0 613 607 728 745 880 END
START 0 0 0 0 0 0 616 608 728 745 880 END
START 0 0 0 0 0 0 621 609 729 745 880 END
START 0 0 0 0 0 0 624 611 733 747 883 END
START 0 0 0 0 0 0 627 613 733 748 883 END
START 0 0 0 0 0 0 629 613 736 749 884 END
START 0 0 0 0 0 0 624 614 738 749 887 END
START 0 0 0 0 0 0 620 614 739 750 889 END
START 0 0 0 0 0 0 618 614 739 751 888 END
START 0 0 0 0 0 0 618 615 738 750 888 END
START 0 0 0 0 0 0 618 614 738 750 888 END
START 0 0 0 0 0 0 616 616 739 751 889 END
START 0 0 0 0 0 0 614 621 742 751 892 END
START 0 0 0 0 0 0 613 625 743 749 889 END
START 0 0 0 0 0 0 611 630 745 750 891 END
START 0 0 0 0 0 0 611 635 746 749 892 END
START 0 0 0 0 0 0 611 634 745 748 889 END
START 0 0 0 0 0 0 610 628 745 747 891 END
START 0 0 0 0 0 0 610 620 747 746 893 END
START 0 0 0 0 0 0 610 613 746 745 897 END
START 0 0 0 0 0 0 611 609 744 744 899 END
START 0 0 0 0 0 0 610 608 742 743 899 END
START 0 0 0 0 0 0 610 606 741 742 900 END
START 0 0 0 0 0 0 611 605 740 742 900 END
START 0 0 0 0 0 0 611 605 739 741 900 END
START 0 0 0 0 0 0 611 603 739 740 900 END
START 0 0 0 0 0 0 612 602 738 739 900 END
START 0 0 0 0 0 0 612 602 737 737 899 END
START 0 0 0 0 0 0 612 601 735 735 898 END
START 0 0 0 0 0 0 612 601 734 734 898 END
START 0 0 0 0 0 0 612 601 733 732 897 END
START 0 0 0 0 0 0 612 600 732 731 897 END
START 0 0 0 0 0 0 613 599 731 730 896 END
START 0 0 0 0 0 0 612 598 730 728 895 END
START 0 0 0 0 0 0 611 597 729 728 894 END
START 0 0 0 0 0 0 611 596 728 727 891 END
START 0 0 0 0 0 0 610 596 727 728 890 END
START 0 0 0 0 0 0 610 595 727 728 887 END
START 0 0 0 0 0 0 610 596 726 727 885 END
START 0 0 0 0 0 0 611 595 724 726 884 END
START 0 0 0 0 0 0 611 596 722 724 884 END
START 0 0 0 0 0 0 611 597 720 723 884 END
START 0 0 0 0 0 0 611 597 722 725 883 END
START 0 0 0 0 0 0 612 598 726 729 885 END
START 0 0 0 0 0 0 612 599 730 732 888 END
START 0 0 0 0 0 0 614 600 734 734 890 END
START 0 0 0 0 0 0 615 603 736 736 892 END
START 0 0 0 0 0 0 616 604 737 736 892 END
START 0 0 0 0 0 0 617 605 737 736 893 END
START 0 0 0 0 0 0 618 606 736 736 894 END
START 0 0 0 0 0 0 619 606 736 736 894 END
START 0 0 0 0 0 0 620 607 735 735 893 END
START 0 0 0 0 0 0 620 606 734 735 893 END
START 0 0 0 0 0 0 619 606 733 736 892 END
START 0 0 0 0 0 0 619 605 733 739 892 END
START 0 0 0 0 0 0 620 606 736 741 893 END
START 0 0 0 0 0 0 620 606 737 743 894 END
START 0 0 0 0 0 0 620 606 738 744 894 END
START 0 0 0 0 0 0 620 606 738 747 895 END
START 0 0 0 0 0 0 619 608 741 750 894 END
START 0 0 0 0 0 0 619 610 744 751 892 END
START 0 0 0 0 0 0 618 612 746 752 890 END
START 0 0 0 0 0 0 617 613 746 751 888 END
START 0 0 0 0 0 0 617 615 746 750 890 END
START 0 0 0 0 0 0 616 617 743 750 890 END
START 0 0 0 0 0 0 617 617 742 749 889 END
START 0 0 0 0 0 0 617 618 740 747 886 END
START 0 0 0 0 0 0 617 619 739 747 885 END
START 0 0 0 0 0 0 617 619 737 745 884 END
START 0 0 0 0 0 0 618 619 737 744 883 END
START 0 0 0 0 0 0 618 618 736 743 880 END
START 0 0 0 0 0 0 618 619 734 742 877 END
START 0 0 0 0 0 0 618 620 734 742 875 END
START 0 0 0 0 0 0 618 621 734 742 875 END
START 0 0 0 0 0 0 619 623 735 743 878 END
START 0 0 0 0 0 0 620 627 736 746 883 END
START 0 0 0 0 0 0 621 633 739 749 888 END
START 0 0 0 0 0 0 624 647 743 751 890 END
START 0 0 0 0 0 0 625 656 746 753 888 END
START 0 0 0 0 0 0 625 660 746 753 887 END
START 0 0 0 0 0 0 624 665 747 755 887 END
START 0 0 0 0 0 0 625 665 749 756 887 END
START 0 0 0 0 0 0 625 662 749 757 887 END
START 0 0 0 0 0 0 626 660 751 757 888 END
START 0 0 0 0 0 0 630 660 752 758 890 END
START 0 0 0 0 0 0 633 661 755 759 892 END
START 0 0 0 0 0 0 636 660 755 759 894 END
START 0 0 0 0 0 0 637 655 755 759 894 END
START 0 0 0 0 0 0 636 648 754 757 895 END
START 0 0 0 0 0 0 633 636 750 754 897 END
START 0 0 0 0 0 0 630 630 748 753 896 END
START 0 0 0 0 0 0 627 628 746 750 896 END
START 0 0 0 0 0 0 626 624 743 745 896 END
START 0 0 0 0 0 0 624 620 740 742 897 END
START 0 0 0 0 0 0 622 619 737 738 897 END
START 0 0 0 0 0 0 620 617 736 736 897 END
START 0 0 0 0 0 0 619 616 734 734 897 END
START 0 0 0 0 0 0 618 616 732 732 898 END
START 0 0 0 0 0 0 618 616 732 731 897 END
START 0 0 0 0 0 0 617 616 731 730 897 END
START 0 0 0 0 0 0 619 616 730 730 898 END
START 0 0 0 0 0 0 620 617 731 729 898 END
START 0 0 0 0 0 0 620 617 730 729 897 END
START 0 0 0 0 0 0 622 619 730 730 897 END
START 0 0 0 0 0 0 623 621 730 729 897 END
START 0 0 0 0 0 0 624 622 730 731 896 END
START 0 0 0 0 0 0 630 623 729 731 896 END
START 0 0 0 0 0 0 635 623 729 730 897 END
START 0 0 0 0 0 0 635 624 728 730 898 END
START 0 0 0 0 0 0 635 624 726 725 897 END
START 0 0 0 0 0 0 635 624 723 720 899 END
START 0 0 0 0 0 0 634 624 722 719 898 END
START 0 0 0 0 0 0 634 626 722 718 898 END
START 0 0 0 0 0 0 635 629 722 719 898 END
START 0 0 0 0 0 0 635 635 724 720 897 END
START 0 0 0 0 0 0 637 641 727 723 898 END
START 0 0 0 0 0 0 638 645 731 729 898 END
START 0 0 0 0 0 0 638 653 735 741 900 END
START 0 0 0 0 0 0 638 657 740 747 900 END
START 0 0 0 0 0 0 637 661 742 752 903 END
START 0 0 0 0 0 0 637 664 744 754 902 END
START 0 0 0 0 0 0 637 666 742 756 902 END
START 0 0 0 0 0 0 637 670 746 755 902 END
START 0 0 0 0 0 0 637 671 747 757 902 END
START 0 0 0 0 0 0 636 672 748 757 900 END
START 0 0 0 0 0 0 634 668 747 757 897 END
START 0 0 0 0 0 0 631 659 744 754 892 END
START 0 0 0 0 0 0 629 648 741 753 886 END
START 0 0 0 0 0 0 626 637 738 750 882 END
START 0 0 0 0 0 0 623 628 736 749 882 END
START 0 0 0 0 0 0 622 619 735 748 882 END
START 0 0 0 0 0 0 622 613 734 748 883 END
START 0 0 0 0 0 0 624 609 732 747 883 END
START 0 0 0 0 0 0 626 607 732 746 882 END
START 0 0 0 0 0 0 627 607 731 746 880 END
START 0 0 0 0 0 0 627 606 730 745 881 END
START 0 0 0 0 0 0 627 606 730 745 881 END
START 0 0 0 0 0 0 626 606 730 744 880 END
START 0 0 0 0 0 0 626 607 730 745 882 END
