START 0 0 0 0 0 0 579 675 663 639 810 END
START 0 0 0 0 0 0 579 675 663 639 810 END
START 0 0 0 0 0 0 579 675 663 639 811 END
START 0 0 0 0 0 0 580 675 663 638 811 END
START 0 0 0 0 0 0 580 674 662 638 812 END
START 0 0 0 0 0 0 580 674 662 638 811 END
START 0 0 0 0 0 0 579 674 662 638 812 END
START 0 0 0 0 0 0 579 673 662 638 810 END
START 0 0 0 0 0 0 580 672 662 637 809 END
START 0 0 0 0 0 0 579 671 662 637 809 END
START 0 0 0 0 0 0 580 671 662 637 808 END
START 0 0 0 0 0 0 580 670 661 637 807 END
START 0 0 0 0 0 0 580 670 661 637 807 END
START 0 0 0 0 0 0 580 670 661 637 807 END
START 0 0 0 0 0 0 579 669 660 636 806 END
START 0 0 0 0 0 0 580 669 661 636 807 END
START 0 0 0 0 0 0 580 669 661 636 806 END
START 0 0 0 0 0 0 580 669 661 636 806 END
START 0 0 0 0 0 0 580 668 661 636 806 END
START 0 0 0 0 0 0 580 668 659 636 806 END
START 0 0 0 0 0 0 580 668 661 636 805 END
START 0 0 0 0 0 0 580 668 660 635 805 END
START 0 0 0 0 0 0 578 668 661 636 806 END
START 0 0 0 0 0 0 581 669 661 636 805 END
START 0 0 0 0 0 0 580 668 661 636 805 END
START 0 0 0 0 0 0 577 669 660 636 806 END
START 0 0 0 0 0 0 581 668 661 637 806 END
START 0 0 0 0 0 0 581 668 661 636 806 END
START 0 0 0 0 0 0 581 668 660 636 806 END
START 0 0 0 0 0 0 582 668 662 637 805 END
START 0 0 0 0 0 0 580 667 660 636 806 END
START 0 0 0 0 0 0 581 667 660 636 805 END
START 0 0 0 0 0 0 580 668 660 636 806 END
START 0 0 0 0 0 0 583 668 661 636 805 END
START 0 0 0 0 0 0 581 667 661 636 806 END
START 0 0 0 0 0 0 580 667 660 636 805 END
START 0 0 0 0 0 0 581 668 661 636 805 END
START 0 0 0 0 0 0 580 668 660 636 805 END
START 0 0 0 0 0 0 580 668 661 636 805 END
START 0 0 0 0 0 0 580 667 660 636 805 END
START 0 0 0 0 0 0 581 667 660 636 804 END
START 0 0 0 0 0 0 580 668 661 636 805 END
START 0 0 0 0 0 0 581 667 660 638 807 END
START 0 0 0 0 0 0 580 667 660 638 809 END
START 0 0 0 0 0 0 580 667 661 638 809 END
START 0 0 0 0 0 0 580 667 659 638 808 END
START 0 0 0 0 0 0 580 668 660 637 808 END
START 0 0 0 0 0 0 580 667 660 637 807 END
START 0 0 0 0 0 0 580 667 660 636 807 END
START 0 0 0 0 0 0 581 667 660 637 807 END
START 0 0 0 0 0 0 580 667 659 636 807 END
START 0 0 0 0 0 0 581 668 659 633 805 END
START 0 0 0 0 0 0 581 668 658 635 805 END
START 0 0 0 0 0 0 580 665 656 632 803 END
START 0 0 0 0 0 0 580 664 655 631 802 END
START 0 0 0 0 0 0 580 664 655 630 801 END
START 0 0 0 0 0 0 580 663 655 630 801 END
START 0 0 0 0 0 0 579 663 655 629 801 END
START 0 0 0 0 0 0 580 663 654 628 800 END
START 0 0 0 0 0 0 579 664 653 630 801 END
START 0 0 0 0 0 0 580 663 654 627 800 END
START 0 0 0 0 0 0 580 663 654 628 800 END
START 0 0 0 0 0 0 580 663 654 628 800 END
START 0 0 0 0 0 0 580 662 654 628 800 END
START 0 0 0 0 0 0 580 663 654 628 800 END
START 0 0 0 0 0 0 580 663 654 628 800 END
START 0 0 0 0 0 0 580 663 654 629 801 END
START 0 0 0 0 0 0 580 663 654 627 801 END
START 0 0 0 0 0 0 580 663 654 628 800 END
START 0 0 0 0 0 0 579 663 655 628 801 END
START 0 0 0 0 0 0 579 663 655 627 802 END
START 0 0 0 0 0 0 580 663 655 628 801 END
START 0 0 0 0 0 0 580 663 654 628 800 END
START 0 0 0 0 0 0 580 662 654 628 800 END
START 0 0 0 0 0 0 580 663 655 628 801 END
START 0 0 0 0 0 0 580 663 654 630 803 END
START 0 0 0 0 0 0 579 663 655 629 805 END
START 0 0 0 0 0 0 581 662 655 629 805 END
START 0 0 0 0 0 0 580 663 654 630 805 END
START 0 0 0 0 0 0 580 663 655 629 806 END
START 0 0 0 0 0 0 579 663 655 629 806 END
START 0 0 0 0 0 0 580 658 655 629 807 END
START 0 0 0 0 0 0 579 663 655 629 806 END
START 0 0 0 0 0 0 579 663 655 629 806 END
START 0 0 0 0 0 0 580 663 655 628 805 END
START 0 0 0 0 0 0 579 665 655 628 807 END
START 0 0 0 0 0 0 580 665 655 629 806 END
START 0 0 0 0 0 0 580 664 655 629 806 END
START 0 0 0 0 0 0 579 664 655 629 806 END
START 0 0 0 0 0 0 579 664 655 629 806 END
START 0 0 0 0 0 0 580 664 655 629 805 END
START 0 0 0 0 0 0 579 664 655 629 806 END
START 0 0 0 0 0 0 580 664 655 629 806 END
START 0 0 0 0 0 0 580 664 655 629 806 END
START 0 0 0 0 0 0 580 664 655 629 805 END
START 0 0 0 0 0 0 580 664 655 629 806 END
START 0 0 0 0 0 0 580 664 655 629 806 END
START 0 0 0 0 0 0 579 664 655 629 805 END
START 0 0 0 0 0 0 579 663 655 629 806 END
START 0 0 0 0 0 0 580 664 655 629 806 END
START 0 0 0 0 0 0 580 664 655 626 806 END
START 0 0 0 0 0 0 580 664 655 629 806 END
START 0 0 0 0 0 0 579 664 655 629 806 END
START 0 0 0 0 0 0 580 663 655 629 806 END
START 0 0 0 0 0 0 579 663 655 629 805 END
START 0 0 0 0 0 0 579 663 655 629 805 END
START 0 0 0 0 0 0 580 663 655 629 806 END
START 0 0 0 0 0 0 580 663 655 629 807 END
START 0 0 0 0 0 0 577 663 655 629 805 END
START 0 0 0 0 0 0 579 663 655 629 806 END
START 0 0 0 0 0 0 579 664 655 629 807 END
START 0 0 0 0 0 0 580 663 655 629 806 END
START 0 0 0 0 0 0 579 665 655 629 806 END
START 0 0 0 0 0 0 579 664 655 629 806 END
START 0 0 0 0 0 0 579 663 655 629 806 END
START 0 0 0 0 0 0 578 663 656 629 806 END
START 0 0 0 0 0 0 579 664 655 629 805 END
START 0 0 0 0 0 0 579 663 655 629 806 END
START 0 0 0 0 0 0 579 663 655 629 806 END
START 0 0 0 0 0 0 576 663 656 630 805 END
START 0 0 0 0 0 0 579 663 656 629 805 END
START 0 0 0 0 0 0 579 663 656 629 804 END
START 0 0 0 0 0 0 579 663 656 629 802 END
START 0 0 0 0 0 0 579 664 656 629 804 END
START 0 0 0 0 0 0 579 664 656 629 804 END
START 0 0 0 0 0 0 579 663 655 629 804 END
START 0 0 0 0 0 0 579 662 655 630 803 END
START 0 0 0 0 0 0 579 663 656 629 803 END
START 0 0 0 0 0 0 578 663 655 629 805 END
START 0 0 0 0 0 0 579 664 655 629 804 END
START 0 0 0 0 0 0 578 663 655 629 803 END
START 0 0 0 0 0 0 579 663 655 629 804 END
START 0 0 0 0 0 0 579 663 655 629 804 END
START 0 0 0 0 0 0 577 664 655 629 804 END
START 0 0 0 0 0 0 578 663 655 629 803 END
START 0 0 0 0 0 0 579 663 655 629 804 END
START 0 0 0 0 0 0 579 663 656 629 804 END
START 0 0 0 0 0 0 579 664 656 629 804 END
START 0 0 0 0 0 0 576 664 654 629 804 END
START 0 0 0 0 0 0 579 664 655 629 805 END
START 0 0 0 0 0 0 578 664 656 629 804 END
START 0 0 0 0 0 0 579 664 654 629 802 END
START 0 0 0 0 0 0 580 663 655 629 804 END
START 0 0 0 0 0 0 578 664 656 629 804 END
START 0 0 0 0 0 0 578 665 656 629 805 END
START 0 0 0 0 0 0 578 664 655 628 805 END
START 0 0 0 0 0 0 579 664 656 629 805 END
START 0 0 0 0 0 0 579 664 656 629 805 END
START 0 0 0 0 0 0 583 663 656 629 805 END
START 0 0 0 0 0 0 579 664 656 629 805 END
START 0 0 0 0 0 0 578 664 656 629 803 END
START 0 0 0 0 0 0 579 664 656 629 804 END
START 0 0 0 0 0 0 579 664 656 630 805 END
START 0 0 0 0 0 0 578 664 657 629 805 END
START 0 0 0 0 0 0 579 664 656 629 805 END
START 0 0 0 0 0 0 579 666 656 630 805 END
START 0 0 0 0 0 0 580 664 656 629 805 END
START 0 0 0 0 0 0 579 664 656 629 805 END
START 0 0 0 0 0 0 579 664 656 629 805 END
START 0 0 0 0 0 0 579 664 656 630 805 END
START 0 0 0 0 0 0 579 664 657 629 805 END
START 0 0 0 0 0 0 579 664 656 630 805 END
START 0 0 0 0 0 0 579 665 656 630 805 END
START 0 0 0 0 0 0 579 664 656 630 805 END
START 0 0 0 0 0 0 579 664 657 630 805 END
START 0 0 0 0 0 0 578 665 656 630 805 END
START 0 0 0 0 0 0 578 665 656 630 805 END
START 0 0 0 0 0 0 579 665 656 631 806 END
START 0 0 0 0 0 0 579 665 656 630 806 END
START 0 0 0 0 0 0 579 666 656 630 806 END
START 0 0 0 0 0 0 579 665 656 630 806 END
START 0 0 0 0 0 0 579 666 656 629 806 END
START 0 0 0 0 0 0 579 665 656 630 806 END
START 0 0 0 0 0 0 579 665 656 630 806 END
START 0 0 0 0 0 0 579 666 656 630 807 END
START 0 0 0 0 0 0 579 669 655 630 805 END
START 0 0 0 0 0 0 579 667 656 629 806 END
START 0 0 0 0 0 0 579 667 656 630 806 END
START 0 0 0 0 0 0 579 667 655 630 805 END
START 0 0 0 0 0 0 579 666 655 630 807 END
START 0 0 0 0 0 0 578 669 655 630 806 END
START 0 0 0 0 0 0 580 669 656 630 806 END
START 0 0 0 0 0 0 580 668 656 630 805 END
START 0 0 0 0 0 0 579 667 656 630 806 END
START 0 0 0 0 0 0 579 667 656 630 805 END
START 0 0 0 0 0 0 578 667 656 630 806 END
START 0 0 0 0 0 0 579 667 655 630 805 END
START 0 0 0 0 0 0 578 667 655 630 806 END
START 0 0 0 0 0 0 579 667 656 629 806 END
START 0 0 0 0 0 0 577 667 655 630 805 END
START 0 0 0 0 0 0 578 666 655 629 805 END
START 0 0 0 0 0 0 579 667 655 630 806 END
START 0 0 0 0 0 0 578 666 655 630 806 END
START 0 0 0 0 0 0 580 666 656 630 805 END
START 0 0 0 0 0 0 577 667 656 630 805 END
START 0 0 0 0 0 0 579 666 655 629 806 END
START 0 0 0 0 0 0 578 665 655 630 806 END
START 0 0 0 0 0 0 578 666 655 629 806 END
START 0 0 0 0 0 0 579 666 655 630 805 END
START 0 0 0 0 0 0 579 666 655 630 805 END
START 0 0 0 0 0 0 579 667 656 629 807 END
START 0 0 0 0 0 0 579 667 655 630 806 END
START 0 0 0 0 0 0 579 666 655 630 806 END
START 0 0 0 0 0 0 579 667 655 630 806 END
START 0 0 0 0 0 0 578 666 655 629 806 END
START 0 0 0 0 0 0 579 667 655 630 806 END
START 0 0 0 0 0 0 579 666 656 630 806 END
START 0 0 0 0 0 0 579 666 655 630 806 END
START 0 0 0 0 0 0 579 664 656 630 805 END
START 0 0 0 0 0 0 579 666 656 630 805 END
START 0 0 0 0 0 0 579 666 656 631 806 END
START 0 0 0 0 0 0 580 666 655 631 805 END
START 0 0 0 0 0 0 579 665 656 631 805 END
START 0 0 0 0 0 0 579 666 656 631 805 END
START 0 0 0 0 0 0 580 666 656 630 805 END
START 0 0 0 0 0 0 580 665 656 630 805 END
START 0 0 0 0 0 0 579 666 656 630 805 END
START 0 0 0 0 0 0 579 666 656 630 805 END
START 0 0 0 0 0 0 580 665 657 631 805 END
START 0 0 0 0 0 0 578 666 658 631 804 END
START 0 0 0 0 0 0 579 665 658 631 804 END
START 0 0 0 0 0 0 579 665 658 631 803 END
START 0 0 0 0 0 0 579 665 656 631 803 END
START 0 0 0 0 0 0 579 664 657 628 803 END
START 0 0 0 0 0 0 577 664 657 630 802 END
START 0 0 0 0 0 0 577 663 656 630 801 END
START 0 0 0 0 0 0 576 662 656 630 801 END
START 0 0 0 0 0 0 577 662 656 629 801 END
START 0 0 0 0 0 0 577 662 656 630 801 END
START 0 0 0 0 0 0 576 662 656 629 801 END
START 0 0 0 0 0 0 575 662 656 629 801 END
START 0 0 0 0 0 0 576 662 656 629 800 END
START 0 0 0 0 0 0 576 662 655 629 803 END
START 0 0 0 0 0 0 576 661 655 628 807 END
START 0 0 0 0 0 0 576 662 655 631 808 END
START 0 0 0 0 0 0 576 662 656 635 813 END
START 0 0 0 0 0 0 576 662 658 639 813 END
START 0 0 0 0 0 0 576 660 660 639 813 END
START 0 0 0 0 0 0 576 661 660 639 814 END
START 0 0 0 0 0 0 576 661 661 637 812 END
START 0 0 0 0 0 0 576 661 660 636 810 END
START 0 0 0 0 0 0 576 660 659 634 808 END
START 0 0 0 0 0 0 575 660 656 632 805 END
START 0 0 0 0 0 0 576 658 653 630 801 END
START 0 0 0 0 0 0 577 660 654 628 800 END
START 0 0 0 0 0 0 581 662 658 632 802 END
START 0 0 0 0 0 0 588 672 665 640 808 END
START 0 0 0 0 0 0 593 678 669 643 811 END
START 0 0 0 0 0 0 597 675 667 641 811 END
START 0 0 0 0 0 0 596 666 659 635 805 END
START 0 0 0 0 0 0 594 663 658 631 802 END
START 0 0 0 0 0 0 592 661 655 630 800 END
START 0 0 0 0 0 0 596 658 655 630 800 END
START 0 0 0 0 0 0 607 661 662 635 804 END
START 0 0 0 0 0 0 603 660 661 635 803 END
START 0 0 0 0 0 0 593 657 657 630 800 END
START 0 0 0 0 0 0 593 657 656 629 800 END
START 0 0 0 0 0 0 593 658 658 629 800 END
START 0 0 0 0 0 0 595 660 662 632 802 END
START 0 0 0 0 0 0 593 660 659 631 801 END
START 0 0 0 0 0 0 592 657 655 628 799 END
START 0 0 0 0 0 0 593 657 655 627 798 END
START 0 0 0 0 0 0 597 660 658 629 799 END
START 0 0 0 0 0 0 597 660 656 628 799 END
START 0 0 0 0 0 0 598 657 655 627 798 END
START 0 0 0 0 0 0 607 661 656 628 800 END
START 0 0 0 0 0 0 607 661 656 628 798 END
START 0 0 0 0 0 0 599 659 656 627 798 END
START 0 0 0 0 0 0 599 660 656 628 798 END
START 0 0 0 0 0 0 599 660 658 630 801 END
START 0 0 0 0 0 0 599 660 658 630 801 END
START 0 0 0 0 0 0 603 663 663 636 807 END
START 0 0 0 0 0 0 606 664 663 639 805 END
START 0 0 0 0 0 0 601 663 661 634 804 END
START 0 0 0 0 0 0 600 661 658 631 801 END
START 0 0 0 0 0 0 601 661 658 631 801 END
START 0 0 0 0 0 0 602 667 665 640 810 END
START 0 0 0 0 0 0 601 669 668 643 813 END
START 0 0 0 0 0 0 599 666 665 639 808 END
START 0 0 0 0 0 0 596 662 662 633 805 END
START 0 0 0 0 0 0 596 661 661 633 804 END
START 0 0 0 0 0 0 597 664 664 639 810 END
START 0 0 0 0 0 0 597 664 664 641 813 END
START 0 0 0 0 0 0 595 662 662 638 811 END
START 0 0 0 0 0 0 594 660 657 632 806 END
START 0 0 0 0 0 0 593 661 659 632 805 END
START 0 0 0 0 0 0 596 666 665 638 811 END
START 0 0 0 0 0 0 594 663 665 638 811 END
START 0 0 0 0 0 0 593 662 659 633 806 END
START 0 0 0 0 0 0 592 662 659 632 805 END
START 0 0 0 0 0 0 593 662 661 636 809 END
START 0 0 0 0 0 0 592 662 659 635 808 END
START 0 0 0 0 0 0 591 659 655 629 804 END
START 0 0 0 0 0 0 591 657 652 626 801 END
START 0 0 0 0 0 0 591 660 653 626 802 END
START 0 0 0 0 0 0 591 659 657 632 809 END
START 0 0 0 0 0 0 590 658 655 629 806 END
START 0 0 0 0 0 0 592 656 653 626 803 END
START 0 0 0 0 0 0 592 657 655 627 804 END
START 0 0 0 0 0 0 592 659 658 632 808 END
START 0 0 0 0 0 0 590 657 657 629 805 END
START 0 0 0 0 0 0 589 656 656 627 804 END
START 0 0 0 0 0 0 591 662 662 630 807 END
START 0 0 0 0 0 0 591 664 664 632 807 END
START 0 0 0 0 0 0 589 658 658 628 803 END
START 0 0 0 0 0 0 594 658 657 627 802 END
START 0 0 0 0 0 0 600 657 657 627 802 END
START 0 0 0 0 0 0 598 658 656 626 801 END
START 0 0 0 0 0 0 592 656 655 625 801 END
START 0 0 0 0 0 0 593 656 655 624 799 END
START 0 0 0 0 0 0 605 659 656 625 800 END
START 0 0 0 0 0 0 598 658 656 624 800 END
START 0 0 0 0 0 0 591 656 655 624 799 END
START 0 0 0 0 0 0 596 658 657 625 801 END
START 0 0 0 0 0 0 595 660 656 628 804 END
START 0 0 0 0 0 0 595 660 659 630 807 END
START 0 0 0 0 0 0 594 659 659 631 807 END
START 0 0 0 0 0 0 591 659 659 630 806 END
START 0 0 0 0 0 0 596 663 658 630 805 END
START 0 0 0 0 0 0 596 662 659 630 805 END
START 0 0 0 0 0 0 598 663 663 633 808 END
START 0 0 0 0 0 0 598 669 679 649 819 END
START 0 0 0 0 0 0 594 668 678 648 819 END
START 0 0 0 0 0 0 594 663 668 640 813 END
START 0 0 0 0 0 0 602 663 664 637 809 END
START 0 0 0 0 0 0 610 665 664 636 809 END
START 0 0 0 0 0 0 620 666 664 637 809 END
START 0 0 0 0 0 0 615 668 663 636 809 END
START 0 0 0 0 0 0 613 670 661 635 808 END
START 0 0 0 0 0 0 614 670 660 634 805 END
START 0 0 0 0 0 0 628 669 657 630 802 END
START 0 0 0 0 0 0 634 669 656 629 802 END
START 0 0 0 0 0 0 636 669 656 629 801 END
START 0 0 0 0 0 0 635 671 656 629 802 END
START 0 0 0 0 0 0 626 673 660 633 809 END
START 0 0 0 0 0 0 624 674 661 639 817 END
START 0 0 0 0 0 0 623 677 662 641 820 END
START 0 0 0 0 0 0 622 677 666 648 831 END
START 0 0 0 0 0 0 618 675 667 650 834 END
START 0 0 0 0 0 0 612 674 668 651 834 END
START 0 0 0 0 0 0 610 675 666 648 829 END
START 0 0 0 0 0 0 610 673 660 637 821 END
START 0 0 0 0 0 0 608 673 658 633 814 END
START 0 0 0 0 0 0 609 672 657 632 810 END
START 0 0 0 0 0 0 608 668 654 630 807 END
START 0 0 0 0 0 0 608 669 655 629 808 END
START 0 0 0 0 0 0 608 675 662 633 813 END
START 0 0 0 0 0 0 609 681 671 643 821 END
START 0 0 0 0 0 0 609 684 675 647 824 END
START 0 0 0 0 0 0 610 684 675 649 824 END
START 0 0 0 0 0 0 609 678 672 645 821 END
START 0 0 0 0 0 0 608 671 663 637 816 END
START 0 0 0 0 0 0 609 667 658 632 812 END
START 0 0 0 0 0 0 609 664 654 629 813 END
START 0 0 0 0 0 0 608 664 649 626 808 END
START 0 0 0 0 0 0 610 673 647 625 806 END
START 0 0 0 0 0 0 609 676 649 625 806 END
START 0 0 0 0 0 0 609 677 658 629 808 END
START 0 0 0 0 0 0 610 676 665 635 813 END
START 0 0 0 0 0 0 609 675 667 638 816 END
START 0 0 0 0 0 0 612 674 664 638 817 END
START 0 0 0 0 0 0 610 672 662 636 820 END
START 0 0 0 0 0 0 610 670 659 636 821 END
START 0 0 0 0 0 0 610 667 655 630 816 END
START 0 0 0 0 0 0 610 664 650 625 811 END
START 0 0 0 0 0 0 609 664 645 618 803 END
START 0 0 0 0 0 0 612 667 644 617 804 END
START 0 0 0 0 0 0 624 677 651 621 805 END
START 0 0 0 0 0 0 627 679 657 626 806 END
START 0 0 0 0 0 0 627 689 665 629 809 END
START 0 0 0 0 0 0 626 688 670 632 810 END
START 0 0 0 0 0 0 630 683 673 635 811 END
START 0 0 0 0 0 0 629 674 672 637 813 END
START 0 0 0 0 0 0 630 670 669 637 812 END
START 0 0 0 0 0 0 629 666 666 638 812 END
START 0 0 0 0 0 0 626 664 663 637 811 END
START 0 0 0 0 0 0 623 662 662 636 811 END
START 0 0 0 0 0 0 619 662 661 634 809 END
START 0 0 0 0 0 0 619 664 662 633 808 END
START 0 0 0 0 0 0 619 668 661 632 807 END
START 0 0 0 0 0 0 619 671 661 631 805 END
START 0 0 0 0 0 0 619 673 661 631 804 END
START 0 0 0 0 0 0 618 672 660 631 804 END
START 0 0 0 0 0 0 616 670 660 631 804 END
START 0 0 0 0 0 0 616 668 660 631 805 END
START 0 0 0 0 0 0 633 666 658 631 805 END
START 0 0 0 0 0 0 645 665 660 631 806 END
START 0 0 0 0 0 0 646 661 660 630 804 END
START 0 0 0 0 0 0 643 664 660 630 805 END
START 0 0 0 0 0 0 638 664 660 630 804 END
START 0 0 0 0 0 0 618 665 663 633 808 END
START 0 0 0 0 0 0 614 666 665 636 812 END
START 0 0 0 0 0 0 610 666 669 640 813 END
START 0 0 0 0 0 0 609 668 671 642 814 END
START 0 0 0 0 0 0 614 670 670 644 815 END
START 0 0 0 0 0 0 620 673 672 644 814 END
START 0 0 0 0 0 0 620 673 669 641 811 END
START 0 0 0 0 0 0 625 673 663 634 807 END
START 0 0 0 0 0 0 624 671 658 632 805 END
START 0 0 0 0 0 0 624 670 658 630 804 END
START 0 0 0 0 0 0 622 665 658 631 805 END
START 0 0 0 0 0 0 616 661 657 630 806 END
START 0 0 0 0 0 0 607 661 657 632 806 END
START 0 0 0 0 0 0 603 662 658 632 807 END
START 0 0 0 0 0 0 602 662 657 632 807 END
START 0 0 0 0 0 0 606 664 658 632 805 END
START 0 0 0 0 0 0 612 663 658 631 804 END
START 0 0 0 0 0 0 619 662 657 630 804 END
START 0 0 0 0 0 0 625 662 657 630 803 END
START 0 0 0 0 0 0 624 662 657 630 803 END
START 0 0 0 0 0 0 620 662 657 630 803 END
START 0 0 0 0 0 0 618 664 661 632 804 END
START 0 0 0 0 0 0 612 669 665 636 810 END
START 0 0 0 0 0 0 613 671 668 639 812 END
START 0 0 0 0 0 0 612 671 667 638 812 END
START 0 0 0 0 0 0 611 669 665 637 810 END
START 0 0 0 0 0 0 611 667 662 634 808 END
START 0 0 0 0 0 0 611 665 659 631 805 END
START 0 0 0 0 0 0 609 663 658 630 804 END
START 0 0 0 0 0 0 609 664 657 630 809 END
START 0 0 0 0 0 0 608 663 657 631 819 END
START 0 0 0 0 0 0 610 662 657 630 823 END
START 0 0 0 0 0 0 611 663 657 630 818 END
START 0 0 0 0 0 0 613 666 657 630 815 END
START 0 0 0 0 0 0 614 668 657 629 812 END
START 0 0 0 0 0 0 614 673 658 630 812 END
START 0 0 0 0 0 0 614 675 659 629 812 END
START 0 0 0 0 0 0 615 678 662 630 812 END
START 0 0 0 0 0 0 615 678 666 631 810 END
START 0 0 0 0 0 0 615 680 670 634 812 END
START 0 0 0 0 0 0 615 680 673 637 810 END
START 0 0 0 0 0 0 614 674 674 638 809 END
START 0 0 0 0 0 0 611 672 675 638 809 END
START 0 0 0 0 0 0 610 669 667 637 808 END
START 0 0 0 0 0 0 611 667 667 635 807 END
START 0 0 0 0 0 0 610 666 665 633 806 END
START 0 0 0 0 0 0 610 672 665 633 805 END
START 0 0 0 0 0 0 609 674 666 633 804 END
START 0 0 0 0 0 0 609 674 666 633 804 END
START 0 0 0 0 0 0 609 674 668 635 805 END
START 0 0 0 0 0 0 610 673 669 639 810 END
START 0 0 0 0 0 0 609 673 669 642 816 END
START 0 0 0 0 0 0 609 673 668 641 814 END
START 0 0 0 0 0 0 610 670 666 638 809 END
START 0 0 0 0 0 0 610 666 661 633 805 END
START 0 0 0 0 0 0 611 664 659 631 803 END
START 0 0 0 0 0 0 611 662 657 629 800 END
START 0 0 0 0 0 0 611 662 657 629 799 END
START 0 0 0 0 0 0 611 664 658 629 800 END
START 0 0 0 0 0 0 611 668 663 631 799 END
START 0 0 0 0 0 0 610 671 664 631 800 END
START 0 0 0 0 0 0 610 674 665 633 802 END
START 0 0 0 0 0 0 610 673 666 634 804 END
START 0 0 0 0 0 0 610 670 665 635 805 END
START 0 0 0 0 0 0 610 668 663 633 803 END
START 0 0 0 0 0 0 610 667 658 630 803 END
START 0 0 0 0 0 0 610 665 656 629 801 END
START 0 0 0 0 0 0 611 669 656 628 803 END
START 0 0 0 0 0 0 616 674 657 628 800 END
START 0 0 0 0 0 0 622 677 661 629 802 END
START 0 0 0 0 0 0 628 675 665 630 802 END
START 0 0 0 0 0 0 628 673 665 631 805 END
START 0 0 0 0 0 0 623 670 665 632 807 END
START 0 0 0 0 0 0 615 670 665 633 808 END
START 0 0 0 0 0 0 613 669 665 633 806 END
START 0 0 0 0 0 0 611 668 665 632 806 END
START 0 0 0 0 0 0 620 669 665 632 806 END
START 0 0 0 0 0 0 620 669 665 631 804 END
START 0 0 0 0 0 0 615 670 665 632 804 END
START 0 0 0 0 0 0 612 670 666 632 804 END
START 0 0 0 0 0 0 607 671 669 634 805 END
START 0 0 0 0 0 0 604 671 669 635 805 END
START 0 0 0 0 0 0 603 670 665 631 802 END
START 0 0 0 0 0 0 602 672 662 629 801 END
START 0 0 0 0 0 0 601 671 661 628 800 END
START 0 0 0 0 0 0 599 668 661 625 797 END
START 0 0 0 0 0 0 598 668 660 627 798 END
START 0 0 0 0 0 0 598 667 660 627 797 END
START 0 0 0 0 0 0 599 666 659 626 797 END
START 0 0 0 0 0 0 597 665 659 625 796 END
START 0 0 0 0 0 0 598 664 658 625 795 END
START 0 0 0 0 0 0 596 662 657 624 794 END
START 0 0 0 0 0 0 596 662 657 624 794 END
START 0 0 0 0 0 0 597 662 657 624 793 END
START 0 0 0 0 0 0 596 661 657 624 793 END
START 0 0 0 0 0 0 596 661 657 623 794 END
START 0 0 0 0 0 0 598 661 657 623 793 END
START 0 0 0 0 0 0 596 662 657 623 794 END
START 0 0 0 0 0 0 597 661 657 623 793 END
START 0 0 0 0 0 0 598 661 657 623 794 END
START 0 0 0 0 0 0 599 662 658 624 793 END
START 0 0 0 0 0 0 604 662 657 623 793 END
START 0 0 0 0 0 0 604 663 659 624 795 END
START 0 0 0 0 0 0 602 662 662 627 799 END
START 0 0 0 0 0 0 601 663 664 635 810 END
START 0 0 0 0 0 0 602 664 665 639 815 END
START 0 0 0 0 0 0 606 664 665 638 814 END
START 0 0 0 0 0 0 618 664 661 634 807 END
START 0 0 0 0 0 0 633 664 658 629 802 END
START 0 0 0 0 0 0 643 664 657 627 800 END
