START 0 0 0 0 0 0 720 635 744 736 890 END
START 0 0 0 0 0 0 721 635 744 736 890 END
START 0 0 0 0 0 0 720 635 744 735 890 END
START 0 0 0 0 0 0 721 636 745 736 890 END
START 0 0 0 0 0 0 722 636 744 735 890 END
START 0 0 0 0 0 0 721 636 744 735 890 END
START 0 0 0 0 0 0 722 636 744 735 889 END
START 0 0 0 0 0 0 720 636 744 735 890 END
START 0 0 0 0 0 0 721 636 744 734 894 END
START 0 0 0 0 0 0 720 636 744 736 891 END
START 0 0 0 0 0 0 720 637 745 735 890 END
START 0 0 0 0 0 0 720 637 744 735 889 END
START 0 0 0 0 0 0 720 636 744 735 890 END
START 0 0 0 0 0 0 720 637 744 735 890 END
START 0 0 0 0 0 0 722 637 744 735 890 END
START 0 0 0 0 0 0 721 637 744 736 890 END
START 0 0 0 0 0 0 721 636 744 735 889 END
START 0 0 0 0 0 0 721 636 744 735 889 END
START 0 0 0 0 0 0 721 637 743 735 889 END
START 0 0 0 0 0 0 720 637 744 735 890 END
START 0 0 0 0 0 0 721 637 744 735 890 END
START 0 0 0 0 0 0 721 638 744 735 889 END
START 0 0 0 0 0 0 722 639 744 735 890 END
START 0 0 0 0 0 0 721 638 744 735 889 END
START 0 0 0 0 0 0 721 638 744 735 889 END
START 0 0 0 0 0 0 720 637 745 735 890 END
START 0 0 0 0 0 0 721 637 744 735 890 END
START 0 0 0 0 0 0 720 638 745 736 890 END
START 0 0 0 0 0 0 720 638 744 735 889 END
START 0 0 0 0 0 0 721 638 745 735 890 END
START 0 0 0 0 0 0 721 638 744 735 890 END
START 0 0 0 0 0 0 720 637 745 735 890 END
START 0 0 0 0 0 0 721 636 744 735 890 END
START 0 0 0 0 0 0 721 636 744 735 890 END
START 0 0 0 0 0 0 721 636 744 735 890 END
START 0 0 0 0 0 0 720 636 744 735 891 END
START 0 0 0 0 0 0 720 636 745 735 889 END
START 0 0 0 0 0 0 721 636 744 734 890 END
START 0 0 0 0 0 0 721 636 744 735 889 END
START 0 0 0 0 0 0 722 636 744 735 889 END
START 0 0 0 0 0 0 721 636 744 735 890 END
START 0 0 0 0 0 0 722 636 744 735 890 END
START 0 0 0 0 0 0 721 636 744 735 890 END
START 0 0 0 0 0 0 721 637 745 736 893 END
START 0 0 0 0 0 0 720 637 744 736 890 END
START 0 0 0 0 0 0 721 637 744 735 889 END
START 0 0 0 0 0 0 721 637 744 735 890 END
START 0 0 0 0 0 0 721 638 744 735 889 END
START 0 0 0 0 0 0 721 637 744 735 889 END
START 0 0 0 0 0 0 721 637 743 735 890 END
START 0 0 0 0 0 0 720 637 744 735 890 END
START 0 0 0 0 0 0 720 637 744 735 891 END
START 0 0 0 0 0 0 719 638 744 736 890 END
START 0 0 0 0 0 0 720 638 743 736 891 END
START 0 0 0 0 0 0 720 638 744 735 890 END
START 0 0 0 0 0 0 720 638 743 735 890 END
START 0 0 0 0 0 0 722 639 744 735 889 END
START 0 0 0 0 0 0 721 638 744 735 890 END
START 0 0 0 0 0 0 721 638 743 735 890 END
START 0 0 0 0 0 0 719 639 744 735 890 END
START 0 0 0 0 0 0 719 639 744 735 890 END
START 0 0 0 0 0 0 719 639 743 735 890 END
START 0 0 0 0 0 0 720 639 744 735 890 END
START 0 0 0 0 0 0 720 638 743 735 890 END
START 0 0 0 0 0 0 719 638 744 735 888 END
START 0 0 0 0 0 0 720 638 744 735 889 END
START 0 0 0 0 0 0 720 639 744 735 889 END
START 0 0 0 0 0 0 719 638 744 735 888 END
START 0 0 0 0 0 0 719 638 743 735 890 END
START 0 0 0 0 0 0 719 638 743 735 889 END
START 0 0 0 0 0 0 719 638 744 734 889 END
START 0 0 0 0 0 0 720 638 743 735 890 END
START 0 0 0 0 0 0 720 638 743 734 889 END
START 0 0 0 0 0 0 720 638 744 734 890 END
START 0 0 0 0 0 0 720 639 744 735 890 END
START 0 0 0 0 0 0 720 640 744 735 890 END
START 0 0 0 0 0 0 719 640 744 735 890 END
START 0 0 0 0 0 0 720 639 744 734 889 END
START 0 0 0 0 0 0 720 640 744 735 889 END
START 0 0 0 0 0 0 720 640 743 735 889 END
START 0 0 0 0 0 0 719 639 744 735 889 END
START 0 0 0 0 0 0 719 639 743 735 890 END
START 0 0 0 0 0 0 719 640 744 734 889 END
START 0 0 0 0 0 0 719 639 744 735 890 END
START 0 0 0 0 0 0 719 640 743 735 889 END
START 0 0 0 0 0 0 719 639 743 734 889 END
START 0 0 0 0 0 0 720 640 743 735 889 END
START 0 0 0 0 0 0 720 640 743 735 889 END
START 0 0 0 0 0 0 721 640 743 735 888 END
START 0 0 0 0 0 0 720 642 743 735 890 END
START 0 0 0 0 0 0 719 643 744 735 890 END
START 0 0 0 0 0 0 719 643 743 735 890 END
START 0 0 0 0 0 0 719 643 744 735 889 END
START 0 0 0 0 0 0 718 642 743 735 890 END
START 0 0 0 0 0 0 719 643 744 734 888 END
START 0 0 0 0 0 0 720 642 743 735 889 END
START 0 0 0 0 0 0 720 642 743 734 888 END
START 0 0 0 0 0 0 720 641 743 735 891 END
START 0 0 0 0 0 0 719 641 745 738 891 END
START 0 0 0 0 0 0 718 640 745 738 891 END
START 0 0 0 0 0 0 719 641 744 737 891 END
START 0 0 0 0 0 0 720 640 744 736 890 END
START 0 0 0 0 0 0 721 641 744 735 891 END
START 0 0 0 0 0 0 721 641 743 735 890 END
START 0 0 0 0 0 0 721 640 743 735 890 END
START 0 0 0 0 0 0 719 639 743 736 891 END
START 0 0 0 0 0 0 718 640 744 738 892 END
START 0 0 0 0 0 0 717 640 745 739 894 END
START 0 0 0 0 0 0 717 639 744 739 891 END
START 0 0 0 0 0 0 717 639 744 738 891 END
START 0 0 0 0 0 0 718 639 743 737 890 END
START 0 0 0 0 0 0 718 639 743 736 890 END
START 0 0 0 0 0 0 717 639 743 735 890 END
START 0 0 0 0 0 0 717 639 743 736 890 END
START 0 0 0 0 0 0 717 639 743 736 890 END
START 0 0 0 0 0 0 718 640 743 736 890 END
START 0 0 0 0 0 0 717 639 743 735 891 END
START 0 0 0 0 0 0 717 640 743 735 890 END
START 0 0 0 0 0 0 718 639 743 735 890 END
START 0 0 0 0 0 0 718 640 743 735 890 END
START 0 0 0 0 0 0 719 640 743 736 889 END
START 0 0 0 0 0 0 718 639 743 736 890 END
START 0 0 0 0 0 0 719 639 743 736 890 END
START 0 0 0 0 0 0 718 639 742 735 890 END
START 0 0 0 0 0 0 717 640 743 736 890 END
START 0 0 0 0 0 0 717 640 743 735 890 END
START 0 0 0 0 0 0 717 641 743 735 890 END
START 0 0 0 0 0 0 717 639 742 735 890 END
START 0 0 0 0 0 0 718 640 743 735 890 END
START 0 0 0 0 0 0 717 640 743 735 890 END
START 0 0 0 0 0 0 719 639 742 735 889 END
START 0 0 0 0 0 0 718 639 742 735 890 END
START 0 0 0 0 0 0 718 639 742 735 890 END
START 0 0 0 0 0 0 717 639 742 735 890 END
START 0 0 0 0 0 0 717 640 743 735 889 END
START 0 0 0 0 0 0 718 640 743 735 890 END
START 0 0 0 0 0 0 716 639 742 734 889 END
START 0 0 0 0 0 0 717 639 742 733 893 END
START 0 0 0 0 0 0 717 640 742 734 889 END
START 0 0 0 0 0 0 717 640 742 734 889 END
START 0 0 0 0 0 0 718 640 742 734 889 END
START 0 0 0 0 0 0 717 641 742 734 889 END
START 0 0 0 0 0 0 717 641 742 734 889 END
START 0 0 0 0 0 0 717 641 742 735 889 END
START 0 0 0 0 0 0 717 641 741 734 889 END
START 0 0 0 0 0 0 717 640 742 734 889 END
START 0 0 0 0 0 0 717 640 742 734 889 END
START 0 0 0 0 0 0 717 641 742 734 888 END
START 0 0 0 0 0 0 717 640 742 734 889 END
START 0 0 0 0 0 0 717 640 742 734 889 END
START 0 0 0 0 0 0 716 640 742 734 889 END
START 0 0 0 0 0 0 716 640 742 734 889 END
START 0 0 0 0 0 0 716 641 742 734 889 END
START 0 0 0 0 0 0 716 640 741 734 889 END
START 0 0 0 0 0 0 716 641 741 734 888 END
START 0 0 0 0 0 0 716 641 742 734 889 END
START 0 0 0 0 0 0 717 641 742 734 888 END
START 0 0 0 0 0 0 716 640 742 734 888 END
START 0 0 0 0 0 0 717 640 742 734 888 END
START 0 0 0 0 0 0 716 640 742 734 889 END
START 0 0 0 0 0 0 715 641 742 734 889 END
START 0 0 0 0 0 0 717 642 743 734 888 END
START 0 0 0 0 0 0 716 641 742 735 889 END
START 0 0 0 0 0 0 716 641 742 734 888 END
START 0 0 0 0 0 0 716 641 743 734 888 END
START 0 0 0 0 0 0 716 641 742 735 889 END
START 0 0 0 0 0 0 716 641 742 734 888 END
START 0 0 0 0 0 0 716 641 742 734 889 END
START 0 0 0 0 0 0 716 641 742 734 889 END
START 0 0 0 0 0 0 716 641 742 735 889 END
START 0 0 0 0 0 0 716 641 742 734 888 END
START 0 0 0 0 0 0 716 641 742 734 888 END
START 0 0 0 0 0 0 716 641 742 734 889 END
START 0 0 0 0 0 0 717 642 742 734 889 END
START 0 0 0 0 0 0 717 642 742 734 889 END
START 0 0 0 0 0 0 716 642 741 734 889 END
START 0 0 0 0 0 0 716 642 742 733 888 END
START 0 0 0 0 0 0 716 642 742 734 889 END
START 0 0 0 0 0 0 716 643 742 733 888 END
START 0 0 0 0 0 0 716 642 741 734 888 END
START 0 0 0 0 0 0 716 642 742 734 889 END
START 0 0 0 0 0 0 716 642 741 734 888 END
START 0 0 0 0 0 0 715 642 741 734 888 END
START 0 0 0 0 0 0 716 642 741 734 889 END
START 0 0 0 0 0 0 716 642 742 734 888 END
START 0 0 0 0 0 0 716 642 742 734 888 END
START 0 0 0 0 0 0 715 642 742 734 889 END
START 0 0 0 0 0 0 716 643 742 734 888 END
START 0 0 0 0 0 0 716 643 742 733 888 END
START 0 0 0 0 0 0 715 642 741 734 889 END
START 0 0 0 0 0 0 716 643 742 734 889 END
START 0 0 0 0 0 0 716 642 741 734 888 END
START 0 0 0 0 0 0 716 643 742 734 888 END
START 0 0 0 0 0 0 717 643 741 734 889 END
START 0 0 0 0 0 0 716 642 741 734 888 END
START 0 0 0 0 0 0 716 643 742 734 888 END
START 0 0 0 0 0 0 716 643 742 734 889 END
START 0 0 0 0 0 0 716 643 741 734 888 END
START 0 0 0 0 0 0 716 643 741 734 888 END
START 0 0 0 0 0 0 716 643 742 734 889 END
START 0 0 0 0 0 0 716 643 741 734 889 END
START 0 0 0 0 0 0 716 643 742 734 888 END
START 0 0 0 0 0 0 716 643 742 733 888 END
START 0 0 0 0 0 0 716 644 742 734 889 END
START 0 0 0 0 0 0 718 644 741 734 888 END
START 0 0 0 0 0 0 716 643 741 734 888 END
START 0 0 0 0 0 0 716 643 741 734 888 END
START 0 0 0 0 0 0 716 643 742 732 891 END
START 0 0 0 0 0 0 716 644 742 734 888 END
START 0 0 0 0 0 0 716 644 741 733 888 END
START 0 0 0 0 0 0 716 644 742 734 889 END
START 0 0 0 0 0 0 716 644 742 733 888 END
START 0 0 0 0 0 0 715 644 741 734 889 END
START 0 0 0 0 0 0 716 644 741 733 888 END
START 0 0 0 0 0 0 715 644 741 733 888 END
START 0 0 0 0 0 0 715 644 741 733 887 END
START 0 0 0 0 0 0 716 644 742 733 887 END
START 0 0 0 0 0 0 716 645 741 733 888 END
START 0 0 0 0 0 0 716 644 741 733 888 END
START 0 0 0 0 0 0 716 645 741 733 888 END
START 0 0 0 0 0 0 716 645 741 733 888 END
START 0 0 0 0 0 0 716 645 742 733 888 END
START 0 0 0 0 0 0 715 645 741 734 889 END
START 0 0 0 0 0 0 716 645 741 733 888 END
START 0 0 0 0 0 0 716 644 741 733 888 END
START 0 0 0 0 0 0 715 644 742 733 888 END
START 0 0 0 0 0 0 716 644 741 734 889 END
START 0 0 0 0 0 0 715 645 741 734 888 END
START 0 0 0 0 0 0 716 645 741 734 888 END
START 0 0 0 0 0 0 715 645 741 733 888 END
START 0 0 0 0 0 0 716 645 740 733 889 END
START 0 0 0 0 0 0 715 645 741 733 888 END
START 0 0 0 0 0 0 715 645 741 734 888 END
START 0 0 0 0 0 0 715 645 742 733 888 END
START 0 0 0 0 0 0 715 644 741 734 888 END
START 0 0 0 0 0 0 716 645 741 733 888 END
START 0 0 0 0 0 0 716 645 741 733 888 END
START 0 0 0 0 0 0 715 644 741 734 888 END
START 0 0 0 0 0 0 716 645 741 732 888 END
START 0 0 0 0 0 0 715 645 741 734 889 END
START 0 0 0 0 0 0 715 645 741 733 888 END
START 0 0 0 0 0 0 714 645 741 733 888 END
START 0 0 0 0 0 0 715 645 741 733 887 END
START 0 0 0 0 0 0 715 645 741 733 887 END
START 0 0 0 0 0 0 715 645 740 732 891 END
START 0 0 0 0 0 0 715 645 741 732 888 END
START 0 0 0 0 0 0 716 645 741 733 888 END
START 0 0 0 0 0 0 716 645 741 733 889 END
START 0 0 0 0 0 0 716 646 741 733 888 END
START 0 0 0 0 0 0 715 645 741 733 888 END
START 0 0 0 0 0 0 715 645 741 733 888 END
START 0 0 0 0 0 0 715 645 741 733 888 END
START 0 0 0 0 0 0 714 646 742 733 888 END
START 0 0 0 0 0 0 716 646 741 733 887 END
START 0 0 0 0 0 0 715 646 741 733 889 END
START 0 0 0 0 0 0 716 646 741 733 889 END
START 0 0 0 0 0 0 716 646 741 733 888 END
START 0 0 0 0 0 0 715 646 741 733 888 END
START 0 0 0 0 0 0 715 646 740 733 888 END
START 0 0 0 0 0 0 714 646 740 733 888 END
START 0 0 0 0 0 0 715 646 741 734 889 END
START 0 0 0 0 0 0 715 646 741 733 888 END
START 0 0 0 0 0 0 715 647 740 732 887 END
START 0 0 0 0 0 0 716 646 741 733 888 END
START 0 0 0 0 0 0 714 647 741 733 887 END
START 0 0 0 0 0 0 715 649 741 733 888 END
START 0 0 0 0 0 0 714 649 740 733 888 END
START 0 0 0 0 0 0 714 649 741 733 889 END
START 0 0 0 0 0 0 714 649 741 734 888 END
START 0 0 0 0 0 0 715 648 740 733 888 END
START 0 0 0 0 0 0 714 648 741 734 888 END
START 0 0 0 0 0 0 714 648 740 733 888 END
START 0 0 0 0 0 0 714 648 741 733 888 END
START 0 0 0 0 0 0 715 647 743 733 888 END
START 0 0 0 0 0 0 715 648 741 732 888 END
START 0 0 0 0 0 0 715 648 741 733 888 END
START 0 0 0 0 0 0 714 648 740 733 887 END
START 0 0 0 0 0 0 715 648 741 733 887 END
START 0 0 0 0 0 0 714 648 741 733 889 END
START 0 0 0 0 0 0 714 648 741 733 888 END
START 0 0 0 0 0 0 714 648 740 733 888 END
START 0 0 0 0 0 0 715 648 741 733 888 END
START 0 0 0 0 0 0 714 647 741 733 888 END
START 0 0 0 0 0 0 715 647 741 733 888 END
START 0 0 0 0 0 0 715 647 740 733 887 END
START 0 0 0 0 0 0 714 647 741 733 887 END
START 0 0 0 0 0 0 714 647 741 733 886 END
START 0 0 0 0 0 0 714 647 741 733 888 END
START 0 0 0 0 0 0 714 647 740 733 887 END
START 0 0 0 0 0 0 714 647 740 733 887 END
START 0 0 0 0 0 0 714 648 741 733 887 END
START 0 0 0 0 0 0 715 647 741 733 888 END
START 0 0 0 0 0 0 715 648 741 734 888 END
START 0 0 0 0 0 0 715 647 740 732 887 END
START 0 0 0 0 0 0 715 647 741 733 888 END
START 0 0 0 0 0 0 713 648 740 733 887 END
START 0 0 0 0 0 0 714 648 740 733 888 END
START 0 0 0 0 0 0 714 647 740 733 888 END
START 0 0 0 0 0 0 715 647 740 733 888 END
START 0 0 0 0 0 0 715 647 740 734 888 END
START 0 0 0 0 0 0 715 647 741 733 888 END
START 0 0 0 0 0 0 715 647 741 733 888 END
START 0 0 0 0 0 0 714 647 740 733 889 END
START 0 0 0 0 0 0 714 647 740 733 888 END
START 0 0 0 0 0 0 714 648 741 733 887 END
START 0 0 0 0 0 0 714 648 741 733 888 END
START 0 0 0 0 0 0 714 648 740 732 888 END
START 0 0 0 0 0 0 714 647 741 733 887 END
START 0 0 0 0 0 0 714 648 740 732 888 END
START 0 0 0 0 0 0 715 648 740 733 887 END
START 0 0 0 0 0 0 715 648 740 733 888 END
START 0 0 0 0 0 0 714 648 741 733 887 END
START 0 0 0 0 0 0 715 648 741 733 888 END
START 0 0 0 0 0 0 714 648 740 732 887 END
START 0 0 0 0 0 0 714 647 741 733 887 END
START 0 0 0 0 0 0 714 647 740 733 888 END
START 0 0 0 0 0 0 714 647 740 732 887 END
START 0 0 0 0 0 0 713 647 740 733 887 END
START 0 0 0 0 0 0 714 648 741 733 888 END
START 0 0 0 0 0 0 714 647 740 733 888 END
START 0 0 0 0 0 0 715 648 740 733 888 END
START 0 0 0 0 0 0 714 647 740 732 887 END
START 0 0 0 0 0 0 714 647 740 733 888 END
START 0 0 0 0 0 0 714 647 740 733 887 END
START 0 0 0 0 0 0 714 648 740 733 887 END
START 0 0 0 0 0 0 714 647 740 733 888 END
START 0 0 0 0 0 0 714 648 740 733 888 END
START 0 0 0 0 0 0 714 647 741 733 888 END
START 0 0 0 0 0 0 714 647 740 733 887 END
START 0 0 0 0 0 0 713 648 740 732 887 END
START 0 0 0 0 0 0 714 647 740 733 888 END
START 0 0 0 0 0 0 715 647 740 732 888 END
START 0 0 0 0 0 0 714 647 740 733 888 END
START 0 0 0 0 0 0 714 647 740 733 888 END
START 0 0 0 0 0 0 715 646 742 733 888 END
START 0 0 0 0 0 0 714 647 740 733 887 END
START 0 0 0 0 0 0 715 647 740 733 887 END
START 0 0 0 0 0 0 714 647 741 733 887 END
START 0 0 0 0 0 0 716 647 742 733 888 END
START 0 0 0 0 0 0 719 646 742 733 887 END
START 0 0 0 0 0 0 718 646 741 733 887 END
START 0 0 0 0 0 0 719 646 742 733 887 END
START 0 0 0 0 0 0 720 646 742 733 888 END
START 0 0 0 0 0 0 722 645 741 733 889 END
START 0 0 0 0 0 0 723 645 742 734 888 END
START 0 0 0 0 0 0 726 645 743 733 889 END
START 0 0 0 0 0 0 729 645 744 735 890 END
START 0 0 0 0 0 0 729 645 746 735 892 END
START 0 0 0 0 0 0 731 645 748 734 893 END
START 0 0 0 0 0 0 732 646 749 735 895 END
START 0 0 0 0 0 0 734 646 748 735 895 END
START 0 0 0 0 0 0 735 647 750 735 896 END
START 0 0 0 0 0 0 736 647 750 736 898 END
START 0 0 0 0 0 0 738 648 750 736 898 END
START 0 0 0 0 0 0 738 649 750 736 898 END
START 0 0 0 0 0 0 738 649 750 736 899 END
START 0 0 0 0 0 0 737 650 751 737 898 END
START 0 0 0 0 0 0 736 650 750 736 898 END
START 0 0 0 0 0 0 736 650 749 736 898 END
START 0 0 0 0 0 0 736 647 749 736 897 END
START 0 0 0 0 0 0 736 647 749 736 897 END
START 0 0 0 0 0 0 734 645 750 736 898 END
START 0 0 0 0 0 0 733 643 748 737 899 END
START 0 0 0 0 0 0 732 643 748 737 897 END
START 0 0 0 0 0 0 732 643 747 736 897 END
START 0 0 0 0 0 0 732 645 747 736 897 END
START 0 0 0 0 0 0 732 645 748 736 897 END
START 0 0 0 0 0 0 732 645 746 736 897 END
START 0 0 0 0 0 0 732 645 747 735 896 END
START 0 0 0 0 0 0 732 643 747 736 897 END
START 0 0 0 0 0 0 731 645 747 735 896 END
START 0 0 0 0 0 0 732 644 746 736 896 END
START 0 0 0 0 0 0 731 644 747 736 897 END
START 0 0 0 0 0 0 733 645 748 736 896 END
START 0 0 0 0 0 0 735 644 749 737 895 END
START 0 0 0 0 0 0 735 645 749 736 895 END
START 0 0 0 0 0 0 737 645 750 737 894 END
START 0 0 0 0 0 0 735 645 749 736 894 END
START 0 0 0 0 0 0 736 645 749 736 895 END
START 0 0 0 0 0 0 735 645 749 736 894 END
START 0 0 0 0 0 0 734 644 748 736 894 END
START 0 0 0 0 0 0 734 644 748 736 894 END
START 0 0 0 0 0 0 733 644 748 736 894 END
START 0 0 0 0 0 0 734 644 748 736 893 END
START 0 0 0 0 0 0 733 644 748 736 895 END
START 0 0 0 0 0 0 733 645 748 736 894 END
START 0 0 0 0 0 0 733 646 747 736 894 END
START 0 0 0 0 0 0 733 646 747 735 894 END
START 0 0 0 0 0 0 733 646 747 736 894 END
START 0 0 0 0 0 0 731 646 746 735 894 END
START 0 0 0 0 0 0 731 646 747 735 894 END
START 0 0 0 0 0 0 731 646 747 735 894 END
START 0 0 0 0 0 0 732 646 746 735 894 END
START 0 0 0 0 0 0 731 646 747 735 893 END
START 0 0 0 0 0 0 732 646 746 735 894 END
START 0 0 0 0 0 0 731 646 747 735 894 END
START 0 0 0 0 0 0 732 646 746 735 894 END
START 0 0 0 0 0 0 731 646 746 735 894 END
START 0 0 0 0 0 0 731 646 746 735 893 END
START 0 0 0 0 0 0 732 647 745 735 894 END
