START 0 0 0 0 0 0 672 717 698 659 897 END
START 0 0 0 0 0 0 673 717 698 659 899 END
START 0 0 0 0 0 0 673 716 697 659 898 END
START 0 0 0 0 0 0 673 716 698 659 899 END
START 0 0 0 0 0 0 673 717 698 659 898 END
START 0 0 0 0 0 0 674 717 698 660 898 END
START 0 0 0 0 0 0 675 717 699 659 899 END
START 0 0 0 0 0 0 675 716 697 659 898 END
START 0 0 0 0 0 0 676 716 698 659 898 END
START 0 0 0 0 0 0 675 716 697 659 898 END
START 0 0 0 0 0 0 675 717 697 659 898 END
START 0 0 0 0 0 0 673 716 697 659 898 END
START 0 0 0 0 0 0 673 716 697 659 898 END
START 0 0 0 0 0 0 671 716 698 659 898 END
START 0 0 0 0 0 0 670 715 697 659 898 END
START 0 0 0 0 0 0 666 715 697 659 901 END
START 0 0 0 0 0 0 662 713 696 659 899 END
START 0 0 0 0 0 0 663 713 696 658 899 END
START 0 0 0 0 0 0 662 712 696 658 899 END
START 0 0 0 0 0 0 663 712 696 658 899 END
START 0 0 0 0 0 0 664 711 696 658 898 END
START 0 0 0 0 0 0 666 711 696 658 897 END
START 0 0 0 0 0 0 666 711 695 657 896 END
START 0 0 0 0 0 0 667 711 695 657 896 END
START 0 0 0 0 0 0 667 710 696 657 895 END
START 0 0 0 0 0 0 668 711 695 657 895 END
START 0 0 0 0 0 0 668 711 695 657 895 END
START 0 0 0 0 0 0 668 711 695 657 895 END
START 0 0 0 0 0 0 669 711 695 657 895 END
START 0 0 0 0 0 0 669 712 695 657 895 END
START 0 0 0 0 0 0 669 711 695 657 895 END
START 0 0 0 0 0 0 668 711 694 657 895 END
START 0 0 0 0 0 0 668 712 695 656 894 END
START 0 0 0 0 0 0 668 711 694 656 895 END
START 0 0 0 0 0 0 668 712 694 656 894 END
START 0 0 0 0 0 0 669 711 694 656 895 END
START 0 0 0 0 0 0 669 711 694 655 894 END
START 0 0 0 0 0 0 668 711 693 655 895 END
START 0 0 0 0 0 0 668 712 693 654 895 END
START 0 0 0 0 0 0 668 713 693 653 894 END
START 0 0 0 0 0 0 668 713 692 653 895 END
START 0 0 0 0 0 0 668 713 693 653 894 END
START 0 0 0 0 0 0 669 715 692 653 895 END
START 0 0 0 0 0 0 668 715 692 652 896 END
START 0 0 0 0 0 0 668 717 692 652 897 END
START 0 0 0 0 0 0 667 719 691 651 896 END
START 0 0 0 0 0 0 668 721 693 654 896 END
START 0 0 0 0 0 0 668 722 695 660 896 END
START 0 0 0 0 0 0 669 722 695 660 897 END
START 0 0 0 0 0 0 669 722 695 659 896 END
START 0 0 0 0 0 0 670 722 695 659 899 END
START 0 0 0 0 0 0 670 722 694 657 895 END
START 0 0 0 0 0 0 670 720 693 655 895 END
START 0 0 0 0 0 0 670 719 692 654 895 END
START 0 0 0 0 0 0 670 719 692 653 895 END
START 0 0 0 0 0 0 671 719 692 653 898 END
START 0 0 0 0 0 0 672 718 691 652 895 END
START 0 0 0 0 0 0 671 717 691 652 895 END
START 0 0 0 0 0 0 673 718 691 651 895 END
START 0 0 0 0 0 0 673 717 691 651 895 END
START 0 0 0 0 0 0 673 717 691 651 895 END
START 0 0 0 0 0 0 674 717 691 650 895 END
START 0 0 0 0 0 0 674 716 691 649 897 END
START 0 0 0 0 0 0 674 716 691 650 895 END
START 0 0 0 0 0 0 675 716 691 649 896 END
START 0 0 0 0 0 0 674 716 691 650 895 END
START 0 0 0 0 0 0 676 716 690 649 895 END
START 0 0 0 0 0 0 676 716 690 649 895 END
START 0 0 0 0 0 0 676 717 691 649 897 END
START 0 0 0 0 0 0 676 716 690 649 897 END
START 0 0 0 0 0 0 676 717 691 649 898 END
START 0 0 0 0 0 0 675 717 691 650 899 END
START 0 0 0 0 0 0 676 716 690 650 899 END
START 0 0 0 0 0 0 677 717 691 650 901 END
START 0 0 0 0 0 0 676 717 691 651 904 END
START 0 0 0 0 0 0 676 717 691 651 903 END
START 0 0 0 0 0 0 676 717 692 651 902 END
START 0 0 0 0 0 0 676 718 693 651 903 END
START 0 0 0 0 0 0 677 718 692 651 903 END
START 0 0 0 0 0 0 676 717 691 651 903 END
START 0 0 0 0 0 0 676 717 691 651 902 END
START 0 0 0 0 0 0 675 717 690 651 903 END
START 0 0 0 0 0 0 676 716 691 650 901 END
START 0 0 0 0 0 0 675 716 690 650 901 END
START 0 0 0 0 0 0 675 716 690 650 900 END
START 0 0 0 0 0 0 676 716 691 650 900 END
START 0 0 0 0 0 0 675 717 691 650 901 END
START 0 0 0 0 0 0 675 716 690 650 899 END
START 0 0 0 0 0 0 676 717 690 650 900 END
START 0 0 0 0 0 0 676 717 691 650 900 END
START 0 0 0 0 0 0 675 716 690 650 899 END
START 0 0 0 0 0 0 677 717 691 650 900 END
START 0 0 0 0 0 0 676 716 690 650 899 END
START 0 0 0 0 0 0 677 716 691 650 900 END
START 0 0 0 0 0 0 677 716 691 650 899 END
START 0 0 0 0 0 0 676 716 691 650 899 END
START 0 0 0 0 0 0 677 716 690 650 899 END
START 0 0 0 0 0 0 677 717 690 650 899 END
START 0 0 0 0 0 0 676 716 691 651 899 END
START 0 0 0 0 0 0 676 716 690 650 898 END
START 0 0 0 0 0 0 677 717 690 649 898 END
START 0 0 0 0 0 0 676 717 690 650 898 END
START 0 0 0 0 0 0 676 716 690 650 898 END
START 0 0 0 0 0 0 676 716 690 650 898 END
START 0 0 0 0 0 0 676 717 691 650 899 END
START 0 0 0 0 0 0 676 716 690 650 898 END
START 0 0 0 0 0 0 676 716 690 650 899 END
START 0 0 0 0 0 0 676 716 690 650 900 END
START 0 0 0 0 0 0 676 716 690 650 899 END
START 0 0 0 0 0 0 675 716 690 650 897 END
START 0 0 0 0 0 0 676 717 691 650 899 END
START 0 0 0 0 0 0 676 716 690 650 899 END
START 0 0 0 0 0 0 676 716 690 650 899 END
START 0 0 0 0 0 0 676 717 690 650 898 END
START 0 0 0 0 0 0 675 716 690 650 899 END
START 0 0 0 0 0 0 674 718 690 650 899 END
START 0 0 0 0 0 0 676 717 691 650 899 END
START 0 0 0 0 0 0 676 716 690 650 899 END
START 0 0 0 0 0 0 676 716 690 650 899 END
START 0 0 0 0 0 0 676 716 690 650 899 END
START 0 0 0 0 0 0 676 716 690 650 898 END
START 0 0 0 0 0 0 675 716 690 649 898 END
START 0 0 0 0 0 0 676 716 690 650 900 END
START 0 0 0 0 0 0 675 716 690 650 898 END
START 0 0 0 0 0 0 676 716 689 650 899 END
START 0 0 0 0 0 0 676 716 690 650 898 END
START 0 0 0 0 0 0 675 716 690 650 899 END
START 0 0 0 0 0 0 675 716 690 650 899 END
START 0 0 0 0 0 0 675 716 690 650 898 END
START 0 0 0 0 0 0 676 716 690 650 898 END
START 0 0 0 0 0 0 675 717 690 650 897 END
START 0 0 0 0 0 0 674 716 690 650 898 END
START 0 0 0 0 0 0 676 716 690 650 898 END
START 0 0 0 0 0 0 675 716 690 649 898 END
START 0 0 0 0 0 0 676 716 690 650 897 END
START 0 0 0 0 0 0 675 715 690 650 898 END
START 0 0 0 0 0 0 675 716 690 650 898 END
START 0 0 0 0 0 0 675 716 690 650 899 END
START 0 0 0 0 0 0 674 715 690 650 898 END
START 0 0 0 0 0 0 675 715 690 650 897 END
START 0 0 0 0 0 0 675 716 690 650 897 END
START 0 0 0 0 0 0 674 716 690 649 898 END
START 0 0 0 0 0 0 675 716 690 650 897 END
START 0 0 0 0 0 0 675 716 691 650 899 END
START 0 0 0 0 0 0 675 716 690 650 898 END
START 0 0 0 0 0 0 675 716 690 649 896 END
START 0 0 0 0 0 0 675 716 689 649 898 END
START 0 0 0 0 0 0 675 716 690 649 897 END
START 0 0 0 0 0 0 674 715 689 649 897 END
START 0 0 0 0 0 0 675 716 689 649 897 END
START 0 0 0 0 0 0 674 715 689 649 897 END
START 0 0 0 0 0 0 674 716 689 648 897 END
START 0 0 0 0 0 0 675 716 689 648 897 END
START 0 0 0 0 0 0 673 715 689 648 897 END
START 0 0 0 0 0 0 674 715 690 648 897 END
START 0 0 0 0 0 0 673 717 690 649 897 END
START 0 0 0 0 0 0 675 716 689 649 897 END
START 0 0 0 0 0 0 675 715 689 648 896 END
START 0 0 0 0 0 0 674 716 689 649 897 END
START 0 0 0 0 0 0 674 716 689 649 897 END
START 0 0 0 0 0 0 674 715 689 648 897 END
START 0 0 0 0 0 0 675 715 689 648 896 END
START 0 0 0 0 0 0 674 715 689 649 897 END
START 0 0 0 0 0 0 674 715 689 649 897 END
START 0 0 0 0 0 0 674 716 689 648 897 END
START 0 0 0 0 0 0 674 715 689 650 896 END
START 0 0 0 0 0 0 674 716 691 659 897 END
START 0 0 0 0 0 0 675 716 690 659 897 END
START 0 0 0 0 0 0 674 715 690 661 897 END
START 0 0 0 0 0 0 673 715 690 660 897 END
START 0 0 0 0 0 0 673 715 689 660 897 END
START 0 0 0 0 0 0 674 715 690 660 897 END
START 0 0 0 0 0 0 674 716 690 660 897 END
START 0 0 0 0 0 0 674 716 690 659 897 END
START 0 0 0 0 0 0 673 715 690 659 897 END
START 0 0 0 0 0 0 674 716 689 659 898 END
START 0 0 0 0 0 0 675 716 690 659 897 END
START 0 0 0 0 0 0 674 715 689 658 896 END
START 0 0 0 0 0 0 674 716 690 658 896 END
START 0 0 0 0 0 0 674 715 690 658 897 END
START 0 0 0 0 0 0 673 715 690 658 896 END
START 0 0 0 0 0 0 674 715 690 659 897 END
START 0 0 0 0 0 0 674 715 690 659 896 END
START 0 0 0 0 0 0 674 715 689 658 896 END
START 0 0 0 0 0 0 675 716 690 659 896 END
START 0 0 0 0 0 0 674 716 690 659 896 END
START 0 0 0 0 0 0 674 715 690 658 896 END
START 0 0 0 0 0 0 673 716 690 658 897 END
START 0 0 0 0 0 0 674 716 690 659 897 END
START 0 0 0 0 0 0 674 715 690 658 896 END
START 0 0 0 0 0 0 675 716 690 658 896 END
START 0 0 0 0 0 0 673 716 690 658 896 END
START 0 0 0 0 0 0 673 716 689 656 897 END
START 0 0 0 0 0 0 675 716 690 655 896 END
START 0 0 0 0 0 0 675 716 690 654 896 END
START 0 0 0 0 0 0 675 716 688 653 896 END
START 0 0 0 0 0 0 675 716 689 653 896 END
START 0 0 0 0 0 0 673 716 687 652 895 END
START 0 0 0 0 0 0 675 717 689 653 895 END
START 0 0 0 0 0 0 675 716 688 653 895 END
START 0 0 0 0 0 0 676 716 689 652 895 END
START 0 0 0 0 0 0 675 716 688 652 895 END
START 0 0 0 0 0 0 676 716 688 652 895 END
START 0 0 0 0 0 0 676 716 688 652 896 END
START 0 0 0 0 0 0 676 714 689 652 895 END
START 0 0 0 0 0 0 678 716 688 652 896 END
START 0 0 0 0 0 0 679 716 688 651 896 END
START 0 0 0 0 0 0 679 716 688 651 896 END
START 0 0 0 0 0 0 679 716 687 651 896 END
START 0 0 0 0 0 0 679 715 688 652 896 END
START 0 0 0 0 0 0 678 715 687 651 896 END
START 0 0 0 0 0 0 679 715 688 652 896 END
START 0 0 0 0 0 0 678 715 687 651 895 END
START 0 0 0 0 0 0 678 715 688 651 895 END
START 0 0 0 0 0 0 679 716 688 651 896 END
START 0 0 0 0 0 0 678 716 687 651 895 END
START 0 0 0 0 0 0 678 714 688 652 896 END
START 0 0 0 0 0 0 678 715 688 651 895 END
START 0 0 0 0 0 0 679 715 687 651 895 END
START 0 0 0 0 0 0 678 715 687 651 895 END
START 0 0 0 0 0 0 678 716 688 651 895 END
START 0 0 0 0 0 0 679 716 688 651 896 END
START 0 0 0 0 0 0 678 715 687 651 896 END
START 0 0 0 0 0 0 678 715 688 651 895 END
START 0 0 0 0 0 0 677 715 687 651 896 END
START 0 0 0 0 0 0 678 715 687 651 895 END
START 0 0 0 0 0 0 677 715 687 651 895 END
START 0 0 0 0 0 0 678 716 688 651 896 END
START 0 0 0 0 0 0 677 715 688 651 896 END
START 0 0 0 0 0 0 677 715 688 651 896 END
START 0 0 0 0 0 0 678 715 688 651 896 END
START 0 0 0 0 0 0 678 715 687 651 895 END
START 0 0 0 0 0 0 678 715 688 651 896 END
START 0 0 0 0 0 0 677 715 688 651 896 END
START 0 0 0 0 0 0 677 715 687 651 896 END
START 0 0 0 0 0 0 677 715 688 651 896 END
START 0 0 0 0 0 0 677 715 688 651 896 END
START 0 0 0 0 0 0 678 715 687 651 895 END
START 0 0 0 0 0 0 678 715 687 651 896 END
START 0 0 0 0 0 0 677 715 687 651 896 END
START 0 0 0 0 0 0 678 715 688 651 895 END
START 0 0 0 0 0 0 677 715 688 651 896 END
START 0 0 0 0 0 0 677 715 688 651 897 END
START 0 0 0 0 0 0 678 714 687 650 894 END
START 0 0 0 0 0 0 677 715 688 651 895 END
START 0 0 0 0 0 0 677 715 687 651 896 END
START 0 0 0 0 0 0 678 715 687 651 896 END
START 0 0 0 0 0 0 678 716 687 651 895 END
START 0 0 0 0 0 0 677 715 688 651 896 END
START 0 0 0 0 0 0 677 716 688 651 895 END
START 0 0 0 0 0 0 678 716 688 651 895 END
START 0 0 0 0 0 0 677 715 688 651 896 END
START 0 0 0 0 0 0 677 715 687 651 895 END
START 0 0 0 0 0 0 677 715 687 651 896 END
START 0 0 0 0 0 0 676 715 687 651 896 END
START 0 0 0 0 0 0 677 715 687 651 895 END
START 0 0 0 0 0 0 677 715 687 651 896 END
START 0 0 0 0 0 0 678 715 688 651 895 END
START 0 0 0 0 0 0 677 715 688 651 895 END
START 0 0 0 0 0 0 678 716 688 651 895 END
START 0 0 0 0 0 0 678 715 688 651 895 END
START 0 0 0 0 0 0 678 716 688 651 895 END
START 0 0 0 0 0 0 678 715 688 651 895 END
START 0 0 0 0 0 0 678 715 688 651 895 END
START 0 0 0 0 0 0 678 716 688 651 896 END
START 0 0 0 0 0 0 678 715 687 651 895 END
START 0 0 0 0 0 0 677 715 688 651 895 END
START 0 0 0 0 0 0 678 716 688 651 896 END
START 0 0 0 0 0 0 678 716 688 651 895 END
START 0 0 0 0 0 0 679 716 688 651 895 END
START 0 0 0 0 0 0 677 715 688 651 895 END
START 0 0 0 0 0 0 678 716 687 651 895 END
START 0 0 0 0 0 0 678 716 688 651 895 END
START 0 0 0 0 0 0 678 716 687 651 894 END
START 0 0 0 0 0 0 677 716 688 651 895 END
START 0 0 0 0 0 0 679 717 687 651 895 END
START 0 0 0 0 0 0 678 716 687 651 895 END
START 0 0 0 0 0 0 679 717 688 651 896 END
START 0 0 0 0 0 0 678 716 687 651 894 END
START 0 0 0 0 0 0 679 715 687 651 894 END
START 0 0 0 0 0 0 678 716 688 651 894 END
START 0 0 0 0 0 0 677 716 687 651 895 END
START 0 0 0 0 0 0 678 716 688 651 895 END
START 0 0 0 0 0 0 677 717 688 651 895 END
START 0 0 0 0 0 0 678 717 687 651 895 END
START 0 0 0 0 0 0 678 716 688 651 895 END
START 0 0 0 0 0 0 678 716 688 651 895 END
START 0 0 0 0 0 0 678 716 688 651 895 END
START 0 0 0 0 0 0 677 716 687 651 895 END
START 0 0 0 0 0 0 678 716 687 651 894 END
START 0 0 0 0 0 0 678 716 687 651 894 END
START 0 0 0 0 0 0 678 716 688 651 895 END
START 0 0 0 0 0 0 678 715 688 651 895 END
START 0 0 0 0 0 0 677 716 688 651 895 END
START 0 0 0 0 0 0 678 715 687 651 894 END
START 0 0 0 0 0 0 678 715 688 651 894 END
START 0 0 0 0 0 0 678 715 687 651 894 END
START 0 0 0 0 0 0 678 715 687 651 895 END
START 0 0 0 0 0 0 678 716 688 652 895 END
START 0 0 0 0 0 0 679 716 687 651 894 END
START 0 0 0 0 0 0 679 716 687 651 893 END
START 0 0 0 0 0 0 678 716 687 651 894 END
START 0 0 0 0 0 0 678 715 687 651 894 END
START 0 0 0 0 0 0 678 715 687 651 894 END
START 0 0 0 0 0 0 679 716 688 651 895 END
START 0 0 0 0 0 0 678 715 687 651 896 END
START 0 0 0 0 0 0 679 715 689 651 895 END
START 0 0 0 0 0 0 679 714 685 649 896 END
START 0 0 0 0 0 0 678 714 684 648 896 END
START 0 0 0 0 0 0 679 714 683 648 896 END
START 0 0 0 0 0 0 679 714 683 648 895 END
START 0 0 0 0 0 0 679 715 684 648 895 END
START 0 0 0 0 0 0 679 714 683 648 895 END
START 0 0 0 0 0 0 679 715 685 652 897 END
START 0 0 0 0 0 0 683 716 687 661 897 END
START 0 0 0 0 0 0 684 717 687 662 897 END
START 0 0 0 0 0 0 686 721 688 662 896 END
START 0 0 0 0 0 0 688 722 687 661 894 END
START 0 0 0 0 0 0 688 723 687 660 894 END
START 0 0 0 0 0 0 686 722 685 659 893 END
START 0 0 0 0 0 0 686 721 686 657 893 END
START 0 0 0 0 0 0 687 721 686 657 893 END
START 0 0 0 0 0 0 686 721 686 655 892 END
START 0 0 0 0 0 0 686 720 685 654 892 END
START 0 0 0 0 0 0 686 719 684 653 892 END
START 0 0 0 0 0 0 685 718 685 652 892 END
START 0 0 0 0 0 0 685 718 683 651 891 END
START 0 0 0 0 0 0 686 718 684 650 891 END
START 0 0 0 0 0 0 684 718 683 650 892 END
START 0 0 0 0 0 0 685 718 683 650 892 END
START 0 0 0 0 0 0 685 719 683 649 891 END
START 0 0 0 0 0 0 686 719 684 650 892 END
START 0 0 0 0 0 0 684 720 684 649 892 END
START 0 0 0 0 0 0 684 720 685 649 892 END
START 0 0 0 0 0 0 684 720 685 650 892 END
START 0 0 0 0 0 0 684 720 685 650 891 END
START 0 0 0 0 0 0 684 721 686 650 892 END
START 0 0 0 0 0 0 683 721 687 652 892 END
START 0 0 0 0 0 0 683 721 686 652 892 END
START 0 0 0 0 0 0 683 721 687 652 892 END
START 0 0 0 0 0 0 683 722 687 652 893 END
START 0 0 0 0 0 0 684 721 686 652 890 END
START 0 0 0 0 0 0 683 721 687 651 892 END
START 0 0 0 0 0 0 683 721 687 652 892 END
START 0 0 0 0 0 0 683 721 687 652 892 END
START 0 0 0 0 0 0 683 721 686 652 892 END
START 0 0 0 0 0 0 684 721 685 652 892 END
START 0 0 0 0 0 0 684 721 686 652 893 END
START 0 0 0 0 0 0 683 721 686 652 892 END
START 0 0 0 0 0 0 684 720 686 651 891 END
START 0 0 0 0 0 0 684 721 686 652 892 END
START 0 0 0 0 0 0 683 721 686 651 892 END
START 0 0 0 0 0 0 684 721 686 651 891 END
START 0 0 0 0 0 0 683 721 686 652 892 END
START 0 0 0 0 0 0 684 721 686 652 893 END
START 0 0 0 0 0 0 683 721 686 651 892 END
START 0 0 0 0 0 0 684 721 684 653 893 END
START 0 0 0 0 0 0 683 721 685 651 892 END
START 0 0 0 0 0 0 684 721 686 651 892 END
START 0 0 0 0 0 0 683 722 685 651 893 END
START 0 0 0 0 0 0 683 722 686 651 893 END
START 0 0 0 0 0 0 683 721 685 651 892 END
START 0 0 0 0 0 0 683 721 685 651 893 END
START 0 0 0 0 0 0 684 721 686 651 894 END
START 0 0 0 0 0 0 682 721 686 651 893 END
START 0 0 0 0 0 0 683 721 685 651 893 END
START 0 0 0 0 0 0 683 721 685 651 893 END
START 0 0 0 0 0 0 683 721 686 651 894 END
START 0 0 0 0 0 0 682 720 686 651 893 END
START 0 0 0 0 0 0 682 720 685 651 893 END
START 0 0 0 0 0 0 682 720 686 651 893 END
START 0 0 0 0 0 0 683 720 686 651 893 END
START 0 0 0 0 0 0 682 720 686 651 893 END
START 0 0 0 0 0 0 683 720 685 651 893 END
START 0 0 0 0 0 0 683 719 685 651 893 END
START 0 0 0 0 0 0 683 719 685 651 893 END
START 0 0 0 0 0 0 682 719 685 651 893 END
START 0 0 0 0 0 0 682 719 685 651 893 END
START 0 0 0 0 0 0 683 720 685 651 893 END
START 0 0 0 0 0 0 683 719 685 651 893 END
START 0 0 0 0 0 0 682 720 686 651 894 END
START 0 0 0 0 0 0 682 719 686 651 893 END
START 0 0 0 0 0 0 683 719 686 651 893 END
START 0 0 0 0 0 0 682 720 686 651 893 END
START 0 0 0 0 0 0 682 720 686 651 892 END
START 0 0 0 0 0 0 683 719 685 651 893 END
START 0 0 0 0 0 0 682 719 686 652 893 END
START 0 0 0 0 0 0 681 719 685 651 892 END
START 0 0 0 0 0 0 682 720 686 651 893 END
START 0 0 0 0 0 0 681 719 686 651 893 END
START 0 0 0 0 0 0 682 718 686 652 893 END
START 0 0 0 0 0 0 682 719 685 651 892 END
START 0 0 0 0 0 0 681 719 686 651 893 END
START 0 0 0 0 0 0 682 719 686 651 893 END
START 0 0 0 0 0 0 682 720 686 651 893 END
START 0 0 0 0 0 0 683 720 686 651 889 END
START 0 0 0 0 0 0 683 720 686 651 893 END
START 0 0 0 0 0 0 681 720 686 651 894 END
START 0 0 0 0 0 0 682 719 685 651 892 END
START 0 0 0 0 0 0 681 719 686 651 893 END
