START -5020 14512 -12 368 309 -984 577 657 649 614 760 END
START -5292 14656 208 265 205 -1155 577 657 649 614 758 END
START -5548 14376 564 -2 -55 -890 577 657 649 614 759 END
START -6104 14364 252 136 -136 -250 577 657 649 614 759 END
START -5788 14444 840 333 53 449 576 657 649 614 759 END
START -5152 14432 704 1106 -235 516 576 657 649 614 759 END
START -5164 14580 104 1179 -359 258 577 657 649 614 760 END
START -5144 14788 -444 739 535 164 576 657 649 614 760 END
START -4800 14760 -432 -155 867 -16 576 658 649 614 759 END
START -5176 14696 -312 -827 357 -365 576 658 649 615 759 END
START -5308 14536 612 -723 324 -258 576 659 649 614 759 END
START -5252 14656 716 -93 761 -21 576 660 649 614 759 END
START -5548 14412 812 678 1270 -160 576 662 649 614 759 END
START -6312 14708 620 1661 1547 309 576 662 649 614 759 END
START -6080 14836 -496 1862 1935 2031 576 663 649 614 759 END
START -5384 14968 -1496 1343 3805 2576 576 662 649 614 759 END
START -4060 15288 -2016 -802 4216 2352 576 662 649 614 759 END
START -3596 15220 -804 -1251 2635 1412 577 662 649 614 759 END
START -3856 15148 116 -143 1433 674 577 662 649 614 759 END
START -4356 15232 -212 1741 1762 617 577 662 649 614 758 END
START -3812 15256 -1628 1678 2160 973 577 661 649 614 758 END
START -3692 15516 -2316 1049 1360 556 576 663 649 614 759 END
START -3696 15628 -2496 -358 1876 189 577 662 649 615 759 END
START -3596 15524 -2076 -1346 1723 230 576 662 649 614 760 END
START -3624 15292 -1408 -1492 1707 343 576 662 649 615 760 END
START -3544 15420 -1148 -1476 1328 302 577 662 649 614 759 END
START -3416 15352 -1200 -1501 1186 -61 576 663 649 614 759 END
START -3388 15488 -1192 -1745 1285 -164 576 662 649 614 760 END
START -3156 15384 -184 -1177 821 321 576 662 649 614 758 END
START -2744 15532 492 -2606 385 1328 576 661 649 614 758 END
START -3988 15312 124 -2878 -2424 2524 576 661 649 614 760 END
START -2428 15440 48 -1066 -739 1885 576 661 648 613 761 END
START -2948 15372 -388 1562 -800 751 576 660 648 613 760 END
START -2660 15512 -32 835 -531 -348 576 658 648 613 760 END
START -1900 15808 16 -122 834 50 576 661 648 613 760 END
START -1476 15680 -440 -230 1516 724 576 662 648 613 760 END
START -1800 15672 -144 -798 1019 144 576 660 648 613 760 END
START -2700 15432 32 -1239 161 -584 576 661 648 613 759 END
START -3168 15368 388 -1195 636 -153 576 660 648 614 759 END
START -2676 15512 616 -1073 1407 460 576 660 649 613 759 END
