START -3192 15364 -1012 165 609 77 547 647 634 593 765 END
START -3328 15424 -932 166 491 40 547 648 634 593 764 END
START -3484 15456 -1176 254 293 -530 547 649 635 593 763 END
START -3924 15304 -1104 124 328 -535 547 648 634 593 764 END
START -3656 15356 -1300 -174 492 -355 547 648 634 592 764 END
START -3912 15388 -984 -289 149 -385 547 647 634 592 764 END
START -4092 15272 -836 7 82 -497 547 648 635 593 763 END
START -4160 15332 -992 361 -33 -332 548 648 633 593 764 END
START -4040 15244 -1196 532 -132 -254 547 648 634 593 764 END
START -3984 15256 -1488 297 -256 -238 547 648 634 593 764 END
START -3840 15352 -1372 25 15 -366 547 648 634 593 763 END
START -3780 15392 -1200 -101 -218 -572 547 648 634 593 764 END
START -3964 15368 -1004 -118 -562 -733 547 647 634 593 764 END
START -4160 15064 -1008 64 -588 -723 547 647 634 593 763 END
START -4144 15288 -1008 137 -620 -657 548 648 635 593 764 END
START -4484 15264 -916 273 -464 -449 547 648 635 593 765 END
START -3996 15280 -1144 166 -643 -334 548 648 636 595 766 END
START -4776 15600 -884 200 79 181 550 650 639 600 772 END
START -4340 15376 -1232 -82 -1717 142 551 651 639 601 776 END
START -3516 14964 -1048 -187 -579 -159 550 653 641 603 778 END
START -3940 15328 -612 -112 -347 -319 550 654 643 606 780 END
START -3968 15088 -616 -151 -71 -227 550 656 646 610 784 END
START -3796 15028 -740 -41 -231 -279 550 660 648 614 791 END
START -4012 15060 -784 -9 -192 -504 550 662 649 616 789 END
START -4040 15236 -872 22 -122 -487 550 663 650 616 789 END
START -4224 15172 -536 146 -283 -120 550 665 651 617 790 END
START -4004 15180 -800 268 -183 -192 550 667 652 620 792 END
START -3916 15280 -968 61 -227 -274 550 670 654 621 794 END
START -4100 15108 -916 -105 -97 -266 550 670 653 621 794 END
START -4224 15164 -500 -134 -204 -363 550 670 653 621 794 END
START -4044 15132 -372 295 -181 -117 550 668 652 620 792 END
START -3944 15208 -504 564 -60 -117 550 665 649 616 789 END
START -4232 15356 -920 559 168 -245 549 661 643 609 784 END
START -3796 15324 -920 231 -74 -408 549 657 641 606 779 END
START -4272 15204 -692 205 8 -284 549 653 639 603 776 END
START -4124 15280 -844 313 116 -303 548 651 638 601 775 END
START -3932 15216 -1060 364 -108 -293 548 650 637 600 773 END
START -4376 15256 -944 459 -119 -244 548 647 636 596 772 END
START -3992 15384 -1000 302 324 -123 548 644 635 595 768 END
START -3924 15232 -1160 146 -476 -303 547 642 634 593 766 END
