START -3968 14956 928 513 104 -356 578 666 652 610 760 END
START -3988 14940 548 526 77 -422 578 667 652 610 761 END
START -4320 14880 544 501 -282 -344 578 666 652 610 761 END
START -4468 14940 632 582 -701 -451 578 667 652 610 761 END
START -4308 14988 392 374 -452 34 578 666 652 610 762 END
START -3952 15144 416 116 -616 -176 578 666 652 610 762 END
START -4012 14972 676 -296 -139 -382 578 666 652 611 762 END
START -4080 14976 948 -272 47 -489 578 666 652 611 762 END
START -3832 14940 816 -102 308 -269 578 666 652 611 762 END
START -4244 14960 728 45 -135 -223 578 666 652 611 762 END
START -4476 15040 764 149 -411 -217 578 666 652 611 762 END
START -4172 14944 776 268 -601 -188 578 666 652 611 762 END
START -4040 15072 704 154 -767 -165 578 666 652 611 762 END
START -3940 14996 756 -79 -528 -337 578 666 652 610 762 END
START -3900 14984 1032 -133 95 -322 578 666 652 611 763 END
START -3968 14916 1032 -50 350 -328 578 666 652 611 762 END
START -4476 14936 1104 140 163 -275 578 666 652 610 762 END
START -4628 14776 960 508 -273 -74 578 666 652 611 761 END
START -4140 14900 928 646 -299 171 578 666 651 611 762 END
START -3744 15040 624 440 -586 -122 578 666 651 611 762 END
START -3624 14992 728 131 -398 -415 578 666 652 611 762 END
START -3928 15056 672 -170 -108 -544 578 666 652 611 762 END
START -4096 14896 1168 -131 292 -266 578 666 652 611 762 END
START -4212 14892 1016 74 153 -245 578 666 652 611 762 END
START -4296 14864 792 362 -154 -154 578 665 652 611 761 END
START -4432 14828 572 437 -562 -185 578 666 652 611 761 END
START -4056 14968 736 387 -422 -85 578 666 652 611 761 END
START -3568 15008 612 0 -439 -251 577 666 652 610 761 END
START -3784 14988 704 -355 13 -569 578 666 652 611 761 END
START -4212 14828 1120 -401 217 -546 578 666 652 610 761 END
START -3988 14924 1224 -74 467 -266 578 666 652 610 762 END
START -4288 14844 960 319 -134 -279 578 666 651 610 762 END
START -4460 14892 588 333 -487 -315 578 666 652 610 761 END
START -4020 15016 876 59 -360 -231 578 666 651 611 761 END
START -3816 14988 792 -292 -382 -419 578 666 651 610 762 END
START -4036 14844 940 -672 -181 -705 578 666 652 610 762 END
START -4272 14728 1472 -1021 368 -443 578 666 651 610 761 END
START -4300 14716 1520 -594 750 -65 578 666 651 610 762 END
START -4364 14648 1228 -70 647 27 578 666 651 610 762 END
START -4504 14712 1144 -301 802 352 578 666 652 610 762 END
