START -8492 10608 -10552 198 34 -320 570 670 659 624 777 END
START -8636 10544 -10560 218 -109 -349 570 670 659 624 777 END
START -8484 10684 -10648 227 -42 -204 570 670 659 624 777 END
START -8556 10624 -10752 171 -292 -257 570 670 659 624 777 END
START -8472 10720 -10748 155 88 -173 570 670 659 624 777 END
START -8424 10676 -10720 328 -436 -326 570 670 659 624 777 END
START -8788 10720 -10840 192 -397 -503 570 670 659 624 777 END
START -8700 10596 -10656 228 -47 -385 570 670 659 624 778 END
START -9080 10496 -10892 295 -438 -447 571 670 659 624 777 END
START -8624 10720 -10556 143 310 -310 570 670 659 624 777 END
START -8532 10532 -10368 257 -288 -152 570 670 659 624 777 END
START -8496 10596 -10588 250 -358 -362 570 670 660 624 777 END
START -8768 10640 -10424 29 -114 -352 570 670 659 624 776 END
START -8744 10584 -10592 233 -347 -283 570 669 659 624 777 END
START -8600 10644 -10496 147 6 -204 570 670 659 624 776 END
START -8672 10664 -10516 248 -254 -137 570 670 659 624 777 END
START -8624 10596 -10796 264 -129 -130 570 670 659 624 777 END
START -8556 10512 -10808 207 -229 -324 570 670 659 624 777 END
START -8380 10748 -10688 164 -171 -334 570 670 659 624 777 END
START -8816 10752 -10728 168 -289 -406 570 670 657 624 777 END
START -8844 10592 -10640 156 -112 -248 570 670 659 624 777 END
START -8568 10556 -10672 215 -274 -260 570 670 659 624 777 END
START -8700 10632 -10648 90 -167 -360 570 670 659 624 777 END
START -8752 10600 -10572 88 -272 -396 570 670 659 624 777 END
START -8716 10592 -10740 99 -223 -301 570 670 659 624 777 END
START -8652 10728 -10640 152 -152 -348 570 670 659 624 777 END
START -8700 10628 -10640 143 -140 -352 570 670 659 624 777 END
START -8560 10628 -10604 292 -137 -308 570 670 659 624 777 END
START -8896 10536 -10644 512 -62 -207 570 670 659 624 777 END
START -8736 10684 -10948 262 -82 -148 570 670 659 624 777 END
START -8680 10584 -10496 233 -271 9 570 670 659 624 777 END
START -8788 10616 -10788 424 -205 -7 570 670 659 624 777 END
START -8436 10780 -11100 -42 57 -260 570 670 659 624 777 END
START -8652 10580 -10520 -69 -1216 -805 570 670 659 624 777 END
START -8888 10532 -10396 278 -660 -457 570 670 659 624 777 END
START -8820 10644 -10704 303 -333 -288 570 669 659 624 777 END
START -8720 10564 -10464 148 -743 -664 570 669 659 624 777 END
START -9036 10444 -10444 157 -379 -682 570 670 659 624 778 END
START -8808 10540 -10468 338 -151 -356 570 670 659 624 777 END
START -9084 10372 -10544 259 -367 -272 570 669 659 624 777 END
