START -3204 15016 1672 881 -398 -350 580 666 652 609 763 END
START -3056 14952 1680 929 -355 -317 580 665 652 610 763 END
START -2900 15160 1452 910 -687 -408 580 665 652 609 764 END
START -2716 15240 1208 551 -334 -376 580 664 653 609 763 END
START -2804 15124 1388 206 185 -706 580 664 652 609 763 END
START -3000 15052 2020 407 355 -609 579 664 652 609 764 END
START -3048 14980 1680 852 349 -207 580 665 653 609 763 END
START -3264 15164 1312 1107 -13 -363 580 665 653 609 763 END
START -3396 15092 1036 1152 -451 -397 580 665 652 611 764 END
START -3084 15268 564 906 -358 -147 580 665 652 609 763 END
START -2564 15196 644 387 -178 -230 580 665 652 609 763 END
START -2816 15308 724 -215 -5 -586 580 665 652 609 763 END
START -3224 15156 808 -475 342 -589 580 665 652 609 763 END
START -3396 15164 988 -720 396 -267 580 665 652 609 763 END
START -3612 15160 936 -722 166 -121 580 665 652 609 763 END
START -3768 14900 1232 -635 -563 -148 580 665 653 609 763 END
START -3332 15068 1532 -304 -403 173 580 665 654 609 764 END
START -2584 15244 1396 -325 -486 71 580 664 652 609 763 END
START -2736 15020 1448 -600 -122 -473 580 665 652 609 763 END
START -3160 15064 1924 -530 420 -544 580 665 652 609 763 END
START -3296 14936 1924 -200 663 -21 580 665 652 609 763 END
START -3452 14932 1948 111 209 -52 580 664 652 610 763 END
START -4088 14892 1956 560 -351 -8 579 665 652 609 763 END
START -3692 14996 1656 866 -440 569 580 665 652 609 763 END
START -2572 15384 1356 864 -587 441 580 665 652 609 763 END
START -2440 15168 1176 460 -312 -222 579 665 652 609 763 END
START -3040 15092 1580 284 327 -772 579 664 652 609 763 END
START -3428 14860 1864 962 640 -723 579 664 652 609 763 END
START -3376 15068 1376 1473 104 -435 579 664 652 609 763 END
START -2576 15336 772 1269 -755 409 580 665 652 609 763 END
START -2816 15196 196 1244 -1374 468 580 664 652 609 763 END
START -2644 15376 424 9 -726 -470 579 665 653 609 763 END
START -2664 15180 928 -589 -3 -600 579 665 652 609 763 END
START -2976 15136 1528 -415 204 -473 579 665 652 609 764 END
START -3156 15132 1412 237 464 -259 579 665 653 610 763 END
START -3120 15224 1044 359 508 46 580 665 653 609 763 END
START -3624 15148 748 661 212 28 579 665 653 609 763 END
START -3912 15136 584 468 -283 98 579 665 653 609 764 END
START -2764 15312 844 431 -348 349 579 665 653 610 765 END
START -2500 15352 1108 780 -533 151 579 664 653 610 763 END
