START 0 0 0 0 0 0 610 685 664 632 791 END
START -7960 12568 -6956 3112 4876 -8045 611 685 664 631 791 END
START -8592 12632 -7336 88 -260 -410 614 685 664 632 791 END
START -8480 12752 -6664 266 147 -286 615 685 664 632 791 END
START -8364 12636 -7236 172 -378 -331 619 685 664 631 788 END
START -8532 12516 -7264 386 -182 -331 619 687 658 632 792 END
START -7932 12544 -6824 630 -445 -497 619 685 663 631 792 END
START -8556 12620 -7336 278 -673 -507 619 685 664 631 791 END
START -8628 12688 -6740 201 -125 -242 619 685 664 631 792 END
START -8256 12640 -6700 339 -605 -330 619 685 664 631 791 END
START -8380 12712 -7296 439 -184 -117 616 684 663 631 791 END
START -8080 12460 -6968 292 -98 -76 613 684 665 632 792 END
START -8224 12508 -6936 323 -275 -295 610 684 664 631 792 END
START -8340 12732 -7096 67 139 -413 607 685 664 631 791 END
START -8416 12476 -7016 -20 -7 -385 612 682 666 631 792 END
START -8600 12364 -6996 295 -80 -235 610 685 664 631 791 END
START -8428 12616 -7076 353 -213 11 610 685 664 631 792 END
START -8432 12852 -7296 186 -278 -126 610 684 665 631 792 END
START -7876 12504 -7008 172 2269 -116 612 684 658 632 793 END
START -7940 12580 -7080 186 4553 -133 610 684 664 631 793 END
START -8416 12692 -7632 389 3352 298 609 684 664 631 793 END
START -8112 12724 -8560 154 1814 137 609 684 663 630 791 END
START -7144 12676 -8152 -47 -340 78 610 686 663 629 789 END
START -7776 13148 -8016 -378 515 -306 609 681 663 627 790 END
START -7640 12616 -7948 -434 603 -334 608 679 661 627 789 END
START -8004 12484 -7700 -150 427 -445 606 678 658 626 791 END
START -7396 12728 -7900 410 -37 44 603 678 657 626 790 END
START -7576 13280 -8336 27 722 122 596 673 655 626 791 END
START -7372 12836 -8060 -700 940 -287 597 677 653 623 794 END
START -7624 12244 -8208 -898 -1891 -579 592 671 647 622 790 END
START -7048 12632 -8020 -184 365 -393 587 664 645 620 790 END
START -7624 13076 -7392 376 -329 317 584 673 651 622 791 END
START -7720 12656 -8144 189 429 -236 584 671 650 622 790 END
START -7200 12500 -7860 233 -99 -596 584 675 656 624 789 END
START -7664 12884 -7988 223 -291 -581 591 677 660 625 789 END
START -7472 12968 -7772 143 -611 -195 593 679 662 627 789 END
START -8276 12616 -7724 138 -449 -245 597 679 663 627 788 END
START -7480 12604 -8008 441 -49 -190 598 681 666 627 787 END
START -7376 13256 -7952 342 -528 -222 600 682 667 627 787 END
START -7520 12780 -7728 154 72 -352 599 677 665 625 786 END
START -7724 12580 -8292 71 -34 -429 598 675 663 623 783 END
START -7788 12608 -8088 222 -771 -517 596 672 659 621 780 END
START -7504 12976 -7672 132 -635 -245 596 666 657 618 779 END
START -7560 12528 -7316 98 -228 3 598 664 657 619 778 END
START -7812 12332 -7956 521 204 -180 608 670 658 620 778 END
START -7620 12880 -8084 755 51 -190 620 671 662 623 780 END
START -7960 13156 -8444 99 871 -40 616 683 670 629 783 END
START -7408 12384 -8156 58 -489 -347 621 684 670 631 783 END
START -7720 12600 -7928 356 -464 -373 619 679 670 630 783 END
START -7580 13128 -8196 208 -704 -220 620 684 669 630 784 END
START -7512 12864 -7812 -148 12 -25 619 688 671 632 785 END
START -7552 12424 -7840 -170 -603 -624 618 693 674 633 786 END
START -8040 12828 -7868 242 -176 -551 622 694 673 633 787 END
START -7888 13076 -7848 -101 -464 -166 618 693 673 631 786 END
START -7624 12532 -7720 -24 -275 -97 617 701 671 632 784 END
START -7368 12296 -8008 386 -615 -516 618 697 672 632 783 END
START -7944 13216 -8024 344 -172 -280 617 701 672 632 787 END
START -7948 13040 -7772 -179 -104 -114 615 708 673 634 788 END
START -7876 12328 -7720 225 -292 -424 617 711 680 636 790 END
START -7804 12932 -8076 537 -163 -337 616 714 681 642 795 END
START -7804 13460 -7788 -41 -153 -72 615 715 685 645 798 END
START -7448 12468 -7848 -295 -143 -271 615 714 687 646 800 END
START -7700 12252 -7776 102 -135 -512 617 711 688 650 802 END
START -7948 13036 -7984 130 -212 -155 616 715 692 654 806 END
START -7628 12856 -7864 -152 92 -79 616 716 696 659 807 END
START -7384 12440 -7616 -12 -376 -549 616 716 696 661 807 END
START -7880 13124 -7808 181 -28 -636 617 716 698 659 808 END
START -8208 12836 -7720 106 88 -256 616 712 696 659 806 END
START -7668 12552 -7488 354 -275 -153 616 710 694 658 805 END
START -7656 12528 -8012 551 -878 -224 616 706 691 655 803 END
START -7928 13164 -7972 302 -404 19 615 700 688 653 802 END
START -7564 12944 -7736 103 -327 -12 615 697 686 651 800 END
START -7716 12576 -7736 114 -395 -300 616 693 683 648 796 END
START -7832 12808 -8044 374 -74 -417 617 689 679 644 796 END
START -7732 13020 -8120 32 -161 -399 614 685 674 641 792 END
START -7652 12724 -7744 -361 -271 -287 613 679 671 638 792 END
START -8096 12480 -7428 54 -536 -580 611 678 666 634 789 END
START -7984 13052 -7968 310 -391 -132 608 675 662 631 788 END
START -7836 13056 -7632 -113 -466 19 606 674 660 630 787 END
START -7772 12484 -7464 16 -524 -328 603 674 660 629 787 END
START -7844 12556 -7704 482 -281 -572 600 668 658 628 787 END
START -8488 13160 -7912 215 -110 -71 596 673 659 628 786 END
START -7756 12888 -7424 133 655 54 595 673 659 629 785 END
START -7180 12096 -7768 306 158 -481 595 673 658 628 785 END
START -7580 13116 -8096 570 1394 -996 598 672 662 627 784 END
START -8964 13080 -8068 -108 -1348 -789 601 673 659 628 783 END
START -8484 11796 -7684 409 1358 82 607 675 659 626 782 END
START -6660 12552 -7116 1031 1712 -352 610 678 660 627 782 END
START -7404 13364 -7932 1789 470 -720 608 683 661 627 781 END
START -8828 12184 -8356 1982 -1725 -606 607 685 663 627 781 END
START -8240 12992 -8252 1974 -142 -801 607 688 665 628 783 END
START -8384 12308 -8676 2080 -4605 778 605 684 666 629 783 END
START -8752 11728 -8892 1970 -2877 89 604 690 669 632 783 END
START -8536 12580 -8964 1262 -1728 -219 612 692 673 637 786 END
START -8688 12772 -7996 1348 -2335 179 627 691 674 637 785 END
START -8596 12140 -8224 477 -1207 786 634 692 675 638 785 END
START -7800 11552 -8872 -344 195 1845 636 692 674 636 786 END
START -7200 12008 -8700 -652 -659 1704 633 692 673 636 783 END
START -8832 12716 -9204 -579 -679 284 630 687 670 635 783 END
START -7932 13568 -8524 -778 627 687 616 685 663 632 781 END
START -7620 13388 -7132 -1096 -23 1074 607 683 666 629 780 END
START -6800 12956 -6824 -606 589 549 609 681 665 626 778 END
START -6784 12804 -7380 -487 62 240 620 681 665 629 782 END
START -6456 12404 -8440 685 2386 522 631 681 665 627 782 END
START -5576 13020 -7352 -215 1059 -821 638 682 666 629 782 END
START -6636 12960 -8192 -87 508 -1454 639 685 669 632 785 END
START -7540 13024 -8748 -68 1471 -2167 639 688 670 635 788 END
START -7164 13108 -8000 -589 2964 -1880 638 691 670 640 794 END
START -7512 12928 -8432 -865 911 -1891 637 695 677 643 797 END
START -7860 13000 -8220 -534 1780 -1281 635 697 677 644 800 END
START -8296 13324 -8372 -447 803 -319 632 698 676 643 802 END
START -8256 12308 -8780 121 2829 782 623 693 672 642 802 END
START -5952 12404 -7676 419 1853 12 626 691 670 641 800 END
START -7148 12960 -8136 479 -1796 -304 621 688 668 639 798 END
START -7892 12284 -9948 1218 1530 679 615 686 667 637 796 END
START -6648 13012 -8456 454 835 -488 610 686 663 634 794 END
START -7336 13184 -9052 436 -1318 -214 612 681 658 630 792 END
START -7456 12232 -9480 1152 -109 1109 610 679 656 627 790 END
START -6904 12544 -9292 605 -478 43 610 679 657 628 789 END
START -6876 12756 -9596 1099 -496 109 610 684 661 632 793 END
START -7048 13116 -9428 296 -919 650 610 686 662 634 796 END
START -5920 13260 -8720 285 -1185 1083 606 684 660 633 795 END
START -6072 12108 -9268 119 -1583 -394 615 684 658 632 794 END
START -6908 12592 -8892 520 -1847 -1055 614 684 658 631 796 END
START -7132 13380 -8660 1123 2 -183 606 685 660 632 793 END
START -5668 13088 -8612 1174 8363 -7 605 685 662 631 794 END
START -7728 12292 -9392 1869 5385 1055 600 687 663 627 793 END
START -6112 12632 -11260 2910 5234 954 598 685 663 630 791 END
START -4000 12556 -11388 2661 8174 757 596 681 664 628 791 END
START -3608 12656 -12204 1618 10738 260 599 680 663 627 787 END
START -1560 12724 -12392 870 14510 133 589 679 661 627 784 END
START -2520 12648 -15336 -299 19744 -86 591 677 662 627 782 END
START -932 12344 -13372 -129 3860 -552 593 673 657 625 780 END
START -628 12276 -13060 -46 -5909 -1032 593 671 654 620 777 END
START -632 12136 -12852 699 -488 -1247 592 671 653 621 777 END
START -596 12528 -13888 -35 -2398 -1115 596 667 653 622 778 END
START -1592 12036 -12728 -584 -2626 -906 601 677 656 626 786 END
START -992 12364 -12840 117 -4184 -731 616 678 656 626 786 END
START -2676 12388 -12672 415 -1126 -700 622 678 656 628 785 END
START -1280 12636 -12324 426 -3242 -447 632 678 652 628 786 END
START -1728 12100 -12348 573 629 -704 639 679 659 627 786 END
START -2984 12120 -13752 472 988 -1141 641 687 667 637 792 END
START -2216 12256 -13124 124 824 -1052 639 692 673 641 796 END
START -2568 12204 -12660 75 -1278 -219 638 697 677 645 800 END
START -2768 12216 -13012 221 439 -349 636 697 676 647 801 END
START -2036 12520 -13000 87 -503 -1045 636 699 680 649 803 END
START -3052 12068 -13200 -282 -1359 -1120 636 700 680 650 804 END
START -3200 12300 -13184 -180 -366 -918 636 700 682 652 807 END
START -3760 12108 -13536 132 2503 -1080 636 702 683 654 808 END
START -1832 12192 -12744 37 4 -1176 635 704 684 654 806 END
START -3244 12196 -12936 50 -558 -1200 635 703 682 654 806 END
START -2952 12112 -12676 -76 139 -1131 628 703 685 654 805 END
START -3152 12172 -12524 198 -2189 -755 633 703 682 653 802 END
START -4072 12180 -13020 154 -1341 -668 632 703 682 653 804 END
START -3876 12112 -13220 -87 -2789 -374 632 706 681 652 805 END
START -4788 12252 -13224 -835 -6776 -462 631 705 681 651 806 END
START -4560 12592 -11948 -1517 -9721 -697 633 700 678 649 801 END
START -6376 12400 -11316 -1468 -4871 -632 629 695 677 646 799 END
START -5260 12388 -10016 -1003 -4558 -578 627 687 676 645 798 END
START -7480 12552 -10616 -365 -4023 -210 625 690 674 642 796 END
START -5936 12460 -9772 -281 -1877 -162 626 688 673 642 794 END
START -6536 12580 -10100 -191 -3911 -104 624 682 673 640 793 END
START -6416 12548 -9780 -407 -195 -502 623 679 671 639 791 END
START -6408 12620 -9372 -437 -2057 -393 623 684 667 639 789 END
START -7776 12328 -9776 -253 -1128 -319 622 682 670 638 790 END
START -6692 12672 -8880 -209 -2202 -479 622 681 668 637 787 END
START -8208 12336 -9604 -11 -2520 -237 621 681 669 636 787 END
START -6316 12792 -8468 -21 -983 -32 620 679 669 634 784 END
START -6464 12436 -8696 335 2117 156 619 678 668 634 784 END
START -5748 12568 -8552 1022 7559 -562 618 678 668 630 782 END
START -6872 12468 -10308 1651 10294 201 618 676 668 629 782 END
START -5224 12576 -10728 1522 7468 1120 617 676 667 632 783 END
START -4628 12616 -11304 1391 7212 1117 617 676 661 632 782 END
START -3884 12764 -12116 1040 9247 759 616 675 667 629 782 END
START -2800 12612 -12244 860 4778 396 616 676 667 631 782 END
START -2848 12788 -12536 508 5265 25 615 676 665 631 781 END
START -2780 12656 -13032 307 9877 187 615 674 667 631 782 END
START -828 12456 -12440 609 12220 162 614 680 669 633 782 END
START -800 12092 -13576 934 4805 760 617 684 676 632 785 END
START 140 12464 -13796 719 1510 577 614 686 673 637 785 END
START -148 12596 -13816 310 -1470 381 615 691 674 638 787 END
START 932 12280 -12872 360 -3968 -69 615 694 674 638 789 END
START 132 12312 -13004 588 -2292 -701 617 690 674 638 788 END
START -508 12548 -13168 365 -1445 -726 619 696 675 638 788 END
START -1132 12272 -13628 -170 -1616 113 617 695 672 638 786 END
START 188 12180 -12608 307 -1082 286 616 693 673 639 789 END
START -740 12496 -12972 736 -2052 -2 617 693 674 639 789 END
START -1608 12108 -13856 862 -4887 -287 616 693 673 638 786 END
START -516 12376 -13000 258 -7543 -144 608 689 673 640 789 END
START -2852 12100 -13292 178 -2765 -201 605 690 674 638 790 END
START -1408 12280 -12468 369 -974 -300 600 687 673 638 789 END
START -1960 12116 -13152 630 -829 -327 607 683 671 636 787 END
START -2780 12116 -13368 247 -365 -944 605 679 665 632 784 END
START -2324 12304 -12900 26 -527 -683 606 678 667 630 784 END
START -2772 11956 -13064 110 -1490 -718 603 676 665 630 782 END
START -2228 11804 -12940 304 -54 -906 604 672 661 628 780 END
START -3436 11944 -13112 470 -572 -935 594 671 661 627 779 END
START -3220 12188 -13052 59 -1178 -544 591 672 661 628 780 END
START -2968 11848 -13052 -143 438 230 592 673 662 628 780 END
START -2680 11976 -13176 -126 -717 409 595 679 667 629 781 END
START -2900 12064 -13424 -108 -2236 139 595 681 668 631 782 END
START -3124 12064 -12968 -386 -4251 -210 598 679 668 633 782 END
START -4224 12404 -12640 -524 -4870 -580 591 679 663 630 781 END
START -3568 12348 -11876 -693 -4808 -512 598 674 664 628 780 END
START -4128 11952 -11848 -233 120 -544 598 674 661 625 780 END
START -3976 12072 -12336 196 -234 -874 597 670 656 624 779 END
START -4764 12132 -12572 246 764 -525 597 669 656 621 778 END
START -4356 11980 -12512 445 196 -169 597 669 656 620 778 END
START -3944 12228 -12368 510 2509 551 596 671 657 621 777 END
START -3864 12048 -12584 413 3215 449 596 668 656 621 778 END
START -4404 12232 -13200 318 621 348 599 671 655 621 779 END
START -2828 12664 -13792 -681 -18669 254 595 666 654 619 776 END
START -4204 12336 -11932 -1572 -4793 -450 595 665 654 620 776 END
START -4504 12416 -9964 -1760 -11920 224 597 666 653 620 776 END
START -5928 12404 -9696 -670 -1133 -675 596 666 653 619 777 END
START -6332 12512 -9792 -242 -2650 -320 596 669 653 618 781 END
START -5988 12792 -9584 -197 -2132 223 597 670 657 621 782 END
START -6540 12500 -9772 258 -308 229 596 669 656 620 784 END
START -6252 12572 -10168 169 -825 64 596 670 657 620 784 END
START -6132 12864 -9860 -78 -117 -94 595 669 656 622 784 END
START -5820 12780 -9816 -330 -357 -476 596 669 655 620 784 END
START -5972 12936 -9728 -581 148 -690 593 669 654 620 785 END
START -6240 12684 -9808 -764 1141 -825 597 671 654 620 785 END
START -6436 12796 -9372 -888 673 -1026 594 672 653 620 784 END
START -6572 12800 -9480 -730 1730 -1082 594 670 654 619 783 END
START -6100 12716 -9272 -421 3151 -664 595 669 652 618 784 END
START -6224 12944 -9572 -94 3388 -986 594 670 652 615 782 END
START -5540 12728 -10044 -430 1934 -1271 593 670 651 619 781 END
START -5916 12928 -9872 -771 4235 -1715 594 668 649 619 781 END
START -6756 12612 -10148 -718 5806 -1018 588 671 651 618 781 END
START -5624 12564 -10264 -497 3318 -594 593 671 646 618 780 END
START -5872 12948 -10416 -269 2549 -544 594 673 651 618 780 END
START -5144 13008 -10468 -132 2690 -255 591 671 652 618 781 END
START -4900 12416 -10788 -108 2932 -450 593 672 652 618 781 END
START -4864 13032 -10900 88 3015 -720 593 670 652 618 781 END
START -4652 13032 -10708 -223 1601 -197 587 670 653 619 780 END
START -4520 12436 -11520 39 2950 -156 593 670 652 618 781 END
START -4744 12328 -11416 261 1104 -730 589 670 651 618 778 END
START -4672 13316 -11220 249 -684 -446 596 669 653 618 779 END
START -4172 12820 -11304 -72 -295 403 598 671 656 622 779 END
START -4248 12200 -11192 393 67 -142 606 674 659 629 787 END
START -4808 13068 -11248 555 -864 -423 616 675 662 629 787 END
START -4988 13144 -11304 64 -1811 657 620 676 662 629 787 END
START -4096 12280 -10560 212 -1056 1217 621 677 664 631 788 END
START -3428 12780 -10020 1472 -806 61 624 682 664 632 791 END
START -3564 13820 -11128 2764 2 -927 616 680 664 633 792 END
START -4124 12632 -13016 1671 1203 -1016 610 681 664 633 792 END
START -5216 12292 -13116 -286 1374 -292 605 678 658 628 788 END
START -5632 12356 -12604 -1273 -2813 -444 609 676 655 623 785 END
START -4008 12792 -10520 -1422 -958 -13 607 675 655 623 784 END
START -3456 12872 -10144 -252 -663 427 608 677 658 626 785 END
START -3944 12608 -10600 361 -653 -354 607 679 659 628 787 END
START -4796 12812 -10680 1004 -533 -628 605 682 663 629 790 END
START -4748 12480 -11340 1193 -424 -280 608 686 670 639 793 END
START -4876 12432 -12168 1064 -387 294 610 688 674 640 791 END
START -4308 12628 -11772 836 -187 74 609 686 672 641 787 END
START -4452 12872 -11776 405 -1044 -48 609 678 673 636 787 END
START -4556 12736 -11456 353 370 -120 609 683 672 635 784 END
START -4604 11860 -11784 518 -512 -295 612 682 671 634 783 END
START -4908 12660 -12452 88 -792 -501 617 681 673 634 782 END
START -4324 12788 -11200 -331 -384 281 619 680 671 633 781 END
START -4460 12280 -11372 100 431 -55 617 680 670 632 780 END
START -4616 12276 -12012 233 -451 -630 617 680 671 633 781 END
START -4992 12788 -11752 39 -598 -119 617 678 669 632 781 END
START -4976 12464 -11520 252 -450 598 616 677 668 630 779 END
START -4280 12316 -11648 568 -864 143 619 675 668 630 778 END
START -4184 12632 -11580 335 -1509 -261 618 676 666 629 778 END
START -5040 12640 -11504 303 -1074 361 618 673 667 628 778 END
START -4320 12208 -11284 719 -517 425 618 677 669 628 777 END
START -4508 12632 -11920 942 -1345 75 618 678 672 631 778 END
START -4560 12596 -11836 346 -1486 212 619 679 677 635 785 END
START -4732 12612 -11260 246 -599 -157 619 683 676 637 788 END
START -4344 12728 -11084 303 -750 120 617 683 679 636 787 END
START -4224 12440 -11556 215 -352 263 616 682 675 636 786 END
START -4344 12764 -11352 68 -117 -100 613 679 676 635 786 END
START -4464 12972 -10976 -158 626 -399 614 675 671 631 784 END
START -4704 12720 -11232 -538 -540 -679 614 671 663 623 780 END
START -4564 12184 -11508 -162 850 -953 610 668 659 620 779 END
START -4856 12788 -11308 -155 -2 -1094 608 664 657 618 778 END
START -4836 12564 -11308 -384 285 -548 608 663 653 617 777 END
START -4888 12692 -11272 -110 132 -552 607 662 653 616 778 END
START -4484 12416 -11372 -64 85 -13 606 666 656 619 782 END
START -4356 12580 -11272 -25 -163 216 605 671 662 623 787 END
START -4640 12692 -11160 159 119 104 606 677 670 631 793 END
START -4596 12480 -11368 308 -92 -392 606 684 676 638 799 END
START -4812 12788 -11180 31 -259 -239 607 690 682 642 802 END
START -4428 12700 -11080 -95 -329 194 607 691 685 643 802 END
START -4480 12644 -11092 157 -599 -147 608 691 686 644 803 END
START -4616 12696 -11620 71 -305 -323 608 692 684 645 803 END
START -4872 12612 -11628 -143 -580 -361 608 691 684 644 802 END
START -4996 12624 -10960 -378 -396 26 606 692 683 644 802 END
START -4552 12608 -10820 -75 -257 481 608 693 682 644 801 END
START -3828 12964 -10556 -41 -296 820 608 693 683 644 802 END
START -3540 13184 -10948 349 1245 652 610 694 680 644 803 END
START -3704 12984 -11248 483 504 -419 608 692 681 644 802 END
START -4416 12916 -11684 406 -356 -1177 608 692 678 643 801 END
START -4964 12676 -11492 107 308 -368 608 691 676 642 800 END
START -4980 13100 -11200 -64 -391 -2 609 691 681 642 801 END
START -4452 13052 -11076 -55 -61 186 609 690 676 643 803 END
START -3956 12840 -11108 376 -583 -226 609 691 676 643 804 END
START -4164 12980 -11420 690 -457 -381 608 691 677 644 804 END
START -4160 12940 -11320 235 -522 -175 608 691 677 645 804 END
START -4220 12728 -10972 101 -259 -126 608 691 678 646 804 END
START -4440 12684 -10808 132 -849 -257 609 692 680 645 804 END
START -4608 13044 -10932 284 -945 55 609 697 680 645 803 END
START -4236 12692 -10928 406 -844 56 610 697 680 645 802 END
START -4368 12948 -11600 435 -870 -328 610 698 680 644 802 END
START -4344 12852 -11612 68 -2427 -512 610 697 679 645 801 END
START -4736 13000 -11764 -505 -5509 -392 610 697 681 644 802 END
START -4928 13092 -10844 -1304 -4026 -564 611 700 680 644 801 END
START -5528 12284 -9580 -1007 -4927 -199 612 703 681 644 801 END
START -6540 13184 -9756 -516 -3257 -748 613 708 681 645 801 END
START -4848 12840 -9148 -210 -758 -693 613 708 681 645 802 END
START -6596 13080 -9612 -315 -3451 -1296 614 708 681 644 801 END
START -6268 13200 -9012 -825 -791 -1435 614 706 680 644 801 END
START -6828 12604 -9312 -842 -1098 -611 613 706 680 644 800 END
START -6800 13068 -8580 -270 -445 -276 612 706 680 644 801 END
START -5844 13220 -8644 173 223 -212 613 706 681 644 801 END
START -7032 13040 -9748 -454 -2524 -954 613 705 681 645 802 END
START -7260 13012 -8808 -1225 -6529 -861 614 705 676 644 803 END
START -7352 12856 -7560 -1320 -1021 -709 613 705 680 644 802 END
START -7084 12720 -6904 -147 -182 -461 610 706 681 644 801 END
START -7288 12776 -7852 631 -364 -588 613 705 681 645 802 END
START -7632 12996 -8160 484 -691 -466 614 704 677 645 802 END
START -7212 13116 -7784 282 -190 -317 614 705 679 645 801 END
START -7764 12716 -7212 844 -380 -187 614 705 679 641 802 END
START -8556 12144 -5980 3178 -969 924 613 704 680 644 802 END
START -8180 12428 -7976 5398 3211 2624 614 704 680 644 801 END
START -5476 12736 -10876 4582 -80 3131 613 705 679 645 802 END
START -4720 13188 -11856 1645 6023 1522 613 704 678 645 802 END
START -4648 13148 -10684 -266 2906 -41 614 704 680 645 803 END
START -5940 12656 -9948 -68 4133 -1174 613 704 681 646 803 END
START -5076 12516 -9184 1250 1922 38 613 706 683 647 804 END
START -5736 12640 -11648 1828 6301 749 613 710 687 650 805 END
START -4172 12844 -12516 601 869 822 613 719 688 651 805 END
START -3836 12800 -11736 62 -813 -88 614 722 690 651 804 END
START -4080 12472 -11032 253 52 -580 613 718 686 649 804 END
START -4752 12836 -11836 108 -625 -862 614 718 686 649 804 END
START -4648 12600 -11436 -278 -555 -1038 613 716 685 649 800 END
START -5092 13432 -11488 -553 -3324 -786 614 718 685 645 803 END
START -4600 12132 -10772 -603 -288 -757 613 716 685 648 802 END
START -4804 12764 -10708 -6 229 -801 615 714 686 647 802 END
START -5672 13164 -11036 -338 -1420 -947 613 717 685 648 804 END
START -5752 12520 -10784 -665 812 -725 614 717 684 648 804 END
START -5316 12772 -10708 -196 153 -943 613 717 685 648 803 END
START -5796 12396 -10668 -327 -96 -607 613 718 685 648 803 END
START -5248 12820 -10708 -55 -53 -718 614 718 688 652 804 END
START -5624 12112 -10904 302 -964 -683 613 720 689 652 803 END
START -5660 13168 -10848 101 -1317 -458 613 720 689 651 803 END
START -4888 12568 -10500 -503 -3675 -458 614 718 689 651 803 END
START -5428 12592 -10116 -769 -2214 -1536 615 712 688 652 803 END
START -6636 12780 -10072 -1009 -1482 -2011 613 717 688 651 803 END
START -6512 12488 -9592 -1009 -3408 -1254 612 716 688 651 803 END
START -7552 12412 -9352 -722 -1502 -812 613 717 688 651 804 END
START -6784 12712 -8688 -361 -1318 -411 612 716 688 650 804 END
START -7384 12716 -9116 -514 -2361 -92 613 714 689 650 803 END
START -7236 12496 -8512 -63 621 -251 613 715 687 650 803 END
START -7176 12780 -8768 423 -130 237 613 715 686 650 802 END
START -7276 12512 -8824 483 -316 710 613 713 687 651 802 END
START -6612 12828 -8892 705 1555 584 613 712 687 651 804 END
START -6420 13024 -9328 733 2241 1155 614 712 688 652 806 END
START -6012 12872 -9592 917 6393 1172 614 713 686 653 808 END
START -5744 12728 -10348 797 4520 892 613 711 686 653 808 END
START -4452 12832 -10260 709 5302 859 612 711 686 653 808 END
START -4464 13032 -11176 558 6041 493 613 710 686 653 806 END
START -4144 13168 -11344 67 1403 270 613 711 685 654 807 END
START -4012 13032 -11364 -263 3483 -106 613 711 687 654 806 END
START -3824 13012 -11272 -428 1911 -333 614 711 687 654 805 END
START -4096 12872 -11112 200 -634 -673 613 710 686 654 806 END
START -3804 13340 -10992 164 -341 -770 612 710 686 652 806 END
START -4456 13060 -11440 10 -425 -549 612 709 687 653 807 END
START -3516 13028 -10980 -54 -3969 -256 607 710 686 653 807 END
START -4520 12976 -11364 -279 -889 -1189 614 710 686 652 806 END
START -5760 13100 -11780 -1246 -6770 -1398 613 710 685 652 807 END
START -4984 13356 -9704 -1826 -9360 -1601 614 709 685 649 806 END
START -4096 13080 -8272 -1583 -3434 -3101 613 709 684 652 806 END
START -8196 12940 -10064 -2031 -2468 -3442 613 710 684 652 807 END
START -7116 12732 -7948 -2412 -1587 -2203 612 709 684 652 807 END
START -7880 12976 -7760 -2063 -3068 -1730 613 709 684 652 806 END
START -7712 12592 -7188 -1763 -1197 -1771 612 704 685 652 807 END
START -8372 12540 -7104 -1290 -1699 -1515 613 709 685 652 806 END
START -8052 12760 -6656 -1005 -594 -973 612 709 684 652 807 END
START -8596 12936 -6648 -720 -521 -569 613 709 684 651 808 END
START -8136 12820 -6228 -387 336 -470 613 711 684 652 807 END
START -8464 12756 -6516 -217 -26 -316 613 709 684 652 809 END
START -8516 12784 -6812 -147 85 30 613 710 685 652 807 END
START -8344 12852 -6456 36 -154 186 612 710 684 652 807 END
START -8080 12888 -6880 344 -417 211 613 711 684 652 807 END
START -8092 13764 -7800 983 1229 352 612 709 685 652 807 END
START -7848 13824 -6556 -469 1184 534 613 709 684 652 806 END
START -8004 13464 -6888 -757 259 560 613 709 684 652 807 END
START -7812 12704 -6304 -952 39 917 613 709 685 652 807 END
START -7700 13160 -6844 -845 27 452 615 709 683 652 807 END
START -7432 13168 -6644 -650 -880 838 613 709 684 651 808 END
START -7300 13832 -5908 -922 -1112 1196 613 709 684 652 807 END
START -6840 13392 -5864 -878 -1050 1241 613 709 684 652 808 END
START -6576 13480 -5900 -555 -677 1083 613 706 684 652 806 END
START -6928 13304 -6044 -254 -499 924 609 709 684 652 807 END
START -6172 13664 -6352 1349 627 714 612 709 684 652 807 END
START -6440 13876 -6824 1481 2150 1200 612 709 685 652 807 END
START -6104 14176 -5808 552 699 232 612 710 684 653 807 END
START -6948 13944 -6180 -403 90 -286 612 711 684 652 807 END
START -6924 13924 -6192 -631 -540 -195 613 709 684 652 807 END
START -6560 13900 -6240 -870 -31 -228 612 709 684 652 807 END
START -6036 14008 -6152 -1092 2002 -931 612 710 685 652 807 END
START -6772 14168 -5988 -935 -298 -417 612 709 684 652 806 END
START -6680 14052 -5836 -674 -257 17 612 709 685 652 806 END
START -6368 14008 -5720 -697 -1021 229 609 710 682 652 806 END
START -5728 13780 -5848 -61 -70 -89 612 710 684 652 806 END
START -5760 13760 -6516 1115 4816 19 612 710 685 652 807 END
START -6384 13932 -6476 1567 4004 966 611 709 685 652 806 END
START -5276 14112 -6436 1285 1257 726 612 708 685 652 806 END
START -4996 14660 -6904 859 3298 13 612 709 684 652 807 END
START -5420 14612 -7512 663 1585 -13 612 709 684 652 806 END
START -5744 14152 -7288 -270 1480 -257 613 709 685 652 806 END
START -5676 13724 -7164 -263 937 -575 613 709 684 652 806 END
START -5864 14412 -6932 343 1262 -890 613 708 683 652 806 END
START -5512 14488 -6644 396 1021 -808 612 708 684 652 806 END
START -5604 14264 -6988 352 604 -829 613 708 684 652 805 END
START -5864 13516 -7952 374 250 -884 613 708 684 652 805 END
START -5656 13948 -8116 515 414 -1053 613 708 683 653 806 END
START -5316 14580 -7736 -63 610 -1242 614 709 684 652 806 END
START -5372 13796 -7832 -329 243 -1153 613 709 685 652 805 END
START -5788 13612 -7556 85 381 -1066 613 709 684 652 805 END
START -6200 14120 -7788 408 223 -618 613 713 684 651 808 END
START -6516 13680 -7532 142 -38 -51 613 708 684 652 805 END
START -6096 13496 -7796 641 -412 -267 612 709 684 652 806 END
START -5596 14296 -7916 838 -864 -814 613 709 684 654 806 END
START -5984 14636 -8096 138 -538 -347 612 709 685 652 806 END
START -6016 13280 -7856 -639 -704 -76 613 708 680 652 805 END
START -5892 13068 -7028 185 -797 -330 613 708 683 652 807 END
START -6372 13932 -7488 1132 -107 -437 607 708 679 652 805 END
START -6588 14380 -7944 837 -505 9 613 708 684 652 805 END
START -6128 13828 -8304 484 -1199 415 612 708 684 652 804 END
START -5456 13452 -8064 133 -763 405 613 708 684 652 805 END
START -5656 13664 -7684 580 -448 -162 613 709 684 652 805 END
START -5760 14128 -7204 310 -1031 -359 612 709 684 652 805 END
START -6048 14196 -7500 727 -1108 473 612 709 683 652 805 END
START -5728 13588 -7976 277 249 494 612 706 687 653 805 END
START -6212 13452 -8248 70 -403 330 612 709 684 651 805 END
START -6480 13916 -7968 38 -199 134 611 708 683 651 805 END
START -6256 13832 -7572 -69 -1460 -579 615 709 684 652 805 END
START -5660 13520 -7388 68 -1436 -1244 612 710 683 647 804 END
START -5500 13944 -7692 656 -736 -219 613 711 685 653 805 END
START -6004 14196 -7704 555 -655 -148 612 708 683 651 805 END
START -6944 13760 -7580 87 -1467 -795 611 709 684 651 805 END
START -5260 12812 -6352 274 -573 766 612 708 683 652 805 END
START -4964 14636 -7904 1979 615 2 612 708 683 652 805 END
START -5916 14188 -8964 1018 -213 -630 612 709 683 652 805 END
START -6172 14004 -7812 391 160 -223 612 708 683 650 805 END
START -6544 13764 -7432 596 -1084 -211 613 710 685 652 806 END
START -6328 13836 -8068 521 -956 502 612 709 685 651 804 END
START -5400 13904 -7724 407 -444 836 612 709 683 651 804 END
START -5548 13504 -8276 202 -971 326 613 708 685 651 804 END
START -5428 13472 -8260 507 -365 -457 611 709 683 651 805 END
START -5428 13532 -8080 332 -64 -1028 612 708 682 651 804 END
START -5296 13068 -8332 -233 -480 -496 612 708 683 651 804 END
START -6124 12400 -8640 206 574 552 612 710 683 651 804 END
START -5812 12500 -8964 852 289 71 612 708 684 651 805 END
START -6552 13272 -8480 1210 346 -700 612 708 682 651 804 END
START -6612 14816 -7572 676 -233 -267 612 709 683 651 804 END
START -4852 15180 -7232 -390 -678 407 612 709 684 651 805 END
START -5792 15184 -7852 -376 -641 219 614 705 685 651 804 END
START -6364 13404 -7648 -640 -735 18 611 708 683 651 804 END
START -5928 12616 -7528 478 -712 382 612 709 683 651 805 END
START -5488 13032 -8288 1258 -781 186 611 708 682 650 804 END
START -5272 14260 -8464 747 -893 -602 616 709 683 651 804 END
START -5700 14608 -8340 312 -508 -770 612 709 684 651 806 END
START -5776 14024 -8252 -665 -211 -477 613 708 682 651 804 END
START -5744 13208 -7680 -564 -360 -857 612 708 683 652 804 END
START -5408 12944 -7652 655 236 -1586 612 708 683 652 805 END
START -5784 13560 -8096 1472 -915 -1372 612 708 682 651 804 END
START -6632 13936 -8256 329 -311 -735 612 710 684 651 803 END
START -5912 13740 -8132 -63 612 -91 610 707 684 652 804 END
START -5920 13708 -8700 -53 1355 -446 612 708 685 651 804 END
START -6740 13600 -8152 -591 624 -1040 612 708 682 651 805 END
START -7092 13136 -7936 -831 6 -507 612 708 683 651 805 END
START -6424 12956 -7916 -34 -508 -197 612 708 683 651 804 END
START -5788 14044 -7624 532 -100 -315 612 708 683 651 804 END
START -5876 14240 -8316 151 81 160 612 707 682 650 803 END
START -6968 14076 -8516 -1429 -1121 348 612 708 685 651 803 END
START -6784 13136 -7436 -1546 -731 382 611 708 683 651 804 END
START -5920 13200 -7444 185 -571 349 612 707 681 651 802 END
START -5992 13724 -7700 568 -644 290 612 708 683 650 802 END
START -5660 13792 -7800 219 -407 -88 613 708 682 652 803 END
START -6128 13760 -7920 -31 -207 -302 612 708 682 651 803 END
START -6116 14564 -7280 -321 -117 -412 610 708 682 650 802 END
START -5996 13900 -7452 -795 -650 -416 612 707 683 651 803 END
START -5944 13740 -7540 -336 -450 -157 611 708 682 651 803 END
START -5956 13816 -7108 -548 -785 -264 612 707 683 651 803 END
START -5744 13732 -7228 -379 -295 -301 612 708 682 650 803 END
START -5940 14220 -7016 -330 211 -883 612 706 683 651 803 END
START -6504 14032 -7020 -563 412 -503 611 708 682 650 803 END
START -6612 13752 -7116 -426 116 -322 611 707 682 650 803 END
START -6180 13588 -6640 -242 -240 -524 612 708 682 650 803 END
START -5668 13660 -6836 349 162 -680 612 708 682 651 802 END
START -6028 13752 -7388 602 245 -360 611 706 682 651 803 END
START -6532 13808 -7332 523 -2 -674 614 707 683 650 803 END
START -6436 14180 -6872 469 -83 -855 611 707 682 650 803 END
START -5920 14632 -7224 245 207 -809 613 707 682 651 802 END
START -6668 14844 -7460 -1307 984 -1298 612 707 682 651 803 END
START -7036 13564 -7124 -2550 -301 -1802 612 709 682 651 803 END
START -7168 13208 -6752 -1467 -920 -1187 612 707 682 650 802 END
START -6820 13872 -6488 -892 -634 -680 611 707 682 650 803 END
START -6396 13280 -5568 -1595 -952 -805 611 705 683 651 804 END
START -6804 13084 -5432 -507 -152 -839 613 707 682 650 804 END
START -7128 13312 -5576 283 -11 -781 612 707 682 650 803 END
START -7336 13588 -5740 178 -247 -708 611 708 681 651 802 END
START -7616 13700 -5672 456 -261 -641 612 707 682 651 803 END
START -8128 13436 -5984 123 -355 -859 611 707 677 651 802 END
START -7472 13456 -5764 -183 -792 -414 611 708 682 651 802 END
START -7008 13712 -6164 326 -820 -203 611 711 681 650 803 END
START -6948 13780 -6028 217 53 -96 612 708 682 651 803 END
START -6516 12856 -5896 145 412 435 613 707 682 650 803 END
START -6352 13680 -6360 1284 2077 348 612 708 682 651 802 END
START -7424 14104 -6088 1094 1714 -229 611 707 682 650 802 END
START -8212 13948 -6324 327 608 -28 610 708 683 650 803 END
START -6988 13664 -6524 28 44 626 611 708 678 651 802 END
START -7060 13512 -6152 391 189 506 612 708 682 650 803 END
START -6616 13724 -6320 998 -195 269 612 707 682 651 802 END
START -6336 13692 -6996 964 -135 573 611 701 682 651 802 END
START -6636 13936 -7284 769 221 22 612 710 682 650 802 END
START -6940 14156 -7016 215 -104 -334 612 708 676 650 803 END
START -6888 14032 -7060 -258 -88 7 612 708 681 650 802 END
START -6520 13720 -6516 -402 -230 108 612 709 682 649 801 END
START -6352 13576 -6604 193 -170 98 611 707 684 650 802 END
START -6368 13740 -6796 389 -303 -125 612 708 682 651 804 END
START -6456 13768 -6728 480 -173 -269 612 707 682 647 804 END
START -6316 13688 -6588 370 -107 -419 611 708 681 650 803 END
START -6500 13808 -6784 505 -572 -1152 611 708 682 651 803 END
START -6068 13812 -6956 606 -99 -1384 613 708 682 651 803 END
START -6332 13656 -7184 827 588 -916 611 707 682 651 804 END
START -6848 13280 -7588 452 345 -657 611 706 681 651 802 END
START -7312 13296 -7208 700 1209 -643 612 707 682 650 803 END
START -7380 13680 -7140 345 504 -1588 612 707 682 650 802 END
START -7452 13660 -7344 109 22 -1722 611 708 682 651 803 END
START -7312 13532 -7156 177 -271 -466 611 707 682 651 803 END
START -6864 13208 -7032 149 -180 -308 614 707 681 650 801 END
START -6916 12892 -6788 383 -654 -503 612 707 681 650 803 END
START -7736 13204 -7308 521 -762 -559 612 707 682 650 803 END
START -7608 13608 -7592 435 -43 -583 612 707 682 650 802 END
START -7144 13372 -7568 -301 -158 -425 612 707 682 647 802 END
START -7048 13152 -7124 -498 -498 -470 611 707 681 651 803 END
START -7540 12904 -6904 -446 -668 -704 612 708 682 650 803 END
START -7960 13208 -7208 -115 -557 -905 611 707 682 651 802 END
START -7440 13084 -7060 -86 -344 -537 612 701 681 650 802 END
START -7188 12820 -6860 20 -260 9 612 707 682 650 802 END
START -7264 12752 -6760 351 -56 31 612 710 682 652 802 END
START -7628 13312 -7048 905 312 -347 611 707 682 651 803 END
START -7732 13520 -6956 405 -360 -445 612 705 681 651 802 END
START -8156 13312 -7152 447 -1222 149 613 706 683 651 802 END
START -7544 13240 -7536 -15 -727 420 612 707 682 650 802 END
START -7024 12796 -6896 -227 130 445 612 707 681 650 802 END
START -7264 12860 -6800 497 205 437 612 707 682 650 803 END
START -7556 13220 -7020 855 366 372 612 706 682 651 804 END
START -7640 13292 -7208 771 111 337 611 708 684 650 802 END
START -7344 13340 -7436 661 -175 463 607 703 681 651 803 END
START -7264 13480 -7732 572 -288 383 611 708 681 651 803 END
START -6792 13604 -7412 346 -271 280 611 707 682 652 804 END
START -6496 13316 -7172 401 -261 296 612 707 682 652 804 END
START -6840 13384 -7444 500 -342 -177 610 708 682 651 804 END
START -7216 13148 -7724 451 -899 -187 612 708 681 651 803 END
START -6988 13480 -7572 858 -587 103 612 708 682 651 803 END
START -6636 13856 -7336 584 -69 -28 612 707 679 650 803 END
START -6368 12932 -7032 133 -758 -296 612 708 681 646 803 END
START -6568 12716 -7668 948 -158 -378 612 707 680 650 801 END
START -6924 13272 -7880 1475 400 -567 612 708 680 650 803 END
START -7008 14112 -8084 743 -322 -675 612 704 680 649 801 END
START -7340 13396 -8164 -130 -607 -183 612 706 680 650 803 END
START -6900 12524 -7944 61 763 437 612 705 680 650 803 END
START -6580 13532 -7792 327 532 88 611 706 681 650 804 END
START -6668 13700 -7792 349 780 155 612 705 681 651 806 END
START -6688 13240 -8220 46 -777 186 612 703 682 654 811 END
START -7360 13344 -8148 121 -324 -281 612 703 681 653 809 END
START -6864 13788 -8272 -208 -317 36 612 703 681 654 808 END
START -6100 13392 -7984 -848 -318 652 612 704 682 654 809 END
START -6456 12632 -7684 -400 -247 344 612 704 682 653 808 END
START -6340 13468 -7244 -257 -497 -77 611 704 681 653 807 END
START -6572 14032 -7240 100 -994 -234 612 704 681 653 808 END
START -6936 13808 -7304 390 -842 -344 612 704 683 652 806 END
START -6656 13976 -7608 128 -1178 45 611 701 680 651 804 END
START -5836 13416 -7864 189 -843 433 611 699 679 646 803 END
START -6692 13432 -8000 125 -532 -159 612 701 679 649 802 END
START -6592 13264 -7612 310 -134 -766 610 698 679 649 803 END
START -6876 14032 -7276 120 -158 -742 611 698 679 648 802 END
START -6464 13460 -7136 203 -15 -400 611 698 678 648 802 END
START -6764 13004 -7392 463 75 -493 611 698 679 648 802 END
START -6572 13176 -6988 1352 714 -133 611 697 679 648 802 END
START -6336 13792 -8128 1249 -470 -32 611 696 674 648 802 END
START -6816 13880 -8244 432 342 -186 615 694 678 647 800 END
START -6408 13212 -7532 111 395 -187 618 692 676 647 799 END
START -6656 13096 -8116 474 -454 -286 619 690 674 647 798 END
START -6800 13384 -8208 700 -15 -394 622 687 671 642 797 END
START -6368 13392 -8032 480 -608 -251 620 685 670 641 795 END
START -6668 13292 -7948 662 -659 -197 621 682 666 638 794 END
START -6412 13496 -8236 699 -404 -384 621 680 664 636 792 END
START -6368 13552 -8324 449 337 -427 624 679 662 634 792 END
START -6676 12916 -8212 98 -73 -792 622 679 664 634 791 END
START -7092 13176 -8260 570 -434 -728 621 676 660 633 791 END
START -6344 13676 -7524 687 -603 -275 621 675 660 632 790 END
START -6776 13172 -8428 32 -876 111 626 675 663 628 790 END
START -6804 12932 -7964 239 257 -215 625 673 658 630 789 END
START -6356 13104 -8128 424 -445 17 626 672 657 629 787 END
START -7072 13344 -8636 71 -376 -238 624 672 657 629 787 END
START -7264 13184 -7908 -206 -164 -799 627 671 655 629 786 END
START -6588 13416 -7752 336 -1327 -683 627 671 656 628 786 END
START -6580 13308 -8280 226 -395 -64 625 671 657 629 785 END
START -6456 12956 -7932 -96 -131 -123 626 671 657 628 784 END
START -7256 12640 -7944 251 -341 -300 624 673 656 628 784 END
START -7284 13304 -8208 723 -647 -184 624 672 657 628 784 END
START -6764 13624 -8376 447 314 -99 625 672 659 629 783 END
START -7164 13124 -8520 28 -761 -166 622 677 658 630 785 END
START -6764 12840 -8252 216 -246 -141 620 676 659 630 784 END
START -6220 13340 -7944 764 -352 90 619 676 658 630 784 END
START -6672 13112 -8676 350 -165 -270 619 676 658 630 783 END
START -7172 13212 -7900 69 -253 -767 618 675 659 630 784 END
START -6984 13532 -7940 412 -549 -399 617 675 659 630 784 END
START -6636 13284 -8596 243 -77 -8 617 674 658 630 784 END
START -6740 12680 -8276 -392 -420 -267 617 674 658 629 784 END
START -6968 12640 -7740 410 -566 -306 617 675 658 629 784 END
START -6844 13596 -8208 771 -281 -183 616 675 659 630 784 END
START -6128 13764 -8416 128 517 233 616 675 659 630 785 END
START -6644 12892 -8412 -214 245 112 616 675 659 630 785 END
START -6904 12616 -8504 33 162 -674 616 675 659 630 785 END
START -6996 13476 -8112 289 -225 -472 615 676 659 630 786 END
START -6388 13556 -8064 323 236 -124 615 676 659 631 786 END
START -6444 12868 -8480 266 294 -767 616 677 658 631 785 END
START -7060 13148 -8672 91 127 -934 616 676 659 630 786 END
START -7104 13320 -8400 -81 -93 -440 616 677 659 630 786 END
START -7416 12936 -8328 -182 -1447 -262 615 676 660 632 784 END
START -6984 12932 -8016 121 -625 -210 616 678 663 632 786 END
START -6516 13344 -8092 34 -379 73 615 677 660 631 787 END
START -6856 13316 -8180 42 258 283 616 677 660 631 787 END
START -6844 12440 -8432 -49 236 -384 616 678 661 631 787 END
START -7364 13124 -8020 341 -244 -713 617 677 661 631 787 END
START -7004 13804 -8512 351 187 55 616 679 661 632 787 END
START -6516 13160 -8304 -155 2 78 619 680 662 633 787 END
START -6792 12616 -8128 -92 -68 -225 616 682 662 634 789 END
START -6980 13120 -8056 645 -367 -321 617 681 663 633 789 END
START -6756 13520 -8280 757 -195 75 617 683 662 633 789 END
START -6412 13176 -8556 317 -501 166 617 681 662 633 789 END
START -6712 13068 -8428 279 -252 -168 617 682 663 633 789 END
START -6600 13452 -8288 329 -293 -153 616 681 662 633 791 END
START -6364 13296 -8560 123 43 178 617 682 662 632 789 END
START -6660 12384 -8672 194 -236 -209 617 683 662 633 790 END
START -6800 13404 -8340 361 -590 -819 615 681 664 634 789 END
START -6612 13776 -8596 269 -212 -74 617 681 663 632 789 END
START -6744 12724 -8536 -194 -150 306 617 683 662 633 789 END
START -6652 12536 -8020 134 -326 -382 617 684 663 632 788 END
START -6700 13492 -8444 559 -389 -350 617 684 662 632 789 END
START -6748 13440 -8512 164 -110 -318 617 685 663 632 786 END
START -6644 12864 -8312 77 -454 -189 616 689 662 632 788 END
START -6616 13240 -8304 527 -473 -334 617 699 661 632 789 END
START -6652 13552 -8500 357 -287 -299 617 699 661 631 789 END
START -6808 13240 -8328 -89 -189 -265 617 696 661 632 789 END
START -6620 12888 -8352 187 158 -443 617 696 662 632 791 END
START -6868 13368 -8536 375 -258 -682 619 696 668 637 798 END
START -6840 13492 -8224 4 -400 -193 617 696 670 643 805 END
START -6756 12744 -8168 72 127 -232 617 695 674 646 807 END
START -6604 12788 -8516 414 -352 -586 617 696 675 647 807 END
START -7264 13500 -8712 149 -287 -373 618 697 674 647 805 END
START -6976 13040 -8512 -111 209 -227 617 693 674 646 804 END
START -7004 12696 -8152 73 28 -556 617 692 673 647 804 END
START -7076 13288 -8360 319 -381 -485 617 692 674 647 807 END
START -7224 13612 -8248 211 -291 -230 617 689 671 646 805 END
START -6756 13084 -8376 -222 2 -313 616 699 677 649 807 END
START -6812 12776 -8572 -90 -316 -743 617 701 678 650 808 END
START -7144 12896 -8160 232 -473 -760 617 706 684 655 810 END
START -6680 13384 -8344 -33 -349 -360 617 708 685 656 812 END
START -7204 12956 -7612 -136 -308 -145 616 706 686 657 812 END
START -6832 12788 -8288 254 -100 -380 616 704 683 656 810 END
START -7016 13184 -8612 236 -180 -211 616 701 680 653 810 END
START -7512 13212 -8404 -235 -30 -314 618 690 671 645 805 END
START -7036 12532 -7700 39 -436 -166 615 684 665 641 802 END
START -6684 12936 -7992 247 -509 -233 609 680 660 638 802 END
START -6724 13376 -8308 4 -467 -79 603 678 660 636 800 END
START -6876 12928 -7964 -81 587 -58 600 678 660 637 800 END
START -6892 12512 -8000 274 372 -434 601 680 660 637 800 END
START -7708 13372 -8652 515 -408 -403 606 683 663 638 800 END
START -6948 13552 -8404 440 857 -102 615 685 664 639 800 END
START -6480 12844 -8032 130 -234 -263 630 688 666 640 800 END
START -7156 12672 -8444 479 837 -303 636 685 664 638 798 END
START -6884 13072 -8088 772 -285 -113 637 685 664 638 799 END
START -7536 13136 -8736 583 14 -83 640 683 664 638 797 END
START -7088 12696 -8980 272 176 -181 642 684 664 636 796 END
START -6520 12972 -8520 358 318 -305 643 683 664 637 796 END
START -6704 13248 -8624 220 559 -486 645 692 666 637 794 END
START -7004 12908 -8452 -75 91 -572 645 700 671 641 801 END
START -6656 12436 -8036 207 265 -437 645 708 676 650 810 END
START -6560 12992 -8852 445 -307 -556 644 704 673 644 807 END
START -7252 13452 -8820 176 459 -343 644 701 673 646 803 END
START -6964 12724 -8628 -220 -70 -274 641 700 673 646 803 END
START -6828 12508 -8668 166 181 -629 641 698 673 650 812 END
START -7200 13364 -8484 367 -41 -596 640 697 673 652 818 END
START -6756 13028 -9092 -206 -349 -467 639 699 673 650 816 END
START -7136 12616 -8876 -169 -161 -386 639 697 671 652 817 END
START -6920 12500 -8636 29 -295 -631 638 696 673 654 826 END
START -7276 13100 -8508 233 286 -543 637 696 674 657 834 END
START -7152 13248 -8724 -105 112 -235 640 696 674 657 834 END
START -7124 12356 -8704 -158 -81 -210 639 696 673 656 831 END
START -7348 12628 -8560 0 28 -238 637 696 674 655 825 END
START -7308 13116 -8496 6 -68 -369 636 695 673 653 823 END
START -7240 12972 -8240 -34 69 44 635 694 667 652 819 END
START -7244 12808 -8352 169 -682 54 637 692 668 649 815 END
START -7336 12804 -8680 319 28 -63 635 690 666 645 810 END
START -6496 12712 -8436 302 -1092 102 634 687 661 640 807 END
START -6620 12452 -8588 526 -45 7 634 683 656 636 802 END
START -6508 12792 -8672 796 182 -547 632 681 654 634 796 END
START -7508 13188 -8992 692 -518 -956 630 680 653 632 798 END
START -7752 13176 -9124 86 -369 22 628 679 653 632 798 END
START -7052 12540 -8556 -66 -281 -24 623 679 655 631 795 END
START -6904 12364 -8044 535 -790 -340 620 678 659 631 794 END
START -6952 12944 -8800 497 -106 -407 618 681 666 635 795 END
START -6996 13164 -8728 223 -513 16 616 684 671 637 790 END
START -7720 12752 -8700 -113 -178 -204 614 683 671 636 792 END
START -7492 12624 -8224 365 47 -235 611 680 670 636 793 END
START -6876 13152 -8248 404 -739 -115 608 680 670 636 792 END
START -6968 13136 -8960 -36 -936 -72 607 681 672 636 791 END
START -6188 12324 -8556 315 2931 113 596 681 670 639 795 END
START -7320 12660 -8732 490 -1803 167 594 682 669 640 798 END
START -7320 13152 -8652 247 -961 -393 588 681 666 640 800 END
START -6876 13400 -8440 499 -382 -113 588 680 663 638 799 END
START -6992 12656 -8756 160 -836 -336 584 678 660 635 796 END
START -7824 12480 -9108 443 -973 -175 583 675 657 632 794 END
START -6544 12824 -9032 206 -1218 -118 581 668 654 628 789 END
START -7572 13088 -8076 339 -821 30 576 665 652 625 787 END
START -6900 12244 -8576 -46 -1204 -166 581 663 650 622 781 END
START -7556 12804 -8308 294 -1162 112 578 660 651 619 776 END
START -7336 13080 -8452 92 75 -142 576 660 654 619 773 END
START -7144 13128 -8284 237 -292 -59 580 661 656 619 772 END
START -7116 13000 -8700 216 -269 -150 580 661 656 618 771 END
START -6992 12880 -8728 140 -227 -281 581 659 655 618 771 END
START -7084 12984 -8324 149 -816 118 583 658 654 618 770 END
START -7280 12896 -8672 149 -700 12 578 658 654 617 770 END
START -6604 12828 -8356 137 -961 -93 577 655 652 616 769 END
START -6376 12880 -8404 -19 -725 -168 576 655 653 615 768 END
START -7328 12888 -8320 144 -375 -205 576 654 653 614 765 END
START -7068 12632 -8412 256 13 -245 577 649 653 612 766 END
START -7472 13112 -8324 418 -137 48 576 653 653 613 765 END
START -6980 12904 -8416 148 -470 -118 576 651 654 614 763 END
START -6832 12976 -8320 280 76 -51 574 651 654 612 763 END
START -6852 12948 -8452 140 -708 -25 576 650 653 612 763 END
START -7420 13216 -8460 153 -418 -60 576 648 652 612 762 END
START -7356 13160 -8168 214 123 -40 575 648 655 611 764 END
START -6920 13008 -8444 239 -314 -141 575 648 652 612 762 END
START -6536 12808 -8424 172 174 -369 576 648 653 612 762 END
START -7036 13200 -8524 77 -825 -195 575 649 651 610 760 END
START -7368 13072 -7992 236 90 -114 575 646 651 609 758 END
START -7028 13068 -8556 259 -414 -32 575 646 651 607 758 END
START -6840 13132 -8596 179 -264 -275 576 646 649 608 756 END
START -6848 13104 -8584 -78 -494 -324 577 648 649 606 757 END
START -7652 13184 -8392 50 302 -300 578 649 648 605 757 END
START -6604 12996 -8224 32 -448 -237 579 651 648 606 757 END
START -6632 12880 -8700 139 -536 -190 581 652 647 605 758 END
START -6776 12960 -8256 100 1 -210 580 656 649 605 756 END
START -6928 13228 -8204 132 -435 -303 581 661 652 605 756 END
START -6836 12860 -8816 -54 -392 -304 582 660 652 606 757 END
START -6988 13232 -7864 125 -207 -269 582 662 654 606 755 END
START -7296 13160 -8248 151 -119 -269 582 663 653 606 755 END
START -7092 13056 -8312 157 -91 -147 584 660 652 606 756 END
START -7004 12928 -8432 131 -183 66 583 662 654 606 755 END
START -6712 13116 -8224 189 -17 -127 585 658 654 606 755 END
START -6784 13196 -8268 198 10 14 586 662 654 606 755 END
START -6884 12948 -8152 119 -116 -151 585 662 655 606 755 END
START -6812 13100 -8412 346 -303 -259 587 656 654 606 755 END
START -6876 13092 -8432 217 -189 -82 584 662 655 605 756 END
START -6836 13092 -8404 203 -117 -46 584 662 655 605 756 END
START -6804 13140 -8420 111 -124 -176 585 660 654 606 756 END
START -6680 13152 -8332 267 -203 -221 583 659 653 606 756 END
START -6956 13108 -8536 163 -102 -234 585 659 653 606 755 END
START -6724 13064 -8544 226 -529 -371 586 661 653 603 757 END
START -6916 13192 -8248 138 -240 -248 587 659 655 607 759 END
START -6996 12972 -8104 462 345 -106 588 661 664 608 763 END
START -6224 13012 -8492 457 -734 -167 589 659 668 609 768 END
START -6676 13144 -8608 465 -702 -501 590 659 665 609 770 END
START -6804 13156 -8420 290 245 -385 590 658 666 608 773 END
START -6644 13168 -8480 191 34 -439 590 655 665 609 778 END
START -6724 13208 -8284 181 -394 -362 590 657 664 610 780 END
START -6596 13084 -8444 171 -575 -294 591 657 662 610 779 END
START -6836 13044 -8936 186 -28 -407 588 659 661 611 780 END
START -6888 13044 -8392 170 97 -416 591 659 662 613 780 END
START -6912 12892 -8608 334 38 -341 590 659 660 612 782 END
START -6724 12976 -8448 249 -8 -242 591 659 660 615 784 END
START -6900 13048 -8700 142 -187 -216 590 659 660 613 782 END
START -6776 12936 -8580 94 -530 -160 590 658 659 612 782 END
START -6724 12968 -8444 150 -385 -140 588 657 657 610 780 END
START -6568 13112 -8464 195 -140 -250 586 655 655 609 781 END
START -6628 12960 -8684 116 -39 -219 585 655 655 608 778 END
START -7080 13108 -8508 142 -441 -98 584 654 654 607 776 END
START -6668 13028 -8276 61 271 -27 583 653 652 603 774 END
START -6388 12944 -8268 75 -515 -146 582 651 652 606 772 END
START -6736 12832 -8612 422 -115 -139 581 652 650 605 771 END
START -6492 13164 -8460 161 -236 -369 579 655 651 605 772 END
START -6472 12888 -8412 373 -110 -292 579 660 654 606 778 END
START -6996 13116 -8820 201 -664 -214 579 659 655 607 781 END
START -6812 13136 -8332 169 -176 -255 579 659 656 607 784 END
START -6716 12888 -8452 64 -595 -156 579 659 654 607 783 END
START -6752 13052 -8348 214 286 -62 580 659 654 607 783 END
START -6328 13080 -8528 221 -28 -325 581 661 654 606 782 END
START -6796 13252 -8656 104 -193 -274 580 658 654 607 782 END
START -6984 13124 -8624 84 -113 -305 580 659 654 609 781 END
START -6528 12948 -8636 171 -723 -330 581 662 658 611 783 END
START -7068 13264 -8084 287 390 -76 582 666 662 615 788 END
START -6972 13060 -8588 107 -276 -231 583 665 668 619 792 END
START -6500 13052 -8432 125 -134 -358 587 674 669 619 792 END
START -6612 13000 -8556 197 264 -328 591 678 670 619 792 END
START -6860 13188 -8220 185 9 -247 598 681 673 620 793 END
START -6908 12992 -8652 234 75 -305 606 681 677 622 795 END
START -6876 13080 -8772 154 -2 -169 609 684 676 624 795 END
START -6740 13032 -8832 102 49 -352 611 687 679 626 798 END
START -6772 13284 -8548 243 -246 -217 612 687 682 627 797 END
START -6644 12956 -8592 210 208 -273 610 690 682 631 801 END
START -6856 13496 -8652 48 -109 -218 614 689 680 633 804 END
START -7064 13032 -8772 -5 -319 -188 615 686 684 633 801 END
START -7072 13304 -8452 274 170 -39 614 681 683 632 800 END
START -6096 13180 -8456 257 -335 -36 611 680 678 631 798 END
START -6680 12852 -8768 51 -376 -187 604 679 674 629 796 END
START -6976 13084 -8264 242 -359 49 590 678 670 627 796 END
START -6556 12856 -8904 157 -478 -89 587 676 662 625 797 END
START -6604 13180 -8828 188 -311 -220 588 674 660 622 797 END
START -6712 13088 -8684 158 191 -113 585 674 659 621 795 END
START -6452 13068 -8432 307 -129 -96 584 674 659 621 793 END
START -6608 13048 -8884 284 -242 -244 584 675 660 621 794 END
START -6528 13148 -8324 252 252 -269 585 679 662 623 798 END
START -6724 13204 -9116 133 -616 -363 588 681 663 624 801 END
START -7028 13188 -8688 223 28 -218 585 679 661 622 798 END
START -7104 13144 -8868 89 -465 -98 581 675 658 622 797 END
START -6296 13008 -8584 63 -735 -285 581 672 655 620 794 END
START -6336 13152 -8352 239 -191 -256 581 671 654 619 793 END
START -6488 13052 -8936 80 -606 -256 580 670 654 619 793 END
START -6800 13084 -8760 158 -88 -303 580 670 655 619 792 END
START -6660 13308 -8616 181 -176 -293 582 675 657 620 793 END
START -6244 12864 -8592 288 -175 -370 584 681 662 623 793 END
START -6916 13188 -8712 208 -556 -406 589 689 671 635 795 END
START -6572 13072 -8712 132 -119 -205 592 690 672 634 795 END
START -6404 12964 -8512 72 -222 -333 596 691 674 633 794 END
START -6708 13112 -8508 142 -502 -253 602 689 675 634 795 END
START -6316 13128 -8272 262 -362 -297 608 688 676 635 798 END
START -6636 12880 -9080 113 39 -346 616 691 677 634 796 END
START -7160 13160 -8584 230 193 -418 624 690 677 634 795 END
