START 0 0 0 0 0 0 568 658 641 611 779 END
START -13156 8004 -3852 3116 4289 -7918 568 659 642 611 779 END
START -13344 8084 -4136 255 -46 -209 568 658 642 611 781 END
START -13184 8332 -3876 232 69 -169 568 658 641 611 779 END
START -13216 7944 -3920 147 -213 -257 568 658 641 611 779 END
START -13196 8176 -3980 72 -136 -280 568 658 641 611 779 END
START -13072 7964 -3912 194 -86 -213 568 658 641 611 779 END
START -13248 8304 -4004 233 -71 -231 568 658 641 611 779 END
START -13216 8084 -4040 117 -228 -237 568 658 641 611 779 END
START -12956 8052 -3768 212 -230 -175 568 658 641 611 779 END
START -13208 7968 -3896 186 -305 -273 568 658 642 611 779 END
START -13188 7960 -4068 182 -49 -149 568 658 641 611 779 END
START -13028 7992 -3852 254 -327 -225 568 658 641 611 779 END
START -13212 8172 -3948 170 -126 -200 568 658 642 611 779 END
START -13344 8064 -4128 141 -167 -193 568 658 641 611 779 END
START -12972 8032 -4100 115 -175 -207 568 658 641 611 779 END
START -13324 8152 -4328 157 45 -288 568 658 641 611 779 END
START -13380 8040 -3920 208 -291 -156 568 658 641 611 779 END
START -13100 8064 -4108 120 -149 -348 568 658 641 611 779 END
START -13292 7864 -3916 137 -205 -233 568 658 641 611 779 END
START -13068 8256 -3724 262 -141 -188 568 658 641 611 778 END
START -13212 8140 -4084 126 -121 -190 568 658 641 611 779 END
START -13104 8044 -3968 33 -131 -285 568 658 641 611 779 END
START -13132 8144 -3888 226 -214 -303 568 658 641 611 779 END
START -13088 7968 -3924 214 -120 -214 568 658 641 611 779 END
START -13184 8044 -3968 125 -257 -239 568 658 642 611 779 END
START -13096 8076 -3908 76 -97 -265 568 658 641 611 779 END
START -12924 7912 -3840 -5 -244 -424 568 657 641 611 779 END
START -13224 7968 -3840 66 -63 -300 568 658 641 611 779 END
START -13252 8036 -3924 41 -336 -328 568 658 641 611 779 END
START -13164 8064 -3868 72 -372 -399 568 658 641 611 779 END
START -13344 7972 -3936 176 -155 -316 568 658 641 611 779 END
START -13248 8000 -3768 176 -218 -234 568 658 641 611 779 END
START -13260 8088 -3852 152 -265 -247 568 658 641 611 779 END
START -13200 8076 -4032 104 -82 -234 568 658 641 611 779 END
START -13224 7948 -3872 180 -204 -205 568 658 641 611 779 END
START -13332 8092 -3928 237 -294 -178 568 658 641 611 779 END
START -12980 8000 -3992 185 -182 -207 568 657 641 611 779 END
START -13308 7940 -3860 75 -237 -250 568 657 641 611 779 END
START -13284 7996 -3876 216 -95 -231 568 658 641 611 779 END
