START -4704 14948 -592 660 -529 37 577 665 650 613 768 END
START -4728 15000 -728 732 -584 41 577 665 650 613 767 END
START -4624 15028 -732 994 -454 129 577 665 650 613 768 END
START -4216 15212 -964 1217 -627 455 576 665 649 613 768 END
START -4276 15436 -1132 1388 -621 351 575 665 648 610 766 END
START -4500 15400 -1024 1167 -799 450 575 665 648 607 763 END
START -3916 15192 -1356 1037 -621 662 575 665 648 606 762 END
START -3760 15372 -1452 647 -383 637 574 665 647 606 761 END
START -3516 15432 -1740 343 -86 199 573 665 648 606 760 END
START -3400 15484 -1708 -34 -467 -485 573 666 658 607 760 END
START -3812 15352 -1532 -60 -396 -573 573 666 659 607 761 END
START -4012 15436 -1144 -54 -180 -301 573 666 658 607 761 END
START -3852 15284 -1424 -12 -288 -114 572 666 658 607 761 END
START -3992 15460 -1332 14 -428 -183 572 667 658 608 761 END
START -3868 15356 -1056 215 -187 -187 572 666 658 608 762 END
START -3932 15440 -1240 443 -151 -273 572 666 658 609 762 END
START -3944 15448 -1600 386 -44 -219 574 666 658 611 763 END
START -3840 15404 -1392 381 -245 -218 573 666 656 610 765 END
START -3736 15340 -1444 400 -116 -163 573 667 656 610 764 END
START -3604 15404 -1424 531 -345 -208 573 667 656 610 765 END
START -3696 15500 -1652 485 -133 -202 573 666 656 610 764 END
START -3716 15368 -1728 308 -332 -91 573 666 656 610 764 END
START -3752 15436 -1676 146 -68 -136 573 667 656 610 764 END
START -3700 15520 -1472 102 111 -138 573 667 656 611 764 END
START -3612 15396 -1604 95 -176 -242 573 668 656 611 763 END
START -3688 15360 -1540 -95 -331 -171 572 668 656 611 764 END
START -3496 15420 -1396 -35 -256 -142 573 668 656 611 764 END
START -3620 15516 -1400 -7 -384 -357 573 668 656 611 764 END
START -3856 15384 -1372 126 -263 -355 573 668 656 611 764 END
START -3680 15412 -1424 53 -241 -328 573 668 656 611 764 END
START -3700 15348 -1208 -58 -458 -426 573 668 656 611 764 END
START -3912 15368 -1312 -24 -384 -406 573 668 656 611 764 END
START -3824 15448 -1036 124 -360 -322 573 668 657 611 764 END
START -3812 15280 -1232 156 -187 -311 573 668 656 611 763 END
START -3764 15352 -1300 177 -328 -346 573 668 656 611 764 END
START -3760 15324 -1144 166 -196 -281 573 668 656 611 764 END
START -3728 15304 -1336 379 -101 -212 573 669 656 611 764 END
START -3720 15348 -1160 480 -422 -233 573 668 656 611 764 END
START -3788 15424 -1332 617 -373 -118 573 668 656 611 764 END
START -3720 15452 -1588 525 -334 -57 572 668 656 611 764 END
