START -6440 14316 -3012 -498 -309 -188 593 667 658 611 766 END
START -6512 14400 -3064 -349 -511 -283 593 667 658 611 766 END
START -6036 14444 -2460 -562 -477 -225 594 666 658 611 766 END
START -6540 14488 -2476 -768 -733 -296 595 665 657 610 765 END
START -6340 14332 -2872 -867 -306 -405 609 663 657 610 764 END
START -6492 14308 -2336 -255 93 -355 613 663 657 609 764 END
START -6452 14420 -2112 122 -504 -311 613 663 656 609 764 END
START -6616 14388 -2296 70 -302 -375 613 663 656 609 764 END
START -6652 14360 -2400 187 -266 -257 613 663 656 609 764 END
START -6852 14588 -2036 215 243 -257 612 663 656 609 763 END
START -6304 14416 -2276 80 293 -417 615 663 656 609 764 END
START -6428 14520 -2328 176 -409 -324 615 663 656 609 763 END
START -6832 14292 -2076 162 -99 -243 616 663 656 609 764 END
START -6124 14460 -1972 192 -251 -329 616 663 656 609 764 END
START -6572 14556 -1996 193 -741 -350 617 663 656 609 763 END
START -6820 14276 -2228 271 10 -248 617 663 656 609 763 END
START -5976 14436 -2052 120 -99 -282 618 663 656 609 763 END
START -6468 14360 -2284 153 -635 -276 618 663 656 609 763 END
START -6440 14472 -2204 224 63 -326 619 663 656 609 762 END
START -6392 14448 -2096 108 -321 -308 619 663 656 609 763 END
START -6744 14444 -2248 79 -311 -352 618 663 656 609 763 END
START -6588 14208 -2064 -2 -275 -420 619 663 656 609 763 END
START -6468 14228 -2132 64 -416 -383 619 663 656 608 764 END
START -6820 14440 -2260 152 -512 -538 621 663 656 609 763 END
START -6732 14484 -1696 3 -158 -426 621 663 656 608 763 END
START -6660 14204 -1920 -170 -287 -469 620 664 656 609 763 END
START -6884 14492 -2208 -506 -611 -457 615 663 656 609 763 END
START -6732 14472 -1764 30 -889 -86 611 663 656 608 763 END
START -6412 14764 -1648 724 -458 283 611 663 656 608 763 END
START -6584 15220 -1920 588 -278 1020 610 663 656 608 763 END
START -6336 14572 -1432 123 -706 1262 610 663 656 608 763 END
START -6108 14300 -1628 145 -938 1132 610 663 655 609 763 END
START -5804 14368 -1384 666 -978 872 610 663 655 609 762 END
START -5680 14168 -1332 820 -1840 487 609 663 656 608 763 END
START -5796 14100 -1800 800 -1835 -70 609 663 655 608 763 END
START -5504 14184 -2276 1015 -1322 -546 609 663 656 608 764 END
START -5684 14460 -2416 681 -630 -798 609 663 655 608 763 END
START -5464 14692 -2068 434 -253 -858 609 663 656 608 763 END
START -5908 14620 -2168 240 153 -885 609 663 655 608 763 END
START -5876 14700 -2100 25 426 -963 608 663 656 608 763 END
