START 0 0 0 0 0 0 566 670 664 625 774 END
START -4952 14884 72 3328 4319 -7832 566 670 663 626 774 END
START -4920 14812 188 414 -183 -231 566 670 664 626 774 END
START -4644 14864 -112 319 -307 -231 566 671 663 626 774 END
START -4844 14860 -212 81 -650 -210 566 672 663 626 773 END
START -4988 14956 -216 -244 535 -475 566 670 663 626 774 END
START -4900 14708 352 -324 -14 -136 566 670 664 626 774 END
START -5364 14828 204 -46 865 460 566 670 664 626 774 END
START -4948 14848 120 221 715 550 566 670 664 626 773 END
START -4636 14832 100 443 -423 250 566 671 664 626 774 END
START -4604 14844 248 763 -512 -50 566 670 664 626 773 END
START -4552 15016 -228 1011 -386 58 566 671 664 626 772 END
START -4464 15192 -560 579 -415 -78 566 671 664 626 772 END
START -4428 15120 -164 11 -202 -171 566 670 664 627 772 END
START -4536 15036 -44 -294 -151 -203 566 671 664 626 772 END
START -4756 14892 96 64 -229 -240 566 671 664 626 772 END
START -4692 15024 40 242 -240 -243 566 671 663 626 772 END
START -4624 15028 -156 235 -349 -18 566 671 664 627 772 END
START -4416 15072 -200 13 166 83 566 671 664 626 772 END
START -4088 14944 12 -117 118 -61 566 671 663 626 772 END
START -4576 14896 -140 -63 -158 -280 565 671 663 626 772 END
START -4456 15028 136 137 -13 -247 566 671 663 626 772 END
START -4492 14876 156 407 -283 -222 566 670 664 626 772 END
START -4408 15096 16 388 -273 -121 566 671 663 626 772 END
START -4204 15000 -224 101 -376 -126 566 670 663 626 772 END
START -4308 14988 -104 -30 -467 -248 566 671 663 626 772 END
START -4532 14940 108 -68 -271 -194 566 671 663 626 772 END
START -4440 14936 336 186 -129 -172 566 670 664 626 773 END
START -4260 15044 236 365 79 -187 566 670 663 626 773 END
START -4156 14912 -132 305 -256 -422 566 670 663 626 772 END
START -4524 14964 -160 253 -134 -299 566 670 664 626 772 END
START -4464 15064 24 239 -298 -121 566 671 663 626 772 END
START -4464 14812 -44 296 -409 -89 566 670 663 626 772 END
START -4356 15112 -12 359 -247 -218 566 672 662 626 773 END
START -4460 14948 -60 443 -303 -172 566 670 663 626 772 END
START -4384 14932 -128 324 -117 -192 566 670 663 626 773 END
START -4268 15016 -76 384 -118 -244 566 670 663 626 772 END
START -4264 15036 -292 279 -231 -145 566 670 663 626 772 END
START -4180 15212 -276 172 -189 -180 566 670 663 626 772 END
START -4308 15008 -208 71 -311 -262 566 670 663 626 772 END
