START -4536 15308 -1124 -289 367 -119 569 665 654 609 764 END
START -4772 15252 -812 -325 93 -16 569 665 653 609 763 END
START -3868 15080 -676 -298 -139 -361 569 665 653 608 762 END
START -4644 15240 -1020 -54 -30 -315 569 665 653 608 762 END
START -4940 15124 -888 134 530 -99 569 665 653 607 762 END
START -4084 14944 -664 92 86 -195 569 664 652 606 761 END
START -4580 15148 -632 148 -152 -227 570 664 652 605 760 END
START -4424 15172 -692 119 10 -393 569 664 651 605 761 END
START -4324 15132 -1008 94 -258 -174 569 664 651 605 760 END
START -4384 15156 -816 154 -280 -303 569 664 651 605 759 END
START -4380 15196 -800 171 -395 -327 569 663 651 605 760 END
START -4796 15356 -820 218 -380 -222 569 664 651 605 760 END
START -4648 14980 -752 386 -186 -314 569 664 651 605 760 END
START -4616 15088 -956 562 -606 -293 569 663 651 605 759 END
START -4412 15108 -960 750 -322 -210 569 663 651 605 759 END
START -4364 15236 -756 785 -509 -323 569 663 651 605 758 END
START -4532 15092 -900 840 -842 -557 569 663 651 605 759 END
START -4772 15180 -992 1178 -855 -330 569 663 651 605 759 END
START -4620 15220 -1340 1278 -394 367 569 663 651 605 759 END
START -4104 15144 -1712 954 -897 255 569 663 651 605 759 END
START -4072 15684 -1532 430 -873 8 569 663 651 605 759 END
START -3828 15192 -1884 -141 -1134 -232 569 663 651 605 759 END
START -4312 15072 -1160 -609 -716 -444 569 663 651 605 759 END
START -4192 15052 -884 -535 -227 196 569 663 651 605 759 END
START -3892 15148 -924 -388 -581 -191 569 663 651 605 759 END
START -4212 15236 -856 -180 -613 -394 570 663 651 605 759 END
START -4236 15060 -656 11 -786 -441 571 663 651 605 758 END
START -4128 15208 -608 48 -621 -275 576 663 650 604 759 END
START -4156 15316 -1056 -72 -408 -478 585 663 650 604 757 END
START -4512 15160 -896 -300 1265 -325 592 663 650 604 759 END
START -3996 15072 -920 -342 -330 -487 594 663 650 604 759 END
START -4724 15052 -600 -356 -805 -791 593 663 650 604 759 END
START -4604 15048 -308 67 -378 -217 592 663 650 604 758 END
START -3956 15132 -352 251 -505 150 592 663 650 604 758 END
START -4016 15036 -720 239 181 -282 591 662 650 604 759 END
START -4636 15188 -536 -10 -50 -685 591 663 650 604 759 END
START -5084 14900 -212 -3 -300 -201 591 663 650 604 758 END
START -4684 14936 60 648 -169 762 591 663 650 604 757 END
START -3684 15172 -660 1143 -451 636 591 663 650 604 758 END
START -3060 15436 -1128 908 -406 135 592 663 650 603 757 END
