START -6200 13872 2016 234 774 -332 590 670 666 622 763 END
START -6200 14000 1952 263 692 -296 590 670 665 622 763 END
START -6128 13988 1804 338 698 -204 590 671 666 622 763 END
START -6064 13824 1508 230 232 -275 590 671 666 622 763 END
START -6252 13652 1540 29 -72 -431 590 671 666 622 763 END
START -6640 13680 1744 251 -24 -506 590 671 666 622 764 END
START -6364 13856 1764 39 -18 -404 590 670 665 622 764 END
START -6452 14076 1736 -556 -574 -348 590 671 666 622 765 END
START -6384 13952 1884 -694 -645 -221 590 671 666 622 764 END
START -6288 13652 2032 -132 -457 313 590 670 665 622 764 END
START -6016 13648 1636 564 -83 253 589 671 665 622 763 END
START -6032 14196 1656 131 -58 -102 589 670 665 622 764 END
START -6412 14048 2104 -1435 -1187 -196 589 671 665 622 763 END
START -5584 13432 2404 -1168 -640 -42 589 671 665 622 763 END
START -6124 13220 2432 133 -502 112 589 671 665 622 763 END
START -6136 13436 2308 1056 629 243 589 670 665 621 762 END
START -5888 13588 2244 1041 126 -56 589 670 665 622 763 END
START -6084 13904 2012 605 105 -441 588 670 665 621 763 END
START -6412 14000 2244 70 110 -690 589 670 665 621 763 END
START -5900 13868 2784 108 -181 -483 589 671 665 622 763 END
START -6064 13740 2140 598 -593 -348 589 670 665 621 763 END
START -5916 13864 1912 1025 -119 -124 589 670 665 621 763 END
START -5736 13884 1652 1103 182 -198 589 670 665 621 763 END
START -6048 13880 1708 937 224 -202 589 671 665 622 763 END
START -6296 13772 1684 862 537 -97 589 670 665 621 763 END
START -6184 13908 1488 1033 296 -156 589 670 665 622 763 END
START -6148 13932 1400 1054 353 -135 589 671 665 622 763 END
START -6116 14140 1252 902 -37 -229 589 671 665 622 763 END
START -6308 14068 880 757 1 -135 589 671 665 622 764 END
START -6164 14136 1080 490 -212 -338 590 671 665 622 763 END
START -6092 14332 1088 241 414 -501 589 671 665 622 763 END
START -5972 14008 1300 268 -224 -612 590 671 665 622 764 END
START -5936 14100 900 433 -268 -530 590 671 665 622 763 END
START -6320 13976 928 409 -114 -294 590 671 666 622 763 END
START -6408 13852 1040 552 -70 -246 590 671 664 623 763 END
START -6356 14172 1080 298 -3 -300 590 671 665 621 763 END
START -6320 14280 1192 81 -427 -325 590 671 665 622 762 END
START -6416 14136 836 219 -573 -90 589 671 665 622 763 END
START -6320 14344 608 115 -242 336 589 671 666 622 763 END
START -5816 14300 852 -118 -338 193 589 671 666 622 763 END
