START -13036 8328 -4724 86 692 -240 566 657 640 611 781 END
START -12984 8256 -4888 146 746 -249 566 657 640 611 781 END
START -13056 8436 -5504 78 529 -547 566 657 640 611 781 END
START -12532 8196 -4592 246 -1016 -505 566 657 640 611 781 END
START -12816 8520 -4816 455 1504 -881 566 657 639 611 781 END
START -13224 8024 -4960 -35 -3 -809 566 657 640 611 781 END
START -13288 8172 -4984 -231 2220 190 566 657 639 611 781 END
START -12716 8260 -5064 394 2256 765 566 657 640 611 781 END
START -12604 8348 -5720 801 1974 364 566 657 640 610 781 END
START -12716 8408 -6296 710 1291 -117 566 657 640 611 781 END
START -12856 8476 -6764 313 1660 -99 566 657 639 611 781 END
START -12848 8456 -6604 41 1052 303 566 657 640 611 781 END
START -12544 8404 -6624 60 661 561 566 658 640 613 782 END
START -12420 8656 -6580 295 618 617 566 658 640 613 782 END
START -12124 8924 -6824 388 825 413 566 658 640 613 782 END
START -12164 8796 -7032 293 228 180 566 657 640 613 782 END
START -12412 8756 -7124 8 -60 387 566 658 640 613 782 END
START -12228 8832 -6748 55 -12 618 566 657 640 613 782 END
START -11880 8908 -6816 103 0 755 566 657 641 612 782 END
START -11972 9024 -7084 97 -113 782 566 658 640 613 782 END
START -11984 9368 -6916 11 16 524 566 658 640 613 782 END
START -11788 9100 -7048 19 138 230 566 658 641 613 781 END
START -11892 9276 -7160 -332 -635 508 566 658 642 613 781 END
START -11916 9500 -6712 -139 -199 688 566 658 642 613 781 END
START -11260 9660 -6444 177 -118 573 566 657 642 613 781 END
START -11768 9680 -6960 393 -100 174 566 657 642 612 780 END
START -11684 9748 -6960 209 0 241 566 657 642 612 781 END
START -11328 9624 -6728 130 -284 -67 566 657 642 612 780 END
START -11392 9676 -6980 159 45 -277 566 657 642 612 780 END
START -11612 9848 -6920 84 -94 -305 566 657 642 612 780 END
START -11580 9676 -7056 -342 191 205 566 657 641 612 780 END
START -11632 9828 -7052 -585 -452 545 566 657 641 612 780 END
START -10936 9920 -6864 -754 340 793 568 657 641 612 780 END
START -11232 10076 -6676 -76 -1217 -136 570 657 642 612 779 END
START -11100 9968 -6356 369 57 -3 569 657 642 612 780 END
START -11160 10004 -6876 923 -489 -286 569 657 641 612 780 END
START -11500 9908 -6932 915 -144 -368 569 657 641 612 780 END
START -11304 9928 -7060 637 -485 -561 569 657 641 612 780 END
START -11288 9848 -6852 385 -626 -689 570 657 641 612 778 END
START -11460 9948 -6728 181 -868 -808 569 657 641 612 780 END
