START -6476 14180 -888 2 -14 -59 605 703 687 657 794 END
START -6600 14148 -1028 32 67 -153 605 703 688 657 793 END
START -6452 14380 -976 321 -358 -122 605 703 687 657 792 END
START -6496 14388 -1392 652 -187 -20 605 703 687 657 792 END
START -6312 14248 -1332 575 -162 -31 605 703 688 657 791 END
START -6620 14212 -1396 198 -466 -225 605 703 688 657 793 END
START -6748 13920 -1352 89 -370 -263 605 702 687 657 793 END
START -6528 14032 -1016 289 -162 -100 605 703 687 657 793 END
START -6452 14120 -1108 439 -97 -406 605 703 688 657 793 END
START -6660 14440 -1084 406 -485 -549 605 702 687 657 793 END
START -6880 14248 -1404 488 -517 -308 605 702 687 657 793 END
START -6672 14428 -1260 601 -48 -160 605 702 687 657 793 END
START -6592 14452 -1356 518 -266 -16 605 703 687 657 793 END
START -6432 14328 -1656 393 -204 57 604 702 687 657 794 END
START -6500 14064 -1704 272 -124 -73 605 703 687 657 793 END
START -6432 14112 -1452 180 -35 -220 605 702 687 657 793 END
START -6316 14436 -1620 327 177 -290 604 703 687 657 792 END
START -6572 14376 -1340 304 385 -373 605 701 688 657 792 END
START -6568 14428 -1300 138 -10 -338 604 703 687 656 792 END
START -6640 14336 -1452 -77 -205 -158 605 702 687 657 793 END
START -6640 14196 -1528 59 -255 -23 604 702 687 657 792 END
START -6256 14236 -1460 208 -122 -5 604 702 687 657 791 END
START -6440 14140 -1676 381 -338 -117 604 702 687 657 792 END
START -6952 13848 -1472 453 -689 -446 604 702 687 656 792 END
START -6420 14144 -1316 878 -527 -342 604 702 687 657 792 END
START -6408 14892 -1572 782 -696 -168 604 702 687 656 792 END
START -6384 14788 -1768 374 -509 -129 604 702 687 656 792 END
START -6200 14568 -1612 141 -459 -183 604 702 687 657 792 END
START -6212 14184 -1944 42 -401 -166 604 701 687 657 792 END
START -6548 14216 -1728 27 -182 -163 604 702 687 656 792 END
START -6372 14336 -1704 -11 104 -374 604 702 687 656 792 END
START -6336 14416 -1492 -101 79 -560 604 702 687 656 792 END
START -6456 14444 -1556 -82 -39 -512 603 702 687 656 793 END
START -6672 14400 -1568 -129 152 -294 603 701 687 656 792 END
START -6420 14252 -1492 -91 -16 -263 604 702 687 657 792 END
START -6680 14188 -1316 48 -26 -207 604 701 687 656 792 END
START -6600 14308 -1368 131 46 -275 604 701 687 656 792 END
START -6504 14288 -1252 145 -385 -267 604 702 687 656 792 END
START -6572 14384 -1328 485 -352 -58 603 702 687 656 792 END
START -6628 14424 -1436 473 -340 -52 604 701 687 656 792 END
