START -2848 15340 116 425 -343 -168 564 665 650 618 781 END
START -2920 15380 188 440 -23 -138 564 665 651 618 781 END
START -2932 15416 -92 201 -270 -133 563 665 649 618 781 END
START -2952 15272 212 189 25 -261 561 665 649 618 781 END
START -2932 15412 48 158 -380 -161 561 665 649 617 780 END
START -3212 15416 -4 110 -668 -27 560 665 649 617 780 END
START -2908 15380 208 41 -338 96 560 665 649 617 780 END
START -2908 15588 -168 20 -344 -202 560 665 648 617 780 END
START -2736 15408 -72 -66 -96 -396 561 665 649 617 780 END
START -2528 15368 628 -149 -650 -266 563 666 650 619 781 END
START -2956 15412 144 -109 -217 -433 563 667 651 620 783 END
START -2908 15260 212 66 -408 -390 564 668 652 621 784 END
START -3252 15480 184 207 -517 -218 564 668 652 621 785 END
START -2524 15380 672 379 -502 -54 568 669 652 622 785 END
START -2776 15308 304 386 -303 -214 567 669 652 622 785 END
START -2796 15296 372 332 11 -126 566 668 652 621 784 END
START -2556 15200 328 335 -286 -161 565 668 651 620 783 END
START -3036 15576 172 179 -132 -236 565 667 651 620 782 END
START -2960 15344 292 597 -297 -193 564 667 650 619 782 END
START -2988 15188 44 874 -431 10 564 667 650 619 781 END
START -2724 16104 -448 343 -689 180 563 666 650 618 781 END
START -2620 14924 -156 -348 552 -338 563 666 650 618 780 END
START -2760 15688 396 -218 -86 -863 563 666 650 618 781 END
START -3532 15224 576 225 -670 -426 562 665 650 618 781 END
START -3272 15528 124 684 170 -65 562 666 650 618 780 END
START -2608 15424 -264 398 -432 -147 562 666 650 618 780 END
START -3016 15460 -220 11 -412 -186 562 666 650 618 780 END
START -3216 15476 8 117 244 -325 562 666 650 618 781 END
START -2592 15248 252 178 -213 75 563 667 651 619 782 END
START -2740 15496 272 367 -370 97 562 667 651 620 782 END
START -2680 15480 56 509 -102 0 563 668 651 620 782 END
START -2504 15360 -180 264 -212 -47 563 668 652 621 783 END
START -2688 15440 96 158 -257 -110 563 668 652 621 783 END
START -2708 15536 -288 253 82 -250 563 669 652 622 784 END
START -2592 15444 20 250 -112 -279 563 668 652 621 783 END
START -2780 15468 -48 282 -146 -268 563 668 652 621 782 END
START -2488 15476 -4 396 -174 -275 563 667 651 619 782 END
START -2940 15608 124 465 55 -285 563 666 650 619 781 END
START -2204 15476 -300 93 50 -441 562 666 649 618 779 END
START -3008 15476 -288 106 -423 -246 562 666 649 618 779 END
