START 0 0 0 0 0 0 598 666 647 613 793 END
START -9132 14484 -4384 2701 5056 -7152 597 667 647 614 792 END
START -8132 14204 -4492 -484 -93 944 597 667 647 614 792 END
START -8328 12532 -4356 -983 187 1925 597 667 647 614 792 END
START -7220 12072 -3960 472 2056 1716 597 667 647 613 793 END
START -7356 11424 -4408 3065 2042 836 598 667 648 614 792 END
START -7812 13412 -3988 3156 -1102 -166 597 667 647 614 792 END
START -8056 14452 -4288 4470 -383 793 597 667 647 614 792 END
START -6944 14064 -4792 3554 -740 1532 597 666 647 614 792 END
START -6440 13692 -5620 1570 -731 853 597 667 647 614 792 END
START -6176 13716 -6268 1073 -613 -123 597 667 647 614 792 END
START -6788 14220 -6168 1347 -1049 -373 597 666 647 614 792 END
START -6492 14520 -6264 659 -719 -563 597 666 647 614 792 END
START -6280 14596 -6216 -200 -301 -666 597 666 647 614 792 END
START -6408 13932 -5916 -496 -954 -1038 596 666 647 614 792 END
START -7156 13884 -5912 -613 -1599 -1230 597 666 647 614 792 END
START -7492 13856 -5624 -641 -565 -784 597 666 647 614 792 END
START -7300 13828 -5472 -373 -732 -379 597 666 647 614 792 END
START -7504 13636 -5676 -372 -372 -292 597 666 646 614 792 END
START -7724 13600 -5568 -236 -144 -373 597 666 647 614 792 END
START -7500 13588 -5452 -40 -48 -312 597 666 648 614 793 END
START -7548 13568 -5564 33 -256 -363 597 667 647 614 789 END
START -7720 13608 -5624 2 -134 -414 597 667 647 614 793 END
START -7344 13616 -5256 10 229 -258 597 665 647 614 794 END
START -7480 13632 -5316 -93 -553 -406 597 666 647 614 792 END
START -7660 13664 -5468 25 -211 -478 596 665 646 615 793 END
START -7352 13652 -5028 58 -407 -474 596 666 647 614 792 END
START -7452 13644 -5388 26 -361 -697 596 666 648 614 792 END
START -7580 13492 -5160 -158 -152 -757 596 666 647 613 792 END
START -7584 13552 -5052 -248 -352 -594 596 666 647 614 792 END
START -7668 13716 -4996 10 -685 -359 596 666 647 614 792 END
START -7724 13676 -5100 -60 -326 -364 596 666 647 611 792 END
START -7648 13512 -5160 -168 -511 -444 595 666 647 614 792 END
START -7784 13468 -4916 -331 -749 -658 595 666 647 614 793 END
START -8028 13620 -4628 -168 -753 -701 594 666 647 614 794 END
START -8156 14080 -4524 -229 -1038 -114 592 666 647 614 794 END
START -7604 13500 -4888 -428 -143 120 591 666 647 614 794 END
START -7964 13348 -4388 -623 -659 -110 591 666 647 614 793 END
START -8372 13400 -4252 -381 -646 -320 591 666 647 614 794 END
START -8080 13480 -4124 -4 937 -533 591 666 647 614 794 END
