START -3432 15296 964 262 -725 -964 559 668 659 624 781 END
START -3184 14996 932 242 -909 -1110 560 669 659 624 782 END
START -3640 15160 752 247 -407 -1036 560 670 659 625 783 END
START -3392 14912 908 -6 -477 -801 562 671 660 627 787 END
START -3172 15044 1436 -33 -417 -743 563 671 660 627 787 END
START -3420 15148 1520 180 3 -680 563 671 660 627 786 END
START -3396 14996 1316 215 -257 -591 563 671 660 627 786 END
START -3556 15064 984 -4 44 -596 562 671 659 627 786 END
START -3156 15044 1068 -678 535 -807 561 669 659 626 785 END
START -3548 14920 1348 -1132 -16 -1095 558 666 657 624 782 END
START -3804 14892 2108 -635 -468 -1048 558 665 656 623 781 END
START -4388 14828 1596 -76 -88 -809 557 665 656 623 780 END
START -3908 14712 1608 -184 -112 -560 557 664 654 622 779 END
START -3656 14848 1864 -706 -419 -439 557 662 654 621 778 END
START -3908 14396 1896 -532 -19 -724 557 662 653 621 777 END
START -4376 14584 2328 -88 -180 -558 557 662 653 620 777 END
START -4268 14524 2080 69 -118 -434 556 662 653 620 777 END
START -4576 14656 1736 -45 165 -265 557 662 654 621 777 END
START -4156 14596 1976 33 140 -22 559 663 655 622 779 END
START -4316 14596 1788 130 -211 -87 559 663 655 622 780 END
START -4136 14592 1748 63 7 -297 561 664 656 623 782 END
START -4032 14508 1924 87 290 -223 560 663 655 622 781 END
START -4192 14740 1980 185 -306 -196 558 662 654 621 779 END
START -4068 14692 1772 130 190 -130 558 662 653 621 778 END
START -4024 14756 2004 -221 41 -174 557 662 653 620 778 END
START -4668 14452 1920 -202 109 166 557 663 654 621 779 END
START -4540 14684 1704 -296 -23 73 559 664 656 623 781 END
START -3916 14608 2100 -584 838 126 559 664 656 623 781 END
START -4016 14452 2272 -467 48 -406 559 664 655 623 781 END
START -3836 14460 2524 -367 439 -163 559 664 655 622 781 END
START -3932 14216 3368 533 -454 -24 559 664 655 622 780 END
START -4264 14240 3852 2657 -1675 -232 559 665 655 622 780 END
START -3488 14884 1476 5091 -1373 -805 559 666 655 622 781 END
START -2232 15424 -1084 1884 911 -1883 559 666 655 623 781 END
START -4264 15084 -820 -1946 -2377 -1840 559 666 655 622 781 END
START -5844 14328 2184 -2888 142 -1211 559 665 655 622 780 END
START -5208 14320 2696 -2057 1289 -135 559 666 655 622 780 END
START -4444 14088 3240 -886 676 514 559 665 655 622 780 END
START -4200 14540 2780 -249 508 142 559 665 655 622 780 END
START -3756 14576 2000 38 966 -308 559 665 655 622 780 END
