START -1976 11936 -12364 82 -1150 -296 618 691 685 656 796 END
START -1704 11968 -11860 189 -1044 -318 622 690 684 656 797 END
START -2772 12620 -12956 1080 2581 -631 626 691 685 657 798 END
START -2112 13772 -14160 21 -72 -946 629 691 685 657 797 END
START -2268 12528 -13312 -1442 -1153 -27 630 692 686 659 798 END
START -2200 12664 -12444 -1794 -557 127 632 694 686 659 801 END
START -2088 13716 -11460 -1801 -1316 683 631 697 688 662 803 END
START -1348 12792 -11916 -1559 -920 1034 632 694 688 662 802 END
START -1620 13636 -11168 -437 32 -455 632 700 691 661 802 END
START -2108 13828 -11520 -240 -2944 -1757 632 698 688 661 802 END
START -2928 13300 -11520 -693 -7522 -2013 632 696 688 661 802 END
START -2916 12924 -11104 -1364 -9845 -3250 631 697 687 660 801 END
START -3972 13040 -9448 -2223 -5244 -5086 630 696 688 660 801 END
START -7104 12672 -9768 -1773 -9119 -4232 630 695 687 660 800 END
START -7272 12276 -8444 -1664 -6053 -3144 631 695 687 659 802 END
START -6504 12924 -7252 -495 -2056 -1899 631 696 685 659 800 END
START -7364 13468 -7344 578 -2951 -1173 631 693 685 657 800 END
START -6852 12444 -7440 1114 408 763 628 693 687 658 799 END
START -7568 13164 -8040 851 3908 1119 627 692 684 657 799 END
START -6256 13064 -8672 1793 15133 1588 621 692 683 657 798 END
START -4644 13428 -10680 1753 15611 3385 623 693 685 658 799 END
START -3708 13292 -12176 1020 17905 3761 622 693 684 657 798 END
START -1708 12720 -12088 960 8326 2184 620 692 684 657 797 END
START -1924 12920 -11880 1401 -800 726 620 691 684 656 796 END
START -1088 13236 -12536 1742 -8775 -129 622 692 684 656 795 END
START -1768 13528 -12720 428 -4115 -593 622 691 684 656 793 END
START -2312 12960 -12240 -251 -3374 -1433 621 690 683 656 795 END
START -3040 13004 -12312 -601 910 -1831 621 691 684 655 797 END
START -2212 11952 -11444 -43 -174 -1383 621 691 684 655 795 END
START -3528 12452 -11328 796 -1115 -994 620 690 684 655 794 END
START -3876 13252 -11592 887 1425 24 621 690 684 655 794 END
START -3200 13180 -12480 640 -628 208 620 690 684 655 795 END
START -3304 12772 -12376 -40 736 2 623 689 684 655 791 END
START -2592 12944 -11244 -119 -1082 404 621 690 684 652 795 END
START -3028 13248 -11656 -109 -816 458 621 690 684 656 794 END
START -3640 13412 -12520 -278 -631 377 621 689 683 656 794 END
START -2576 13432 -12076 -789 -599 621 621 691 683 655 796 END
START -2956 12952 -12284 -1280 -568 606 620 690 684 655 795 END
START -3088 13060 -11828 -1471 -798 241 621 690 684 655 795 END
START -2920 13348 -11212 -1411 -777 547 620 691 684 655 796 END
START -2400 12872 -10844 -1428 -1346 366 620 690 684 657 795 END
START -2156 13248 -10764 -941 -950 418 620 692 687 655 795 END
START -2544 13808 -10416 -596 -1489 -580 620 692 683 655 796 END
START -3044 13656 -9936 121 -5679 -1053 620 691 683 655 796 END
START -2272 13256 -9344 671 -3549 -1052 620 691 683 655 796 END
START -3216 12948 -10268 1224 -1582 -1043 620 690 683 655 796 END
START -3188 13128 -10512 840 155 -1415 620 691 683 656 795 END
START -4024 13676 -10528 633 -3930 -1226 620 691 683 655 796 END
START -4936 13996 -10724 190 -1132 -1475 622 690 683 655 796 END
START -3984 13124 -10228 -4 530 -604 619 689 684 655 796 END
START -4888 12920 -10804 188 -494 -352 620 690 684 655 795 END
START -5108 13112 -11024 -119 -470 -982 617 687 682 653 795 END
START -4748 14144 -10160 -758 -2206 -1169 618 682 678 651 794 END
START -5156 13980 -9992 -989 -781 -1632 618 684 678 650 792 END
START -4728 12008 -10020 -254 572 -1086 617 684 678 650 789 END
START -4988 12704 -10024 98 -1100 -1024 617 684 677 650 792 END
START -5824 13164 -10008 -2 -307 -589 616 684 679 649 791 END
START -6260 13264 -10016 535 -2191 -13 616 678 677 649 792 END
START -5336 13336 -10280 551 333 737 616 682 677 650 792 END
START -4576 12960 -9748 443 -477 993 616 683 680 650 791 END
START -5396 13228 -9848 965 -2995 1418 617 683 678 650 792 END
START -4120 13924 -9852 1111 -2092 1731 617 682 675 649 791 END
START -4428 12464 -9716 637 1046 750 612 683 679 649 792 END
START -6552 12624 -10252 882 406 -712 618 683 677 648 791 END
START -5464 13348 -10320 1353 -4008 427 617 683 677 649 789 END
START -4800 12892 -11116 1135 -1936 926 617 682 678 648 789 END
START -3536 14100 -10436 673 -1820 -163 615 682 677 648 790 END
START -3712 13820 -10364 -375 -3245 -1052 617 683 677 646 790 END
START -4948 13192 -11156 -671 15 -2575 615 682 677 649 790 END
START -4316 13228 -10432 -1446 409 -2791 615 683 677 650 789 END
START -5920 12804 -9356 -2536 -820 -3321 616 682 677 649 789 END
START -7200 12916 -8700 -2367 2238 -4236 613 682 677 650 790 END
START -7320 12800 -8308 -2324 -1642 -5239 616 680 677 649 789 END
START -9276 11580 -7428 -1676 -3527 -5170 615 682 682 649 788 END
START -7552 11900 -6948 1667 -1950 -1763 615 682 677 649 789 END
START -8356 12144 -8256 2170 -1993 -490 615 682 678 650 790 END
START -8148 11932 -9148 1723 439 -13 615 685 678 649 790 END
START -8080 12408 -8800 927 -1158 123 617 685 681 649 785 END
START -8800 12060 -8580 257 -1635 -268 621 689 683 650 787 END
START -8824 11920 -8132 361 -1730 -657 620 689 683 650 788 END
START -9092 12112 -8520 -189 -4132 -389 623 689 684 650 788 END
START -9092 11800 -8140 -645 -2608 -743 625 688 685 653 786 END
START -9300 11884 -7708 -989 -5140 -429 630 689 686 653 786 END
START -8828 11480 -6776 -1010 -2542 -774 632 688 685 651 784 END
START -8700 11616 -6084 -270 -866 -978 633 687 686 652 785 END
START -9364 12108 -6268 293 2026 -930 630 691 689 651 787 END
START -11420 12528 -7856 1667 3308 121 615 691 682 650 791 END
START -8832 11540 -8084 796 835 -108 612 690 683 651 793 END
START -9632 11824 -7452 1353 801 -38 612 691 684 651 791 END
START -9436 11688 -7844 1046 27 -781 600 687 681 649 791 END
START -8960 11736 -8064 480 1056 -913 590 685 681 649 790 END
START -8992 11460 -8156 603 6382 -499 589 685 680 649 789 END
START -8664 11088 -9548 515 11730 -397 596 685 679 648 788 END
START -6988 11448 -9152 879 14495 509 609 685 681 648 787 END
START -8248 11472 -11524 1414 9121 1741 626 687 683 648 787 END
START -6388 11476 -12056 1505 6739 1646 637 692 687 651 789 END
START -5380 11452 -12544 1579 4992 1567 636 691 685 650 783 END
START -4872 11372 -12892 1098 4226 1422 636 688 680 648 787 END
START -5012 12024 -13252 1287 2397 875 630 687 676 645 788 END
START -3408 11812 -13184 836 536 663 627 686 676 645 788 END
START -3932 11576 -13540 337 2330 283 623 686 675 645 787 END
START -3268 11420 -13100 209 1948 249 618 684 675 644 788 END
START -3716 11488 -13660 724 367 413 616 682 673 643 787 END
START -3424 11428 -13740 674 525 471 615 678 665 637 787 END
START -3080 11176 -13356 692 -1108 489 612 680 670 641 788 END
START -3136 11372 -13844 693 -398 408 609 679 667 640 786 END
START -3160 11708 -13952 354 -75 184 606 674 666 641 785 END
START -2404 11220 -13540 339 -522 -35 603 676 663 637 784 END
START -3256 11192 -13916 472 -323 -278 602 675 663 637 784 END
START -3296 11448 -13996 309 305 -443 600 675 663 636 782 END
START -3368 11408 -13428 23 -1232 -254 603 682 666 637 781 END
START -3644 11424 -13696 119 -2010 12 611 690 676 640 783 END
START -3944 11304 -14180 194 -2429 -261 614 693 680 645 786 END
START -2876 11544 -13088 -181 -5785 -283 616 695 685 650 789 END
START -3976 11256 -13000 -195 -1110 -612 614 696 685 651 790 END
START -5140 11020 -13872 245 4823 -166 620 694 684 651 791 END
START -2120 11336 -12720 299 4378 -110 622 694 684 652 791 END
START -4212 11536 -14112 189 681 306 625 693 686 654 790 END
START -3736 11400 -14488 167 196 -89 631 696 690 658 793 END
START -2884 11472 -13968 -27 -713 -147 640 697 691 659 795 END
START -3188 11348 -13580 -207 -2041 -365 651 700 694 664 799 END
START -3104 11256 -12948 -120 -560 -537 657 705 700 671 813 END
START -3164 11472 -13500 161 -630 -913 658 705 706 675 817 END
START -3596 11396 -13520 278 -37 -781 657 707 703 677 815 END
START -3652 11164 -13632 161 -116 -456 654 707 703 676 815 END
START -3736 11256 -13596 214 -158 -301 652 706 702 673 814 END
START -3780 11292 -13760 286 -575 -197 649 704 698 670 811 END
START -3748 11380 -13636 73 -461 -155 646 699 692 664 806 END
START -3592 11356 -13176 77 -856 -99 642 694 685 657 800 END
START -3088 11612 -13288 24 -960 -38 635 689 683 652 795 END
START -3556 11676 -13528 17 -877 106 629 684 675 647 792 END
START -3624 11460 -13820 -151 -244 6 621 680 671 641 787 END
START -3736 11364 -13252 -204 -818 155 615 677 665 639 780 END
START -3868 11604 -13016 -75 -913 22 610 674 662 631 778 END
START -3936 11436 -13468 -105 -1120 -170 611 676 666 634 780 END
START -3732 11392 -13104 78 -13 -31 612 693 683 648 796 END
START -3648 11408 -13504 225 -340 121 616 701 693 660 803 END
START -3536 11432 -13204 306 -447 76 620 706 698 666 806 END
START -3860 11440 -13448 570 -950 300 622 708 700 668 805 END
START -3560 11652 -13532 712 -684 365 628 708 699 667 805 END
START -3560 11616 -13576 319 -1656 443 631 706 698 666 804 END
START -3244 11484 -12880 21 -69 2 638 703 696 664 801 END
START -4020 11524 -13444 20 -483 -221 639 701 692 661 801 END
START -3476 11560 -13568 3 -1759 -439 642 698 691 661 796 END
START -4496 11588 -13044 -10 -130 -28 648 698 691 659 794 END
START -3656 11540 -13104 -59 -322 446 653 693 688 658 792 END
START -3932 11652 -13456 -166 -797 386 650 694 690 657 790 END
START -3612 11696 -12772 -242 167 476 650 693 687 657 790 END
START -3652 11820 -12656 31 -301 282 647 692 688 656 790 END
START -3544 11688 -12944 457 -701 440 642 693 687 657 791 END
START -3784 11984 -13148 120 -396 347 638 692 687 657 791 END
START -3688 12004 -12864 -112 -342 341 633 692 687 657 790 END
START -3580 12012 -13152 -384 -412 102 625 692 688 656 788 END
START -3344 11820 -12296 -206 -333 261 623 690 688 656 790 END
START -3316 12020 -12988 57 -600 209 621 690 688 655 790 END
START -3104 12124 -12940 240 -272 41 619 691 688 656 789 END
START -3196 12044 -12748 121 213 20 618 690 686 656 789 END
START -3364 11960 -12776 293 151 -90 625 690 687 653 789 END
START -3148 12104 -12940 323 -585 -47 638 693 687 656 789 END
START -3476 11976 -13292 268 -464 -292 652 694 688 657 790 END
START -3252 12000 -12940 245 -938 -461 664 696 689 657 792 END
START -3760 11820 -13296 119 -434 -460 667 697 688 656 793 END
START -3420 11984 -12760 71 -255 -154 668 698 688 659 794 END
START -3588 12276 -12500 96 -2175 35 667 698 690 659 796 END
START -3824 12020 -13112 -37 -826 -222 666 700 690 658 795 END
START -3896 11564 -12724 -175 -2169 391 665 698 690 660 794 END
START -4152 12160 -12572 -13 -1740 738 665 699 689 659 795 END
START -3776 12336 -12836 -42 -2919 68 665 699 690 659 794 END
START -4032 12044 -12496 -118 -2599 -29 664 698 689 659 795 END
START -3508 12296 -12224 -42 -1040 67 665 697 689 657 794 END
START -3636 12100 -12344 196 -373 -531 662 696 688 653 794 END
START -3728 12364 -12092 78 452 -726 653 697 688 657 793 END
START -4028 12196 -12088 -162 165 -1182 643 695 687 656 792 END
START -4196 12184 -12064 -59 1488 -1352 634 695 688 657 791 END
START -4084 12212 -12368 -408 2209 -1409 630 695 689 656 790 END
START -4612 11980 -12768 -505 862 -1398 627 695 687 656 791 END
START -4752 12060 -12536 -422 453 -1028 625 694 689 656 790 END
START -4848 11804 -12344 -139 -658 -78 625 694 688 656 791 END
START -4292 11984 -12884 14 441 915 627 695 688 657 792 END
START -3776 12568 -12612 -591 1350 689 631 694 687 657 790 END
START -3944 12076 -12200 -513 325 -480 633 695 689 657 793 END
START -3820 12572 -12756 -681 856 -803 636 697 689 660 797 END
START -3288 12720 -11824 -910 138 -861 639 697 689 659 796 END
START -3140 12688 -11664 -828 1373 -722 640 697 688 660 796 END
START -4288 12380 -12516 -787 885 -931 640 696 688 658 797 END
START -4624 12264 -12172 -907 162 -307 639 697 689 660 797 END
START -4212 12104 -11328 -231 103 223 636 697 688 659 796 END
START -3880 12876 -11336 213 -132 259 634 699 690 660 793 END
START -4200 12828 -11456 208 -960 -62 635 699 688 659 797 END
START -4072 12480 -11860 372 -731 4 634 697 688 659 797 END
START -2980 12560 -11924 592 -1186 241 632 696 689 660 796 END
START -3036 12632 -11828 548 -219 288 631 696 688 660 795 END
START -3332 12560 -11612 466 -1166 -233 631 696 689 660 796 END
START -2876 12276 -12252 581 -712 -308 634 697 688 659 791 END
START -2636 12980 -12476 748 6183 -769 632 697 688 660 798 END
START -4408 12476 -12488 -129 -3370 -311 632 694 687 659 797 END
START -4904 12572 -12376 -106 -984 1128 632 697 690 660 797 END
START -3940 12668 -11644 54 -1856 1149 634 698 688 656 796 END
START -3040 12648 -11496 281 -1930 797 632 697 689 659 796 END
START -3312 12700 -11736 716 -1220 217 631 698 688 659 797 END
START -2896 12500 -11960 635 -704 -35 631 697 688 660 799 END
START -3548 12724 -12184 388 -896 49 629 694 689 660 797 END
START -3560 12620 -11968 390 -450 -10 632 695 688 657 797 END
START -3416 12632 -11788 628 -635 -170 631 698 684 660 797 END
START -3988 12576 -11936 660 -999 -285 633 699 688 660 797 END
START -4120 12804 -12208 465 -512 147 634 697 689 661 797 END
START -4288 12392 -11744 541 -1341 761 631 696 687 659 796 END
START -3968 12168 -12284 674 -2031 1434 631 697 688 660 797 END
START -3096 12564 -12736 507 -768 1362 631 696 688 659 798 END
START -2692 12708 -12052 414 -167 736 631 697 687 659 795 END
START -2700 12716 -12284 667 -1049 273 631 697 688 659 797 END
START -2952 12976 -12436 444 22 -293 631 697 688 659 797 END
START -3236 12784 -12232 -248 -915 -872 631 696 688 659 797 END
START -3508 12300 -11700 -109 -586 -728 631 697 688 659 797 END
START -3496 12644 -12324 294 -363 -446 631 696 688 659 797 END
START -3788 12636 -12348 -44 -212 -480 631 697 688 659 796 END
START -3840 12496 -11744 34 -166 -514 631 696 688 659 798 END
START -3868 12400 -11880 222 -444 -378 631 696 688 659 798 END
START -3760 12516 -11964 163 -258 -252 632 696 688 659 799 END
START -3604 12572 -12132 218 -106 -561 632 697 688 659 798 END
START -3516 12524 -11904 96 -3 -459 632 697 689 659 799 END
START -3748 12540 -12248 18 222 -304 632 697 688 659 799 END
START -3968 12668 -12004 85 -257 -368 632 697 688 659 799 END
START -3728 12452 -11808 89 -163 -19 633 697 688 659 799 END
START -3788 12444 -11916 282 -242 50 632 697 688 659 799 END
START -3336 12436 -12172 343 187 -161 631 697 688 659 798 END
START -4228 12728 -11872 327 -756 -779 632 697 690 658 798 END
START -896 10888 -10916 746 7944 -1495 631 696 688 659 799 END
START -5344 13300 -12648 1787 -1918 -2063 631 696 685 660 799 END
START -4532 12980 -12312 1174 2479 -3354 630 699 687 659 801 END
START -4216 12160 -12632 1427 286 -102 633 699 689 659 799 END
START -2544 12088 -12796 1849 507 97 632 698 688 659 799 END
START -4512 11684 -12708 820 -2300 -270 630 698 688 659 799 END
START -3712 10808 -13192 1749 -517 1225 629 697 688 657 799 END
START -4448 11112 -14068 1228 -1140 -131 628 697 689 659 799 END
START -2348 11776 -13172 1405 -881 -36 630 698 688 659 798 END
START -2788 10900 -14072 1862 -600 325 630 697 688 659 799 END
START -3892 10668 -14404 1615 68 -564 630 697 686 658 798 END
START -4192 11400 -14288 1299 813 -643 630 697 687 658 798 END
START -4184 10856 -14488 807 -753 -63 632 696 689 659 799 END
START -3812 11160 -14332 758 -775 625 632 696 688 659 798 END
START -3556 11048 -14204 62 -299 343 629 697 687 658 798 END
START -3744 10732 -13548 -161 -1333 -392 629 697 687 655 798 END
START -4100 10544 -14560 -232 -1404 -178 630 697 688 659 798 END
START -3208 10016 -13584 -60 -56 1049 629 694 688 659 799 END
START -3696 11184 -13332 658 -817 1308 632 696 686 658 799 END
START -4344 11828 -14212 691 -533 755 629 697 688 658 799 END
START -4176 11188 -14564 -56 -2026 126 630 698 688 659 799 END
START -3752 10820 -13588 272 -2184 255 630 698 688 659 797 END
START -3844 11192 -13952 152 -1172 -294 628 698 689 660 799 END
START -3640 11032 -14112 20 -1274 158 630 698 688 659 799 END
START -4280 10988 -14168 -769 -3400 -5 628 696 689 658 798 END
START -3980 11120 -13520 -872 -768 352 628 695 686 657 797 END
START -3980 11288 -12860 -821 -1041 470 627 694 684 658 796 END
START -3984 11312 -13152 -696 -1232 -137 625 694 685 655 795 END
START -5024 11760 -13300 -691 -2222 -674 625 694 684 656 795 END
START -4832 11680 -12568 -644 -2691 -894 624 692 682 654 794 END
START -6036 11656 -12368 193 -4021 -487 623 691 681 654 792 END
START -5008 11496 -12408 351 -2864 65 620 687 679 653 790 END
START -4836 11712 -12400 725 -913 215 617 687 677 650 791 END
START -5964 11764 -11680 -266 -3917 -758 610 686 679 650 790 END
START -6356 11856 -11660 478 75 118 609 685 677 648 789 END
START -5296 11672 -11736 443 696 659 607 680 676 648 787 END
START -5088 11348 -11876 501 177 591 603 682 676 647 787 END
START -5680 11208 -11572 635 379 177 600 681 676 646 786 END
START -5948 11544 -12204 1074 1504 -218 597 679 675 646 783 END
START -4868 11588 -12752 933 1910 -198 594 678 675 644 781 END
START -5128 11816 -13288 875 1944 -735 593 677 675 643 780 END
START -4420 11776 -12772 619 752 -1166 594 675 674 641 777 END
START -4984 11484 -14340 -218 -725 -1279 594 670 670 637 774 END
START -4552 11024 -12920 -659 967 -1011 594 670 670 637 772 END
START -4160 10860 -12760 -266 1093 -1251 594 668 670 636 772 END
START -5608 10612 -13164 -206 -88 -2194 593 666 668 636 772 END
START -6232 10900 -13244 62 378 -1568 594 669 667 634 770 END
START -6668 11520 -14376 471 -1174 -1097 593 669 664 632 768 END
START -6564 11148 -14032 -691 -2068 771 595 666 666 628 768 END
START -5648 10968 -12492 -1301 -1849 2436 595 669 661 631 767 END
START -5000 11552 -12236 -1418 -1993 2219 594 667 666 631 770 END
START -5136 11952 -12424 -2129 -2102 1330 589 667 666 631 783 END
START -5928 12108 -11056 -1688 -3082 843 595 667 667 632 783 END
START -5020 12684 -10824 -1029 -1879 1640 594 669 668 632 782 END
START -4164 13096 -11264 -1509 -1544 2382 594 667 666 632 782 END
START -3036 12592 -10284 -1514 -151 2794 595 668 668 632 782 END
START -3608 12580 -9480 -762 5662 763 595 668 668 632 781 END
START -4328 12088 -10212 579 5932 -2081 595 670 669 633 781 END
START -4388 12352 -10424 2215 3411 -3717 597 675 669 636 781 END
START -4768 13036 -11968 2279 2500 -2976 599 676 674 638 782 END
START -4812 12676 -12848 959 2708 -2380 599 677 675 638 783 END
START -4464 11996 -12080 230 507 -1637 605 677 676 638 784 END
START -5460 11984 -12064 361 593 -232 609 679 674 639 783 END
START -4280 12040 -12792 599 1813 1064 612 675 674 638 784 END
START -3720 12080 -12680 -25 675 1262 616 683 671 639 785 END
START -3088 12260 -12620 -317 1259 623 617 681 675 639 786 END
START -1004 12600 -11332 -674 7312 358 618 680 675 640 785 END
START -4952 12148 -13860 -714 7988 1514 618 681 675 641 787 END
START -2164 12316 -13180 -444 2809 2261 618 680 678 641 787 END
START -900 12616 -12544 -243 -1804 2603 618 681 676 641 787 END
START -64 12740 -12216 43 764 1617 618 680 676 641 786 END
START -328 12828 -12144 724 -316 861 616 680 675 640 786 END
START -392 12720 -12816 810 473 -228 616 681 675 641 787 END
START -612 12708 -12968 328 223 -651 615 679 676 639 786 END
START -608 12672 -13096 607 264 -1225 615 680 675 640 786 END
START -472 12880 -13100 953 -199 -1596 615 680 675 640 787 END
START -608 12688 -13640 628 315 -1393 615 681 675 641 788 END
START -1732 12208 -13720 19 -1161 -1255 615 681 676 641 789 END
START -1792 12232 -13532 -502 -963 -941 615 681 675 641 789 END
START -1504 12024 -13416 -723 -631 -435 614 681 676 641 791 END
START -1748 12524 -12632 -597 -1412 -21 614 683 676 642 792 END
START -1528 12720 -12716 -577 -868 13 614 682 676 643 792 END
START -1568 12856 -12340 -641 -1359 -570 615 683 676 642 790 END
START -1424 12828 -11564 16 -1023 -844 615 682 676 642 790 END
START -1360 13072 -11624 641 -332 -1367 614 682 675 642 790 END
START -1536 12560 -12456 1240 -252 -1900 611 683 676 643 791 END
START -2212 12112 -12808 1023 180 -2012 614 686 675 643 790 END
START -2528 12088 -12856 895 994 -1600 614 681 675 642 790 END
START -2088 12208 -13044 1193 1166 -1424 615 681 676 642 790 END
START -2544 12552 -13464 702 169 -1503 614 682 676 642 790 END
START -2656 12044 -13604 -80 1047 -1935 615 683 675 642 790 END
START -2652 11896 -12784 319 -1597 -2804 614 678 677 642 790 END
START -2656 11656 -13548 364 -3581 -4033 614 687 677 643 794 END
START -4896 11772 -13308 -434 -1803 -4829 614 689 676 642 793 END
START -6064 11124 -10724 579 -3806 -1225 614 688 676 641 794 END
START -5896 10796 -13100 2544 748 1593 614 688 676 642 792 END
START -3592 11904 -14416 2480 -210 1848 614 688 675 642 792 END
START -2816 12548 -15456 -705 -899 -671 614 687 676 641 794 END
START -4272 11332 -12776 -2631 -7080 -2378 613 688 679 643 793 END
START -6048 10432 -10876 -1560 -4976 -2880 607 687 677 643 793 END
START -7260 10564 -11980 760 -1601 -811 613 687 677 644 793 END
START -7252 11480 -12668 575 -2598 620 612 683 675 643 792 END
START -5988 11640 -12264 243 -2821 1355 611 682 675 641 790 END
START -6060 11916 -11620 -379 -2131 1138 609 681 672 639 790 END
START -6436 11664 -11820 -944 -3295 982 604 676 672 640 788 END
START -6688 12092 -10944 -588 -4984 1200 598 675 672 639 787 END
START -6256 11804 -10024 -733 -4680 1005 596 675 672 639 787 END
START -6732 11908 -9948 -369 -834 735 599 673 671 639 786 END
START -6644 12160 -10104 105 -1247 690 598 676 671 638 787 END
START -6400 12472 -10644 168 -59 213 605 676 670 638 787 END
START -5600 12532 -10456 -213 132 -90 610 678 671 638 787 END
START -6336 12848 -10136 -816 920 -1178 616 678 671 638 787 END
START -6740 12284 -10588 -1058 961 -1710 621 679 672 638 788 END
START -6464 12156 -9948 -1039 565 -1810 622 679 671 637 788 END
START -7488 12352 -10332 -698 1132 -1702 623 679 671 638 789 END
START -7240 12180 -10200 -771 713 -1343 623 679 671 635 788 END
START -6896 12196 -9980 -840 580 -1118 624 679 672 637 786 END
START -7380 12272 -9864 -899 777 -1224 626 679 672 638 787 END
START -7088 12048 -9948 -810 1273 -1021 625 688 672 638 788 END
START -7512 11944 -9864 -559 2157 -972 627 690 677 640 788 END
START -7068 12340 -10196 -519 731 -518 624 690 680 642 787 END
START -6924 12252 -9460 -691 535 -336 620 690 682 642 791 END
START -6708 11868 -9680 -143 515 -238 619 689 680 643 790 END
START -7508 12028 -10416 273 400 -241 620 688 678 642 790 END
START -7652 12328 -10200 -115 185 555 619 687 677 641 789 END
START -6896 11824 -9812 186 -561 1362 620 686 676 641 788 END
START -6268 12276 -10004 902 -285 1346 618 685 675 641 788 END
START -6368 12616 -10292 787 -1148 1069 618 685 675 640 788 END
START -5912 12716 -10312 763 -1070 597 619 686 675 640 789 END
START -6320 12572 -10408 627 -2649 -26 619 686 675 640 789 END
START -6280 12480 -10124 561 -2470 -106 618 687 675 641 790 END
START -6844 12468 -9848 503 -2146 -108 618 686 675 640 791 END
START -7204 12448 -9904 491 -1910 1 618 687 675 641 792 END
START -6756 12344 -9696 604 -2522 239 617 687 674 641 791 END
START -6284 11892 -8756 913 -3734 284 616 687 675 641 791 END
START -6384 12652 -9372 1990 -2188 -858 617 686 675 641 792 END
START -8268 12656 -10796 1413 -5549 -886 617 687 675 641 790 END
START -8296 12388 -10948 -969 -3670 586 619 685 674 640 790 END
START -7612 12256 -8596 -2806 -8759 860 617 685 674 640 790 END
START -8088 12444 -7376 -2736 -7127 597 617 684 674 640 789 END
START -7396 12636 -5708 -2161 -4875 152 614 684 673 639 789 END
START -8004 12756 -5420 -1226 -499 -515 613 685 674 640 792 END
START -8840 13088 -5840 -243 -4806 -352 612 686 674 641 793 END
START -8560 12824 -5720 -81 -4980 -254 612 688 675 639 796 END
START -8220 12764 -4656 -34 -5190 -299 611 688 675 643 796 END
START -8852 12708 -4848 104 -3217 -362 610 688 675 643 796 END
START -8812 12812 -4016 254 -2912 -34 610 687 673 642 795 END
START -8916 13068 -3604 421 -1594 -167 611 685 671 641 792 END
START -9252 12912 -4268 195 406 -425 610 685 671 641 792 END
START -8752 12688 -4548 179 26 -370 611 684 671 640 791 END
START -8872 12828 -4148 284 1306 -452 610 682 670 639 790 END
START -8852 12420 -4572 110 1820 -157 607 682 670 638 789 END
START -9036 13016 -4500 353 2584 -64 610 681 670 638 788 END
START -8696 12792 -4972 531 2653 105 611 683 669 638 786 END
START -8028 12680 -5124 538 4121 -272 619 679 670 637 785 END
START -9144 12784 -5608 1126 3266 -81 627 680 672 637 785 END
START -8580 12932 -5488 1085 -816 -227 628 679 670 637 786 END
START -8324 12692 -6264 911 154 -542 627 679 671 637 785 END
START -8436 12796 -6540 402 843 -617 626 679 670 637 785 END
START -8560 12524 -6944 -237 1407 -539 626 679 670 636 785 END
START -8724 12712 -5564 -293 332 -191 625 679 671 637 786 END
START -8840 12616 -5672 616 -200 456 624 679 671 637 785 END
START -8708 12064 -6460 1813 -358 652 626 679 671 637 783 END
START -8404 12748 -7408 1861 -131 717 624 684 670 637 786 END
START -8084 13000 -7880 1043 -77 733 626 689 671 637 787 END
START -7668 12844 -7592 281 303 676 624 687 672 637 787 END
START -7800 12780 -7232 132 -603 378 624 686 671 637 785 END
START -8112 12940 -6828 83 -735 139 623 687 671 637 788 END
START -7720 12780 -6592 293 -939 218 623 687 671 638 787 END
START -8040 12976 -6492 66 -687 70 623 687 671 638 788 END
START -7948 12708 -6844 130 -1035 -25 622 687 671 638 788 END
START -7984 13232 -6472 413 -885 324 622 685 671 637 788 END
START -7656 13044 -7012 526 -814 221 622 686 672 638 788 END
START -7464 12892 -6800 573 -802 237 622 687 672 638 789 END
START -7776 13336 -7236 594 -306 -184 622 686 672 638 789 END
START -7628 12692 -7288 -55 -1061 44 624 687 671 639 789 END
START -7804 13208 -6696 159 -537 10 622 687 672 639 789 END
START -7768 13536 -6708 -120 -375 -63 622 687 672 638 789 END
START -7840 13332 -6796 -120 -662 95 622 687 672 637 791 END
START -7796 13144 -6536 -203 -373 260 622 687 671 639 790 END
START -7060 13000 -6312 -58 226 87 622 687 670 639 790 END
START -7376 13296 -6376 -262 -297 -719 622 687 671 639 789 END
START -8004 12624 -6224 -179 -660 -996 621 687 671 639 789 END
START -8180 12840 -5852 636 -668 -825 622 687 671 639 790 END
START -8204 13600 -6368 1767 -1965 278 622 688 671 639 789 END
START -8028 12936 -6804 1870 -960 773 622 687 672 639 790 END
START -7636 13088 -7056 1606 -1481 424 622 687 671 640 790 END
START -7596 12880 -7120 630 -1409 -384 622 687 671 639 789 END
START -7932 13048 -6640 290 -900 -584 619 687 671 640 790 END
START -7924 13056 -6508 233 -1132 -509 623 688 671 640 790 END
START -8024 13068 -6448 498 -1212 -440 621 687 671 639 790 END
START -8324 12992 -7004 592 -1154 -168 621 688 671 640 790 END
START -8308 12912 -6760 109 -128 387 621 686 671 640 790 END
START -8312 13276 -6316 276 -140 672 621 683 671 639 789 END
START -7660 13124 -6188 487 -354 729 619 683 671 639 789 END
START -7188 13164 -6304 624 256 51 620 684 671 639 788 END
START -7256 13192 -6412 727 -980 -289 620 683 670 638 788 END
START -7416 13000 -6988 705 -484 -752 620 683 670 638 789 END
START -7592 13468 -7016 323 -251 -930 620 683 672 638 789 END
START -7856 13248 -6988 -226 494 -780 620 683 671 638 789 END
START -8056 12988 -6520 -480 351 -605 620 683 670 638 789 END
START -8024 12920 -6504 -233 420 -451 620 683 671 639 788 END
START -8016 13356 -6980 -313 757 -542 620 684 671 638 789 END
START -7000 13828 -6572 -756 1863 -805 619 683 670 638 790 END
START -7064 11388 -7004 -628 5448 -1073 620 683 670 638 789 END
START -7444 13668 -7436 -516 3162 -1825 620 683 670 638 789 END
START -9156 13240 -8236 -643 -284 -2406 620 683 672 638 789 END
START -8320 12256 -6588 -2097 -1066 18 620 683 670 638 790 END
START -7832 12476 -5916 -787 2879 9 620 682 670 638 788 END
START -7536 12720 -6576 1090 -62 -1412 619 683 670 638 789 END
START -9100 12856 -8164 777 -1894 -1262 619 684 669 638 789 END
START -8332 13048 -7100 -898 1284 93 619 686 665 639 788 END
START -8448 12592 -6456 -864 619 44 619 685 672 637 790 END
START -8396 12508 -6556 204 -21 -81 619 683 672 639 789 END
START -7904 12616 -7280 701 -313 -13 620 683 670 638 789 END
START -8412 12744 -7324 522 -805 38 619 684 672 638 788 END
START -8600 12564 -7256 130 -205 89 619 683 671 638 788 END
START -8244 12864 -6956 265 -378 239 620 682 669 638 788 END
START -8144 12736 -6600 852 -876 475 619 685 670 638 789 END
START -8068 12708 -7072 1307 -880 544 619 683 670 638 788 END
START -7656 12908 -7292 1354 -1062 526 619 683 670 638 789 END
START -7592 12940 -7464 1140 -1258 149 619 683 670 638 789 END
START -7760 12808 -7652 1021 -863 120 622 683 670 638 788 END
START -8248 12992 -7276 793 -792 183 619 683 670 638 788 END
START -7840 12864 -7360 826 -1543 405 618 683 670 637 789 END
START -8152 12904 -7212 863 -1356 740 616 683 670 638 788 END
START -7536 13124 -7308 863 -1389 874 619 683 670 638 789 END
START -6992 13328 -7676 225 -1029 703 618 683 670 638 788 END
START -6968 13312 -7552 -436 -114 101 618 683 670 638 789 END
START -6536 13176 -7268 -832 303 -440 619 682 670 638 788 END
START -7332 13228 -7000 -910 313 -832 615 682 672 638 788 END
START -7504 12692 -6660 -688 180 -941 615 681 669 638 787 END
START -7796 13444 -6860 -559 232 -1096 612 677 668 637 783 END
START -7884 12728 -7076 -1069 401 -496 611 676 668 636 784 END
START -7444 13156 -7136 -1202 3730 -145 610 668 664 634 782 END
START -7240 13360 -6776 -816 744 94 612 669 663 634 781 END
START -7196 13240 -7036 -539 1032 -463 612 664 659 631 779 END
START -7688 13160 -7112 -253 1259 -562 611 665 659 630 779 END
START -7420 13184 -7132 -336 725 -692 610 665 657 630 778 END
START -7384 13164 -7036 -461 1024 -378 607 665 657 629 778 END
START -7512 13048 -7272 -625 843 -199 602 663 656 628 777 END
START -7280 13512 -6044 -143 966 -494 596 663 656 628 776 END
START -7052 13360 -6900 -216 -170 -686 596 662 654 627 774 END
START -8056 13292 -7408 -231 673 -634 595 661 652 625 774 END
START -7656 13316 -7080 -141 21 -413 596 659 651 623 774 END
START -7844 13236 -6884 246 29 -100 595 657 647 623 773 END
START -7404 13108 -7104 598 -1101 -252 596 658 651 622 773 END
START -7728 13284 -7268 593 46 317 593 658 649 621 770 END
START -7040 13192 -7048 536 -813 -128 592 659 648 621 771 END
START -7296 13336 -7064 589 -1086 -412 593 657 648 621 770 END
START -7516 13088 -6984 665 -861 -282 593 658 648 621 770 END
START -7784 13304 -7188 897 -1267 -51 592 657 648 621 771 END
START -7448 13072 -7224 998 -929 126 593 659 650 620 771 END
START -7304 13212 -7212 1095 -1782 -7 593 661 651 620 772 END
START -7116 12824 -6932 887 -1586 -47 595 657 652 620 771 END
START -7412 13168 -6932 984 -2058 -186 595 662 652 620 772 END
START -7580 13032 -7024 1045 -1794 -126 594 663 653 620 772 END
START -7860 13168 -7300 1144 -1777 -78 596 662 653 620 773 END
START -7304 12980 -6992 1558 -1060 48 598 661 653 621 773 END
START -6920 12928 -7172 1875 -1021 -321 599 663 653 621 772 END
START -5696 12756 -7024 2332 2825 -1521 600 664 653 621 770 END
START -4900 12712 -7544 2727 12134 -1492 603 664 654 620 768 END
START -12508 12512 -13820 2769 32767 -779 605 663 655 621 770 END
START -3780 12508 -12388 1882 3744 1898 605 665 654 620 768 END
START -2956 12308 -13284 853 6061 580 604 665 654 620 768 END
START -2760 12316 -12488 697 3393 -110 604 665 654 619 769 END
START -3048 12344 -12724 736 2795 -619 604 664 653 619 770 END
START -3084 12488 -13144 225 5030 -930 603 661 650 617 766 END
START -2588 12096 -13536 88 4526 -471 600 657 647 614 762 END
START -2064 12156 -13040 322 2064 -75 596 654 645 611 759 END
START -1380 12268 -13592 -49 138 -302 591 653 644 608 756 END
START -1760 12184 -13004 -83 -1425 -707 588 648 642 608 753 END
START -1056 12160 -13516 -464 -2803 -1291 586 649 643 608 753 END
