START -4048 15172 -936 355 30 -75 559 659 650 612 778 END
START -4052 15176 -944 351 146 -40 559 659 649 612 778 END
START -4016 15216 -964 200 -278 -133 558 659 649 612 778 END
START -4116 15228 -972 102 -144 -267 556 659 649 612 778 END
START -4252 15340 -1016 57 -376 -425 553 658 648 611 778 END
START -4552 15304 -952 30 676 -177 551 658 648 610 777 END
START -3760 15220 -512 259 685 -212 551 657 647 609 776 END
START -4104 15116 -988 321 43 -496 552 658 647 609 775 END
START -4316 15124 -1300 137 13 -355 556 658 646 608 772 END
START -4588 15292 -1024 -7 -361 163 558 658 646 607 770 END
START -3656 15308 -1048 -89 2 -63 558 657 646 606 769 END
START -3840 15184 -688 -83 -169 -390 558 657 645 606 768 END
START -4072 15264 -704 -39 105 -296 558 657 645 606 768 END
START -4580 15088 -1048 163 -414 -282 560 658 645 606 768 END
START -3824 15364 -300 420 -116 -63 564 660 645 606 768 END
START -3680 15312 -932 546 420 -65 569 660 645 606 769 END
START -3460 15268 -788 309 -834 -297 573 662 645 606 770 END
START -4796 15300 -1016 245 -557 -219 573 661 645 605 769 END
START -3704 15244 -904 200 -461 -142 572 661 645 605 769 END
START -3956 15272 -808 9 -722 -370 571 661 644 605 769 END
START -3976 15360 -756 -67 -480 -429 570 661 645 605 769 END
START -3912 15192 -572 -43 -136 -297 569 660 645 605 769 END
START -3768 15188 -700 215 -153 -342 569 662 645 605 768 END
START -4216 15276 -832 210 -545 -270 570 661 645 605 768 END
START -4076 15260 -920 53 -78 -73 570 661 645 605 768 END
START -3728 15424 -768 -5 -75 -177 570 661 645 605 768 END
START -3980 15216 -684 81 -260 -564 570 661 645 605 768 END
START -4324 15176 -584 310 -229 -448 570 661 645 605 768 END
START -4216 15120 -688 358 -183 -258 570 661 645 605 771 END
START -4152 15372 -1056 188 -263 -416 570 661 646 605 769 END
START -4300 15200 -1096 79 -56 -379 569 661 649 606 769 END
START -4424 15388 -856 -18 -6 -162 569 664 651 606 769 END
START -4076 15236 -644 28 -200 -57 568 665 651 606 770 END
START -3976 15300 -668 197 -189 -106 568 666 651 606 770 END
START -3904 15192 -852 236 -387 -356 567 665 652 607 770 END
START -3988 15220 -640 196 -226 -389 568 665 652 607 771 END
START -4144 15284 -628 66 -130 -361 568 666 652 607 771 END
START -4268 15344 -740 2 -220 -320 568 666 652 607 770 END
START -4172 15188 -780 132 168 -109 567 666 652 607 771 END
START -4188 15120 -756 263 63 -251 567 666 652 607 771 END
