START -6016 14340 720 95 -312 -337 581 646 647 596 753 END
START -6140 14300 396 12 -304 -384 581 646 647 597 753 END
START -6076 14084 552 25 154 -342 581 646 647 597 754 END
START -6068 14148 532 84 -39 -315 580 646 647 597 753 END
START -6172 13964 620 225 370 -465 582 646 647 597 753 END
START -6156 14188 376 322 -152 -314 583 646 647 597 753 END
START -6380 14360 672 284 -232 -450 583 646 647 597 753 END
START -6212 14284 452 126 -166 -288 584 646 647 597 754 END
START -6132 14228 652 258 -542 -184 585 646 647 597 753 END
START -6320 14336 480 175 -553 -222 588 646 647 597 754 END
START -6416 14084 264 262 -175 -250 589 646 647 597 753 END
START -6196 14332 528 251 -8 -233 589 646 647 597 753 END
START -5964 14104 288 180 -122 -299 589 647 647 597 753 END
START -5932 14328 636 268 31 -224 589 647 647 597 753 END
START -5916 14240 496 159 -165 -236 589 647 647 597 753 END
START -5952 14196 492 150 -355 -250 590 647 648 597 753 END
START -6392 14148 416 198 -138 -281 590 648 648 598 753 END
START -6100 13992 668 214 -202 -277 592 648 648 598 753 END
START -6080 14372 644 350 -274 -224 590 648 649 598 753 END
START -6128 14196 364 196 -344 -320 590 648 649 598 753 END
START -6032 14264 388 196 -27 -206 590 648 648 598 753 END
START -6096 14296 536 148 -286 -283 589 648 648 598 753 END
START -6288 14156 436 225 -258 -324 590 648 649 598 754 END
START -5768 14148 640 237 -160 -366 590 648 648 598 753 END
START -5828 14216 692 267 -462 -287 590 648 649 597 753 END
START -6004 14368 512 147 -428 -287 590 648 649 598 752 END
START -5940 14156 372 135 -350 -308 590 648 648 598 753 END
START -6452 14096 308 135 -192 -199 590 648 649 598 753 END
START -5996 14132 608 68 -346 -362 589 649 649 598 753 END
START -6104 14168 428 239 -323 -320 590 649 649 599 754 END
START -6204 14272 404 236 -45 -313 590 649 649 599 754 END
START -6252 14204 604 179 -186 -278 590 649 649 599 753 END
START -6196 14236 412 161 -150 -221 590 649 649 599 753 END
START -6012 14160 272 118 -268 -362 590 650 649 598 754 END
START -6180 14268 372 185 -297 -281 590 651 648 599 754 END
START -6080 14192 628 110 -239 -307 590 651 648 599 754 END
START -6224 14084 404 167 -260 -206 590 651 648 599 753 END
START -6048 14108 504 107 -121 -253 590 650 649 599 753 END
START -6076 14276 792 123 -296 -278 590 651 649 598 753 END
START -6140 14168 632 57 -323 -269 590 651 649 598 753 END
