START -3356 15100 1008 339 -509 -660 563 672 662 617 765 END
START -3372 15164 968 350 -593 -550 563 672 662 618 765 END
START -3552 15040 864 373 -188 -388 563 672 662 617 765 END
START -3476 15156 652 322 -228 -183 563 672 662 617 764 END
START -3152 15248 784 385 -147 -206 563 672 662 617 764 END
START -3168 15208 752 380 -238 -368 563 672 662 617 765 END
START -3176 15176 856 350 -243 -356 563 672 661 617 765 END
START -3420 15236 764 234 -155 -291 563 672 662 617 765 END
START -3424 15324 1004 273 102 -141 563 672 662 617 764 END
START -3176 15172 840 406 -128 -114 563 672 662 617 764 END
START -3164 15200 656 369 -191 -196 563 672 662 617 765 END
START -3088 15276 580 296 -171 -236 563 672 662 617 764 END
START -3252 15256 432 163 -216 -348 563 672 662 617 764 END
START -3216 15276 652 -54 -104 -258 563 672 662 617 764 END
START -3252 15100 696 -96 -159 -348 563 672 662 617 765 END
START -3396 15248 772 60 -149 -191 563 672 661 617 764 END
START -3156 15172 868 177 -270 -225 563 672 662 617 765 END
START -3180 15272 860 77 36 -256 563 672 662 617 764 END
START -3144 15168 1036 38 -93 -332 563 672 661 617 764 END
START -3268 15160 832 133 -341 -450 564 672 662 617 764 END
START -3500 15156 864 234 -182 -282 563 672 661 616 765 END
START -3320 15192 852 338 -166 -328 563 672 662 616 764 END
START -3276 15116 744 358 -248 -293 563 672 661 617 763 END
START -3328 15024 732 365 -105 -278 563 672 662 616 763 END
START -3344 15248 712 258 -44 -182 563 672 662 617 765 END
START -3288 15208 516 310 -180 -251 563 672 661 617 764 END
START -3224 15240 612 206 -311 -199 563 672 661 616 764 END
START -3312 15272 408 41 -342 -266 563 672 661 618 764 END
START -3332 15256 624 -131 16 -360 563 672 662 616 764 END
START -3240 15132 824 -129 -118 -441 563 672 662 617 764 END
START -3520 15036 724 -79 -286 -407 563 672 662 617 763 END
START -3444 15052 812 58 -133 -238 563 672 662 617 763 END
START -3304 15076 996 125 -194 -224 563 671 662 617 763 END
START -3336 15072 876 270 -399 -241 562 672 663 617 763 END
START -3564 15092 704 312 -323 -280 563 672 662 617 763 END
START -3400 15220 940 318 -132 -102 563 672 662 617 763 END
START -3396 15200 788 313 -57 -137 563 672 661 617 763 END
START -3352 15108 680 361 -48 -251 563 672 661 615 763 END
START -3144 15160 612 254 -43 -269 563 672 661 617 763 END
START -3308 15184 636 112 -253 -334 563 672 662 617 763 END
