START -8076 13300 -3632 248 -102 -426 608 680 678 632 783 END
START -8072 13292 -3516 330 -128 -375 608 680 679 632 783 END
START -8188 13408 -3676 128 -418 -407 607 680 678 632 783 END
START -8100 13632 -3604 -48 -39 -238 608 680 679 632 783 END
START -8276 13248 -3548 74 -245 -92 607 680 679 632 783 END
START -8208 13304 -3808 396 -571 -109 608 680 679 632 783 END
START -8484 13496 -3988 271 -72 -54 607 680 678 632 783 END
START -8068 13468 -3544 108 -77 -97 607 680 678 632 783 END
START -8172 13480 -3564 -41 -240 -303 607 680 678 632 783 END
START -7988 13364 -3544 233 -234 -302 607 680 678 632 783 END
START -8116 13544 -3752 67 -339 -316 607 680 679 632 783 END
START -8152 13564 -3524 -87 -290 -245 607 680 678 632 783 END
START -8204 13400 -3444 142 -522 -354 607 680 678 632 783 END
START -8168 13312 -3536 469 -440 -140 607 679 678 632 783 END
START -8064 13608 -4028 518 -213 23 607 680 678 632 783 END
START -7940 13556 -3612 335 238 103 607 680 678 632 783 END
START -7936 13408 -3444 136 -142 -95 607 680 678 632 783 END
START -8288 13596 -3584 -28 -295 -381 607 680 678 632 783 END
START -7936 13268 -3420 233 -120 -111 607 680 678 632 783 END
START -7952 13480 -3772 -53 -233 -387 608 680 678 632 783 END
START -8112 13568 -3528 -192 -175 -468 607 680 678 632 783 END
START -7884 13312 -3272 157 -261 -333 607 680 678 632 783 END
START -8060 13448 -3856 509 -188 -125 608 681 678 632 783 END
START -7908 13680 -3876 550 144 86 607 680 678 632 784 END
START -7656 13668 -3236 290 -3 -61 607 680 678 632 784 END
START -8340 13648 -3624 19 -83 -386 607 680 678 632 783 END
START -8240 13508 -3376 25 -308 -400 607 680 678 632 783 END
START -8052 13288 -3872 277 -377 -116 607 679 678 632 783 END
START -7960 13504 -3852 139 -172 -204 607 680 678 632 783 END
START -7936 13664 -3524 -170 -334 -455 607 680 678 632 783 END
START -8336 13440 -3364 -10 -496 -448 607 679 678 632 785 END
START -8192 13368 -3608 461 -93 -162 607 680 678 632 783 END
START -7720 13540 -3748 479 -129 -103 607 680 678 632 783 END
START -7812 13424 -3748 347 -12 -118 607 680 678 632 783 END
START -7932 13540 -3656 4 -12 -379 607 680 678 632 782 END
START -8328 13504 -3348 -23 -452 -532 607 680 678 632 783 END
START -8156 13376 -3556 230 -305 -343 607 680 678 632 783 END
START -7812 13440 -3560 221 -382 -331 607 680 678 632 783 END
START -8144 13620 -3588 -75 -388 -444 607 680 678 632 783 END
START -8244 13580 -3420 -65 -247 -433 607 680 678 632 784 END
