START 0 0 0 0 0 0 568 673 662 625 770 END
START -5572 13576 3544 2967 3861 -8141 567 673 663 625 769 END
START -5644 13420 3632 150 -308 -199 568 673 662 625 770 END
START -5276 13488 3800 361 -120 -199 568 673 662 625 769 END
START -3996 13540 4460 618 1557 -214 568 673 662 625 770 END
START -7020 13472 3116 1136 4080 111 568 672 662 625 770 END
START -5808 13660 2576 1166 1327 53 568 672 662 624 770 END
START -5540 13816 2200 561 -285 38 568 672 662 624 770 END
START -5460 13896 2240 -83 -347 -263 568 673 661 623 769 END
START -5876 13696 2468 -577 -1070 -443 568 672 661 625 769 END
START -5528 13620 2580 -1131 -676 -330 568 673 662 625 770 END
START -5908 13468 3324 -1386 -1431 -232 568 672 662 625 773 END
START -5224 13440 3936 -1207 -344 -250 568 672 662 625 770 END
START -5624 13072 4144 -579 264 -202 567 673 662 625 770 END
START -5640 13296 4268 0 205 16 568 673 662 625 770 END
START -5528 13432 3864 348 370 113 568 673 662 625 770 END
START -5512 13356 3772 437 11 41 568 672 662 625 770 END
START -5844 13448 3372 361 -557 -93 568 675 661 625 772 END
START -5644 13440 3304 412 285 107 568 673 662 626 770 END
START -5012 13520 3828 530 -383 152 568 672 662 625 770 END
START -5364 13628 3120 449 19 -154 568 673 661 625 772 END
START -5268 13584 3532 33 106 -257 568 672 661 625 770 END
START -5456 13600 3772 327 -28 -280 567 672 661 625 771 END
START -5664 13524 3356 476 269 -340 568 673 662 625 772 END
START -5864 13616 3140 236 -525 -401 567 673 661 625 770 END
START -5168 13604 3540 322 -750 -22 568 673 662 626 771 END
START -5116 13568 3436 439 -608 -36 568 673 662 626 771 END
START -5224 13640 3272 514 -654 -361 568 673 662 627 771 END
START -5524 13644 3216 180 -421 -350 567 674 662 627 772 END
START -5592 13580 3300 -17 -116 -444 568 675 663 627 771 END
START -5396 13620 3528 -59 8 -415 568 675 663 627 771 END
START -6104 13300 3512 -18 -552 -406 569 675 663 627 770 END
START -5768 13408 3296 411 -318 -12 570 675 663 627 770 END
START -5368 13652 3400 514 -494 63 570 675 663 627 769 END
START -5252 13604 3492 470 -361 -251 570 675 663 627 770 END
START -5160 13628 3384 161 -400 -416 570 676 662 627 770 END
START -5492 13600 3224 3 -437 -434 570 674 662 627 770 END
START -5620 13520 3500 108 -25 -219 570 673 662 626 769 END
START -5592 13544 3484 332 96 -140 570 673 662 625 769 END
START -5348 13624 3164 333 -246 -340 570 673 662 624 768 END
