START 0 0 0 0 0 0 665 748 711 705 847 END
START 0 0 0 0 0 0 666 748 710 706 847 END
START 0 0 0 0 0 0 665 748 710 706 847 END
START 0 0 0 0 0 0 666 748 711 707 848 END
START 0 0 0 0 0 0 666 748 710 706 847 END
START 0 0 0 0 0 0 665 748 710 706 847 END
START 0 0 0 0 0 0 667 747 709 706 847 END
START 0 0 0 0 0 0 666 749 710 707 847 END
START 0 0 0 0 0 0 666 749 709 705 847 END
START 0 0 0 0 0 0 666 749 709 705 847 END
START 0 0 0 0 0 0 665 748 709 705 847 END
START 0 0 0 0 0 0 666 748 709 705 847 END
START 0 0 0 0 0 0 666 748 709 706 848 END
START 0 0 0 0 0 0 666 750 709 704 848 END
START 0 0 0 0 0 0 666 748 709 706 847 END
START 0 0 0 0 0 0 666 747 709 706 847 END
START 0 0 0 0 0 0 665 748 709 705 847 END
START 0 0 0 0 0 0 666 748 709 705 849 END
START 0 0 0 0 0 0 665 748 708 705 847 END
START 0 0 0 0 0 0 666 748 709 705 848 END
START 0 0 0 0 0 0 666 748 709 706 848 END
START 0 0 0 0 0 0 669 749 709 706 847 END
START 0 0 0 0 0 0 665 748 709 705 848 END
START 0 0 0 0 0 0 666 747 709 705 847 END
START 0 0 0 0 0 0 666 749 709 705 847 END
START 0 0 0 0 0 0 665 748 711 705 848 END
START 0 0 0 0 0 0 666 748 710 706 847 END
START 0 0 0 0 0 0 665 747 711 706 846 END
START 0 0 0 0 0 0 665 748 711 706 847 END
START 0 0 0 0 0 0 665 748 711 706 847 END
START 0 0 0 0 0 0 666 746 713 707 847 END
START 0 0 0 0 0 0 664 748 712 707 846 END
START 0 0 0 0 0 0 665 749 711 707 846 END
START 0 0 0 0 0 0 664 747 711 707 846 END
START 0 0 0 0 0 0 665 747 710 706 846 END
START 0 0 0 0 0 0 664 747 711 706 846 END
START 0 0 0 0 0 0 665 747 710 707 847 END
START 0 0 0 0 0 0 664 747 709 706 848 END
START 0 0 0 0 0 0 663 747 710 706 846 END
START 0 0 0 0 0 0 664 749 710 707 846 END
START 0 0 0 0 0 0 664 748 710 707 845 END
START 0 0 0 0 0 0 664 748 710 707 846 END
START 0 0 0 0 0 0 665 749 711 706 847 END
START 0 0 0 0 0 0 663 749 710 707 845 END
START 0 0 0 0 0 0 664 748 710 706 846 END
START 0 0 0 0 0 0 664 748 711 708 846 END
START 0 0 0 0 0 0 665 748 711 708 846 END
START 0 0 0 0 0 0 663 747 709 707 846 END
START 0 0 0 0 0 0 663 747 710 707 846 END
START 0 0 0 0 0 0 663 748 710 707 846 END
START 0 0 0 0 0 0 663 747 710 706 846 END
START 0 0 0 0 0 0 663 748 710 708 845 END
START 0 0 0 0 0 0 664 747 710 707 846 END
START 0 0 0 0 0 0 663 747 709 708 846 END
START 0 0 0 0 0 0 664 747 710 707 846 END
START 0 0 0 0 0 0 664 748 710 707 846 END
START 0 0 0 0 0 0 663 748 710 707 846 END
START 0 0 0 0 0 0 664 749 711 706 845 END
START 0 0 0 0 0 0 663 748 710 707 846 END
START 0 0 0 0 0 0 664 748 709 706 846 END
START 0 0 0 0 0 0 664 748 709 707 846 END
START 0 0 0 0 0 0 663 748 710 706 847 END
START 0 0 0 0 0 0 664 748 709 708 846 END
START 0 0 0 0 0 0 663 747 709 707 847 END
START 0 0 0 0 0 0 664 746 709 707 847 END
START 0 0 0 0 0 0 665 747 709 704 847 END
START 0 0 0 0 0 0 664 747 709 707 847 END
START 0 0 0 0 0 0 664 747 709 707 847 END
START 0 0 0 0 0 0 664 747 708 706 845 END
START 0 0 0 0 0 0 665 748 709 707 846 END
START 0 0 0 0 0 0 664 747 709 706 847 END
START 0 0 0 0 0 0 664 747 708 706 847 END
START 0 0 0 0 0 0 662 745 707 705 847 END
START 0 0 0 0 0 0 665 745 709 706 847 END
START 0 0 0 0 0 0 665 747 709 706 847 END
START 0 0 0 0 0 0 664 747 708 706 847 END
START 0 0 0 0 0 0 665 747 709 706 848 END
START 0 0 0 0 0 0 665 747 708 705 847 END
START 0 0 0 0 0 0 664 747 708 706 846 END
START 0 0 0 0 0 0 664 747 709 706 847 END
START 0 0 0 0 0 0 664 747 708 705 847 END
START 0 0 0 0 0 0 664 747 708 706 847 END
START 0 0 0 0 0 0 664 747 708 706 847 END
START 0 0 0 0 0 0 664 747 708 706 847 END
START 0 0 0 0 0 0 665 747 706 706 846 END
START 0 0 0 0 0 0 664 747 709 706 847 END
START 0 0 0 0 0 0 664 747 709 707 846 END
START 0 0 0 0 0 0 663 747 709 706 847 END
START 0 0 0 0 0 0 664 747 709 706 846 END
START 0 0 0 0 0 0 664 747 709 706 847 END
START 0 0 0 0 0 0 664 747 708 706 846 END
START 0 0 0 0 0 0 664 747 708 706 846 END
START 0 0 0 0 0 0 665 747 708 706 846 END
START 0 0 0 0 0 0 663 747 709 705 849 END
START 0 0 0 0 0 0 665 747 708 706 846 END
START 0 0 0 0 0 0 664 746 709 706 846 END
START 0 0 0 0 0 0 664 747 709 706 846 END
START 0 0 0 0 0 0 665 748 708 706 846 END
START 0 0 0 0 0 0 664 746 708 707 846 END
START 0 0 0 0 0 0 662 747 708 706 846 END
START 0 0 0 0 0 0 664 747 709 707 847 END
START 0 0 0 0 0 0 664 747 708 706 846 END
START 0 0 0 0 0 0 665 747 709 706 847 END
START 0 0 0 0 0 0 664 747 708 706 846 END
START 0 0 0 0 0 0 665 747 708 706 846 END
START 0 0 0 0 0 0 664 746 709 706 846 END
START 0 0 0 0 0 0 664 747 708 705 846 END
START 0 0 0 0 0 0 664 746 709 706 846 END
START 0 0 0 0 0 0 664 746 709 706 846 END
START 0 0 0 0 0 0 665 746 708 707 845 END
START 0 0 0 0 0 0 664 746 708 706 845 END
START 0 0 0 0 0 0 665 746 708 706 844 END
START 0 0 0 0 0 0 664 746 708 706 845 END
START 0 0 0 0 0 0 663 745 710 706 844 END
START 0 0 0 0 0 0 663 746 708 705 844 END
START 0 0 0 0 0 0 664 745 708 706 844 END
START 0 0 0 0 0 0 665 746 707 706 844 END
START 0 0 0 0 0 0 664 746 708 706 844 END
START 0 0 0 0 0 0 665 746 708 706 844 END
START 0 0 0 0 0 0 664 746 708 706 843 END
START 0 0 0 0 0 0 664 746 708 706 844 END
START 0 0 0 0 0 0 665 744 708 706 845 END
START 0 0 0 0 0 0 664 746 708 706 844 END
START 0 0 0 0 0 0 664 746 708 706 844 END
START 0 0 0 0 0 0 664 746 708 706 843 END
START 0 0 0 0 0 0 664 745 708 706 844 END
START 0 0 0 0 0 0 665 741 708 705 844 END
START 0 0 0 0 0 0 664 746 708 706 844 END
START 0 0 0 0 0 0 664 746 707 706 844 END
START 0 0 0 0 0 0 664 746 708 705 845 END
START 0 0 0 0 0 0 663 747 707 706 844 END
START 0 0 0 0 0 0 663 746 707 706 843 END
START 0 0 0 0 0 0 664 744 707 706 844 END
START 0 0 0 0 0 0 664 746 707 706 844 END
START 0 0 0 0 0 0 664 746 707 706 844 END
START 0 0 0 0 0 0 663 740 708 706 844 END
START 0 0 0 0 0 0 664 745 708 705 844 END
START 0 0 0 0 0 0 663 746 707 706 844 END
START 0 0 0 0 0 0 665 746 707 705 844 END
START 0 0 0 0 0 0 664 746 707 706 844 END
START 0 0 0 0 0 0 664 746 707 705 844 END
START 0 0 0 0 0 0 664 747 707 706 843 END
START 0 0 0 0 0 0 663 745 707 706 844 END
START 0 0 0 0 0 0 663 743 705 705 845 END
START 0 0 0 0 0 0 664 745 708 706 844 END
START 0 0 0 0 0 0 664 745 707 705 844 END
START 0 0 0 0 0 0 664 745 706 705 844 END
START 0 0 0 0 0 0 664 746 707 705 844 END
START 0 0 0 0 0 0 664 745 707 705 846 END
START 0 0 0 0 0 0 663 745 707 705 844 END
START 0 0 0 0 0 0 665 745 708 705 844 END
START 0 0 0 0 0 0 664 746 706 705 844 END
START 0 0 0 0 0 0 664 746 706 705 844 END
START 0 0 0 0 0 0 664 745 707 705 844 END
START 0 0 0 0 0 0 663 746 706 705 844 END
START 0 0 0 0 0 0 664 741 707 705 844 END
START 0 0 0 0 0 0 664 745 706 705 844 END
START 0 0 0 0 0 0 664 746 707 705 844 END
START 0 0 0 0 0 0 666 745 706 704 844 END
START 0 0 0 0 0 0 664 745 706 705 844 END
START 0 0 0 0 0 0 664 745 706 705 844 END
START 0 0 0 0 0 0 663 745 706 705 844 END
START 0 0 0 0 0 0 664 745 706 705 845 END
START 0 0 0 0 0 0 664 746 705 705 844 END
START 0 0 0 0 0 0 664 745 706 705 844 END
START 0 0 0 0 0 0 666 744 706 705 844 END
START 0 0 0 0 0 0 664 745 706 705 844 END
START 0 0 0 0 0 0 663 745 706 705 844 END
START 0 0 0 0 0 0 663 745 705 705 844 END
START 0 0 0 0 0 0 663 745 705 705 845 END
START 0 0 0 0 0 0 664 745 705 705 844 END
START 0 0 0 0 0 0 664 745 706 704 844 END
START 0 0 0 0 0 0 663 745 705 705 843 END
START 0 0 0 0 0 0 664 745 705 704 843 END
START 0 0 0 0 0 0 663 746 705 705 843 END
START 0 0 0 0 0 0 663 745 705 705 844 END
START 0 0 0 0 0 0 664 744 705 705 844 END
START 0 0 0 0 0 0 664 745 705 704 843 END
START 0 0 0 0 0 0 664 745 705 705 844 END
START 0 0 0 0 0 0 663 745 706 705 844 END
START 0 0 0 0 0 0 659 745 705 704 843 END
START 0 0 0 0 0 0 664 745 707 703 843 END
START 0 0 0 0 0 0 664 745 705 704 844 END
START 0 0 0 0 0 0 664 745 705 704 843 END
START 0 0 0 0 0 0 664 746 706 706 840 END
START 0 0 0 0 0 0 664 745 705 705 843 END
START 0 0 0 0 0 0 663 745 705 705 844 END
START 0 0 0 0 0 0 664 745 705 705 843 END
START 0 0 0 0 0 0 664 741 706 705 843 END
START 0 0 0 0 0 0 663 745 705 705 843 END
START 0 0 0 0 0 0 664 745 705 705 844 END
START 0 0 0 0 0 0 664 745 705 705 844 END
START 0 0 0 0 0 0 666 745 705 704 844 END
START 0 0 0 0 0 0 663 744 706 705 843 END
START 0 0 0 0 0 0 663 744 705 705 844 END
START 0 0 0 0 0 0 664 745 706 705 843 END
START 0 0 0 0 0 0 664 745 706 700 844 END
START 0 0 0 0 0 0 664 745 706 705 843 END
START 0 0 0 0 0 0 664 745 706 705 843 END
START 0 0 0 0 0 0 663 745 706 705 843 END
START 0 0 0 0 0 0 663 745 706 704 843 END
START 0 0 0 0 0 0 663 745 706 704 844 END
START 0 0 0 0 0 0 664 745 705 704 843 END
START 0 0 0 0 0 0 661 745 706 703 843 END
START 0 0 0 0 0 0 663 745 705 704 844 END
START 0 0 0 0 0 0 664 745 705 704 843 END
START 0 0 0 0 0 0 663 745 706 704 844 END
START 0 0 0 0 0 0 663 746 705 704 843 END
START 0 0 0 0 0 0 663 745 705 704 843 END
START 0 0 0 0 0 0 664 745 705 704 842 END
START 0 0 0 0 0 0 664 744 705 704 843 END
START 0 0 0 0 0 0 663 745 706 704 844 END
START 0 0 0 0 0 0 664 744 705 704 844 END
START 0 0 0 0 0 0 663 744 705 705 844 END
START 0 0 0 0 0 0 663 745 706 704 843 END
START 0 0 0 0 0 0 664 745 704 704 845 END
START 0 0 0 0 0 0 664 744 705 705 843 END
START 0 0 0 0 0 0 664 744 705 704 844 END
START 0 0 0 0 0 0 662 745 706 704 843 END
START 0 0 0 0 0 0 664 745 705 704 843 END
START 0 0 0 0 0 0 664 744 705 704 843 END
START 0 0 0 0 0 0 663 744 705 704 844 END
START 0 0 0 0 0 0 664 745 700 704 843 END
START 0 0 0 0 0 0 664 745 705 705 844 END
START 0 0 0 0 0 0 664 745 705 704 843 END
START 0 0 0 0 0 0 663 745 705 704 843 END
START 0 0 0 0 0 0 663 745 705 705 844 END
START 0 0 0 0 0 0 665 744 709 704 843 END
START 0 0 0 0 0 0 664 744 705 705 843 END
START 0 0 0 0 0 0 664 743 705 705 843 END
START 0 0 0 0 0 0 664 744 705 704 843 END
START 0 0 0 0 0 0 663 744 705 705 844 END
START 0 0 0 0 0 0 663 744 705 704 844 END
START 0 0 0 0 0 0 663 742 705 705 845 END
START 0 0 0 0 0 0 664 745 706 704 842 END
START 0 0 0 0 0 0 664 744 705 704 843 END
START 0 0 0 0 0 0 663 744 705 704 843 END
START 0 0 0 0 0 0 664 746 705 704 844 END
START 0 0 0 0 0 0 663 744 705 704 843 END
START 0 0 0 0 0 0 663 744 705 704 843 END
START 0 0 0 0 0 0 664 744 705 704 843 END
START 0 0 0 0 0 0 663 745 706 704 843 END
START 0 0 0 0 0 0 663 745 704 706 844 END
START 0 0 0 0 0 0 663 744 705 705 844 END
START 0 0 0 0 0 0 662 744 705 704 843 END
START 0 0 0 0 0 0 663 744 705 705 841 END
START 0 0 0 0 0 0 663 744 705 704 843 END
START 0 0 0 0 0 0 664 744 705 704 843 END
START 0 0 0 0 0 0 663 745 708 705 843 END
START 0 0 0 0 0 0 663 745 704 704 843 END
START 0 0 0 0 0 0 663 744 704 704 843 END
START 0 0 0 0 0 0 664 744 705 704 843 END
START 0 0 0 0 0 0 664 745 706 704 840 END
START 0 0 0 0 0 0 662 744 705 704 844 END
START 0 0 0 0 0 0 663 744 704 704 843 END
START 0 0 0 0 0 0 663 744 704 704 844 END
START 0 0 0 0 0 0 663 744 704 704 842 END
START 0 0 0 0 0 0 663 744 704 704 843 END
START 0 0 0 0 0 0 663 744 705 704 843 END
START 0 0 0 0 0 0 663 744 704 704 844 END
START 0 0 0 0 0 0 663 744 704 704 843 END
START 0 0 0 0 0 0 664 744 704 702 844 END
START 0 0 0 0 0 0 663 744 704 704 843 END
START 0 0 0 0 0 0 661 744 704 704 843 END
START 0 0 0 0 0 0 663 744 704 705 844 END
START 0 0 0 0 0 0 663 744 704 705 843 END
START 0 0 0 0 0 0 664 744 704 704 844 END
START 0 0 0 0 0 0 664 745 703 704 843 END
START 0 0 0 0 0 0 663 744 704 704 843 END
START 0 0 0 0 0 0 664 743 704 704 843 END
START 0 0 0 0 0 0 663 744 704 704 843 END
START 0 0 0 0 0 0 663 744 704 704 843 END
START 0 0 0 0 0 0 664 744 704 704 842 END
START 0 0 0 0 0 0 663 744 704 704 843 END
START 0 0 0 0 0 0 664 744 705 704 842 END
START 0 0 0 0 0 0 664 744 704 704 844 END
START 0 0 0 0 0 0 664 744 704 703 843 END
START 0 0 0 0 0 0 663 744 704 704 843 END
START 0 0 0 0 0 0 663 743 704 704 843 END
START 0 0 0 0 0 0 664 744 704 704 843 END
START 0 0 0 0 0 0 664 743 704 704 843 END
START 0 0 0 0 0 0 664 744 704 704 843 END
START 0 0 0 0 0 0 663 743 704 705 843 END
START 0 0 0 0 0 0 663 744 704 704 843 END
START 0 0 0 0 0 0 664 743 704 704 842 END
START 0 0 0 0 0 0 664 743 704 704 843 END
START 0 0 0 0 0 0 663 743 704 705 842 END
START 0 0 0 0 0 0 664 744 703 703 842 END
START 0 0 0 0 0 0 665 744 703 704 843 END
START 0 0 0 0 0 0 663 741 704 704 843 END
START 0 0 0 0 0 0 663 743 704 704 843 END
START 0 0 0 0 0 0 664 743 704 705 843 END
START 0 0 0 0 0 0 664 743 704 704 843 END
START 0 0 0 0 0 0 663 744 703 704 842 END
START 0 0 0 0 0 0 664 743 704 704 843 END
START 0 0 0 0 0 0 663 743 704 704 842 END
START 0 0 0 0 0 0 663 743 704 704 843 END
START 0 0 0 0 0 0 663 745 703 702 843 END
START 0 0 0 0 0 0 662 743 704 705 845 END
START 0 0 0 0 0 0 664 743 704 704 842 END
START 0 0 0 0 0 0 663 743 704 704 842 END
START 0 0 0 0 0 0 663 743 703 704 843 END
START 0 0 0 0 0 0 663 744 704 704 842 END
START 0 0 0 0 0 0 663 743 704 704 842 END
START 0 0 0 0 0 0 662 743 704 704 843 END
START 0 0 0 0 0 0 663 743 704 703 842 END
START 0 0 0 0 0 0 663 743 704 703 842 END
START 0 0 0 0 0 0 663 743 704 704 842 END
START 0 0 0 0 0 0 662 747 704 703 842 END
START 0 0 0 0 0 0 663 743 703 703 843 END
START 0 0 0 0 0 0 662 743 704 704 842 END
START 0 0 0 0 0 0 663 743 704 703 842 END
START 0 0 0 0 0 0 662 745 705 704 841 END
START 0 0 0 0 0 0 663 742 705 704 843 END
START 0 0 0 0 0 0 664 742 706 704 843 END
START 0 0 0 0 0 0 664 742 706 704 843 END
START 0 0 0 0 0 0 664 739 704 704 843 END
START 0 0 0 0 0 0 664 740 704 704 843 END
START 0 0 0 0 0 0 663 741 704 705 843 END
START 0 0 0 0 0 0 664 740 704 704 842 END
START 0 0 0 0 0 0 663 740 704 704 843 END
START 0 0 0 0 0 0 663 740 704 704 843 END
START 0 0 0 0 0 0 663 740 703 704 843 END
START 0 0 0 0 0 0 663 739 703 704 842 END
START 0 0 0 0 0 0 664 740 700 704 842 END
START 0 0 0 0 0 0 664 740 703 705 842 END
START 0 0 0 0 0 0 663 739 705 704 842 END
START 0 0 0 0 0 0 664 740 703 704 841 END
START 0 0 0 0 0 0 663 740 703 704 842 END
START 0 0 0 0 0 0 664 741 703 704 840 END
START 0 0 0 0 0 0 664 740 703 704 843 END
START 0 0 0 0 0 0 664 740 703 704 842 END
START 0 0 0 0 0 0 664 740 703 703 841 END
START 0 0 0 0 0 0 663 739 703 703 842 END
START 0 0 0 0 0 0 662 740 704 705 844 END
START 0 0 0 0 0 0 662 740 703 704 842 END
START 0 0 0 0 0 0 662 740 703 704 841 END
START 0 0 0 0 0 0 664 740 702 704 841 END
START 0 0 0 0 0 0 662 740 703 704 841 END
START 0 0 0 0 0 0 662 741 703 703 841 END
START 0 0 0 0 0 0 662 739 703 703 841 END
START 0 0 0 0 0 0 662 739 703 704 841 END
START 0 0 0 0 0 0 663 740 703 703 841 END
START 0 0 0 0 0 0 662 740 702 703 841 END
START 0 0 0 0 0 0 662 740 702 703 841 END
START 0 0 0 0 0 0 662 740 702 703 841 END
START 0 0 0 0 0 0 662 740 702 703 841 END
START 0 0 0 0 0 0 661 740 702 703 841 END
START 0 0 0 0 0 0 666 739 702 704 839 END
START 0 0 0 0 0 0 662 740 701 703 840 END
START 0 0 0 0 0 0 662 739 702 703 841 END
START 0 0 0 0 0 0 662 739 702 703 841 END
START 0 0 0 0 0 0 662 739 702 703 841 END
START 0 0 0 0 0 0 662 739 702 703 841 END
START 0 0 0 0 0 0 662 739 702 703 841 END
START 0 0 0 0 0 0 661 738 703 704 841 END
START 0 0 0 0 0 0 662 740 702 703 841 END
START 0 0 0 0 0 0 661 739 702 704 841 END
START 0 0 0 0 0 0 663 739 702 703 840 END
START 0 0 0 0 0 0 662 739 702 703 840 END
START 0 0 0 0 0 0 662 740 702 704 841 END
START 0 0 0 0 0 0 661 739 703 703 841 END
START 0 0 0 0 0 0 661 739 702 703 841 END
START 0 0 0 0 0 0 662 739 702 703 841 END
START 0 0 0 0 0 0 661 740 702 703 841 END
START 0 0 0 0 0 0 662 740 702 703 841 END
START 0 0 0 0 0 0 662 739 702 698 841 END
START 0 0 0 0 0 0 662 739 702 703 841 END
START 0 0 0 0 0 0 662 739 702 703 840 END
START 0 0 0 0 0 0 663 740 702 703 839 END
START 0 0 0 0 0 0 662 739 702 703 840 END
START 0 0 0 0 0 0 662 739 702 703 841 END
START 0 0 0 0 0 0 662 739 703 704 841 END
START 0 0 0 0 0 0 662 739 702 703 841 END
START 0 0 0 0 0 0 662 740 696 703 841 END
START 0 0 0 0 0 0 661 739 702 703 841 END
START 0 0 0 0 0 0 662 739 702 703 841 END
START 0 0 0 0 0 0 662 739 699 703 840 END
START 0 0 0 0 0 0 662 739 701 703 841 END
START 0 0 0 0 0 0 662 739 703 702 841 END
START 0 0 0 0 0 0 662 739 703 702 842 END
START 0 0 0 0 0 0 662 739 702 703 841 END
START 0 0 0 0 0 0 662 739 702 703 841 END
START 0 0 0 0 0 0 662 739 702 702 841 END
START 0 0 0 0 0 0 662 739 701 703 841 END
START 0 0 0 0 0 0 662 742 702 702 841 END
START 0 0 0 0 0 0 662 739 702 702 841 END
START 0 0 0 0 0 0 656 739 702 702 841 END
START 0 0 0 0 0 0 661 739 703 703 842 END
START 0 0 0 0 0 0 662 739 702 703 841 END
START 0 0 0 0 0 0 662 739 701 702 841 END
START 0 0 0 0 0 0 661 739 702 703 841 END
START 0 0 0 0 0 0 662 740 703 703 841 END
START 0 0 0 0 0 0 662 736 702 703 841 END
START 0 0 0 0 0 0 661 739 702 703 841 END
START 0 0 0 0 0 0 658 738 702 703 841 END
START 0 0 0 0 0 0 662 739 702 702 841 END
START 0 0 0 0 0 0 661 739 701 702 841 END
START 0 0 0 0 0 0 661 739 701 703 841 END
START 0 0 0 0 0 0 661 739 702 702 841 END
START 0 0 0 0 0 0 662 740 702 703 842 END
START 0 0 0 0 0 0 661 741 702 702 841 END
START 0 0 0 0 0 0 661 738 701 703 842 END
START 0 0 0 0 0 0 662 738 701 703 841 END
START 0 0 0 0 0 0 662 739 702 703 841 END
START 0 0 0 0 0 0 662 739 701 703 842 END
START 0 0 0 0 0 0 661 739 701 702 841 END
START 0 0 0 0 0 0 662 739 701 702 840 END
START 0 0 0 0 0 0 662 739 701 702 841 END
START 0 0 0 0 0 0 662 739 701 702 841 END
START 0 0 0 0 0 0 662 739 701 703 841 END
START 0 0 0 0 0 0 661 740 701 703 841 END
START 0 0 0 0 0 0 662 739 701 702 841 END
START 0 0 0 0 0 0 661 739 701 702 841 END
START 0 0 0 0 0 0 661 737 703 703 841 END
START 0 0 0 0 0 0 662 739 701 702 841 END
START 0 0 0 0 0 0 661 739 701 703 841 END
START 0 0 0 0 0 0 662 739 701 702 841 END
START 0 0 0 0 0 0 661 739 701 702 841 END
START 0 0 0 0 0 0 662 739 701 702 841 END
START 0 0 0 0 0 0 663 738 701 702 841 END
START 0 0 0 0 0 0 662 738 701 702 840 END
START 0 0 0 0 0 0 662 739 701 703 841 END
START 0 0 0 0 0 0 662 737 701 702 841 END
START 0 0 0 0 0 0 662 738 701 702 841 END
START 0 0 0 0 0 0 662 739 699 703 841 END
START 0 0 0 0 0 0 662 739 701 702 841 END
START 0 0 0 0 0 0 661 739 701 703 842 END
START 0 0 0 0 0 0 662 739 701 702 841 END
START 0 0 0 0 0 0 661 739 701 702 842 END
START 0 0 0 0 0 0 661 739 701 701 842 END
START 0 0 0 0 0 0 662 739 701 702 842 END
START 0 0 0 0 0 0 661 738 701 702 841 END
START 0 0 0 0 0 0 662 738 697 702 841 END
START 0 0 0 0 0 0 661 738 701 702 841 END
START 0 0 0 0 0 0 661 738 701 702 841 END
START 0 0 0 0 0 0 660 741 701 701 841 END
START 0 0 0 0 0 0 662 739 701 702 841 END
START 0 0 0 0 0 0 661 739 701 702 842 END
START 0 0 0 0 0 0 661 739 701 702 841 END
START 0 0 0 0 0 0 663 739 701 702 842 END
START 0 0 0 0 0 0 662 739 701 702 841 END
START 0 0 0 0 0 0 661 739 701 702 840 END
START 0 0 0 0 0 0 661 738 702 702 841 END
START 0 0 0 0 0 0 661 739 701 702 841 END
START 0 0 0 0 0 0 661 739 701 702 842 END
START 0 0 0 0 0 0 661 739 701 703 841 END
START 0 0 0 0 0 0 661 739 701 702 840 END
START 0 0 0 0 0 0 661 739 701 702 841 END
START 0 0 0 0 0 0 661 737 701 702 841 END
START 0 0 0 0 0 0 661 739 701 703 841 END
START 0 0 0 0 0 0 661 739 701 702 841 END
START 0 0 0 0 0 0 662 739 701 703 841 END
START 0 0 0 0 0 0 662 738 702 703 841 END
START 0 0 0 0 0 0 661 739 701 702 841 END
START 0 0 0 0 0 0 661 739 701 702 841 END
START 0 0 0 0 0 0 662 739 701 702 841 END
START 0 0 0 0 0 0 661 739 701 702 841 END
START 0 0 0 0 0 0 661 739 700 703 841 END
START 0 0 0 0 0 0 662 739 701 703 841 END
START 0 0 0 0 0 0 663 739 701 702 841 END
START 0 0 0 0 0 0 662 739 701 703 841 END
START 0 0 0 0 0 0 662 739 701 702 841 END
START 0 0 0 0 0 0 662 739 701 702 841 END
START 0 0 0 0 0 0 661 739 701 702 841 END
START 0 0 0 0 0 0 661 741 701 702 840 END
START 0 0 0 0 0 0 662 739 701 702 841 END
START 0 0 0 0 0 0 662 739 701 703 841 END
START 0 0 0 0 0 0 662 739 701 703 840 END
START 0 0 0 0 0 0 661 737 701 702 840 END
START 0 0 0 0 0 0 661 739 701 702 841 END
START 0 0 0 0 0 0 661 739 700 702 841 END
START 0 0 0 0 0 0 662 739 700 702 841 END
START 0 0 0 0 0 0 661 739 701 703 841 END
START 0 0 0 0 0 0 664 738 701 702 841 END
START 0 0 0 0 0 0 661 740 700 703 841 END
START 0 0 0 0 0 0 661 739 701 702 841 END
START 0 0 0 0 0 0 660 739 700 702 843 END
START 0 0 0 0 0 0 662 737 701 700 840 END
START 0 0 0 0 0 0 661 738 700 702 841 END
START 0 0 0 0 0 0 661 739 700 702 841 END
START 0 0 0 0 0 0 661 738 701 702 841 END
START 0 0 0 0 0 0 662 737 702 702 841 END
START 0 0 0 0 0 0 661 739 701 702 841 END
START 0 0 0 0 0 0 661 738 700 702 840 END
START 0 0 0 0 0 0 662 738 701 702 841 END
START 0 0 0 0 0 0 661 739 701 702 841 END
START 0 0 0 0 0 0 661 739 701 702 841 END
START 0 0 0 0 0 0 661 738 701 702 841 END
START 0 0 0 0 0 0 661 738 704 703 840 END
START 0 0 0 0 0 0 662 738 701 702 840 END
START 0 0 0 0 0 0 661 738 700 702 841 END
START 0 0 0 0 0 0 661 738 700 702 841 END
START 0 0 0 0 0 0 662 739 701 701 841 END
START 0 0 0 0 0 0 661 738 700 702 841 END
START 0 0 0 0 0 0 663 739 701 702 841 END
START 0 0 0 0 0 0 662 738 700 702 841 END
START 0 0 0 0 0 0 662 738 700 702 839 END
START 0 0 0 0 0 0 661 737 703 699 841 END
START 0 0 0 0 0 0 662 738 700 702 840 END
