START 0 0 0 0 0 0 685 782 589 540 699 END
START 0 0 0 0 0 0 685 782 589 540 699 END
START 0 0 0 0 0 0 684 782 589 539 698 END
START 0 0 0 0 0 0 683 781 587 538 697 END
START 0 0 0 0 0 0 683 782 587 537 696 END
START 0 0 0 0 0 0 684 781 586 536 695 END
START 0 0 0 0 0 0 683 781 586 534 693 END
START 0 0 0 0 0 0 683 781 585 532 691 END
START 0 0 0 0 0 0 683 781 584 531 689 END
START 0 0 0 0 0 0 683 781 584 531 690 END
START 0 0 0 0 0 0 683 780 584 531 690 END
START 0 0 0 0 0 0 682 779 583 531 688 END
START 0 0 0 0 0 0 682 780 584 531 688 END
START 0 0 0 0 0 0 682 780 583 531 689 END
START 0 0 0 0 0 0 681 780 584 531 689 END
START 0 0 0 0 0 0 681 780 583 531 690 END
START 0 0 0 0 0 0 681 779 583 531 689 END
START 0 0 0 0 0 0 681 780 583 531 689 END
START 0 0 0 0 0 0 680 779 584 531 688 END
START 0 0 0 0 0 0 681 779 583 531 688 END
START 0 0 0 0 0 0 679 777 584 532 689 END
START 0 0 0 0 0 0 677 776 584 532 689 END
START 0 0 0 0 0 0 677 776 584 532 688 END
START 0 0 0 0 0 0 675 776 584 532 690 END
START 0 0 0 0 0 0 676 775 584 532 689 END
START 0 0 0 0 0 0 676 776 585 533 689 END
START 0 0 0 0 0 0 677 776 585 532 689 END
START 0 0 0 0 0 0 676 776 585 533 688 END
START 0 0 0 0 0 0 676 776 585 533 688 END
START 0 0 0 0 0 0 676 776 585 533 688 END
START 0 0 0 0 0 0 675 776 585 533 689 END
START 0 0 0 0 0 0 675 775 585 533 690 END
START 0 0 0 0 0 0 675 775 585 533 690 END
START 0 0 0 0 0 0 676 775 585 533 693 END
START 0 0 0 0 0 0 675 776 586 533 691 END
START 0 0 0 0 0 0 675 775 586 533 691 END
START 0 0 0 0 0 0 676 776 586 533 691 END
START 0 0 0 0 0 0 676 775 586 534 692 END
START 0 0 0 0 0 0 676 776 586 534 692 END
START 0 0 0 0 0 0 675 775 586 534 693 END
START 0 0 0 0 0 0 676 776 586 534 693 END
START 0 0 0 0 0 0 675 775 586 534 694 END
START 0 0 0 0 0 0 675 775 587 535 695 END
START 0 0 0 0 0 0 675 775 586 535 695 END
START 0 0 0 0 0 0 676 775 587 535 695 END
START 0 0 0 0 0 0 676 775 587 535 695 END
START 0 0 0 0 0 0 675 775 586 536 696 END
START 0 0 0 0 0 0 674 774 586 536 696 END
START 0 0 0 0 0 0 675 775 587 536 694 END
START 0 0 0 0 0 0 675 775 587 536 694 END
START 0 0 0 0 0 0 675 774 587 535 693 END
START 0 0 0 0 0 0 674 774 587 536 693 END
START 0 0 0 0 0 0 674 776 586 535 693 END
START 0 0 0 0 0 0 675 774 586 535 692 END
START 0 0 0 0 0 0 674 775 586 535 692 END
START 0 0 0 0 0 0 674 774 586 535 693 END
START 0 0 0 0 0 0 674 775 586 535 693 END
START 0 0 0 0 0 0 675 775 587 535 693 END
START 0 0 0 0 0 0 675 774 587 535 693 END
START 0 0 0 0 0 0 675 774 586 535 693 END
START 0 0 0 0 0 0 674 774 587 535 695 END
START 0 0 0 0 0 0 673 773 586 535 694 END
START 0 0 0 0 0 0 674 774 586 535 695 END
START 0 0 0 0 0 0 674 774 586 536 696 END
START 0 0 0 0 0 0 674 775 587 536 696 END
START 0 0 0 0 0 0 674 774 586 536 697 END
START 0 0 0 0 0 0 674 774 586 536 697 END
START 0 0 0 0 0 0 674 774 586 536 697 END
START 0 0 0 0 0 0 673 773 587 536 697 END
START 0 0 0 0 0 0 673 774 586 536 697 END
START 0 0 0 0 0 0 673 774 587 536 696 END
START 0 0 0 0 0 0 675 774 586 536 697 END
START 0 0 0 0 0 0 673 773 586 536 697 END
START 0 0 0 0 0 0 673 773 586 536 698 END
START 0 0 0 0 0 0 673 774 586 536 698 END
START 0 0 0 0 0 0 673 774 586 536 700 END
START 0 0 0 0 0 0 673 773 586 536 700 END
START 0 0 0 0 0 0 673 773 586 536 701 END
START 0 0 0 0 0 0 673 774 586 536 701 END
START 0 0 0 0 0 0 672 773 586 536 701 END
START 0 0 0 0 0 0 672 773 585 535 701 END
START 0 0 0 0 0 0 672 773 586 536 701 END
START 0 0 0 0 0 0 672 773 586 536 702 END
START 0 0 0 0 0 0 672 773 585 536 702 END
START 0 0 0 0 0 0 671 773 586 536 703 END
START 0 0 0 0 0 0 670 772 586 536 704 END
START 0 0 0 0 0 0 671 772 586 536 704 END
START 0 0 0 0 0 0 670 772 586 536 704 END
START 0 0 0 0 0 0 670 772 586 536 704 END
START 0 0 0 0 0 0 669 772 587 536 703 END
START 0 0 0 0 0 0 669 771 586 536 703 END
START 0 0 0 0 0 0 669 772 586 536 701 END
START 0 0 0 0 0 0 669 772 586 536 702 END
START 0 0 0 0 0 0 669 772 586 536 702 END
START 0 0 0 0 0 0 669 772 587 536 701 END
START 0 0 0 0 0 0 669 772 586 536 701 END
START 0 0 0 0 0 0 669 772 587 536 701 END
START 0 0 0 0 0 0 669 772 587 536 702 END
START 0 0 0 0 0 0 668 771 585 535 702 END
START 0 0 0 0 0 0 669 771 585 535 702 END
START 0 0 0 0 0 0 669 771 585 535 702 END
START 0 0 0 0 0 0 669 772 585 534 703 END
START 0 0 0 0 0 0 669 772 585 534 703 END
START 0 0 0 0 0 0 669 771 584 534 702 END
START 0 0 0 0 0 0 668 771 585 534 702 END
START 0 0 0 0 0 0 668 770 584 534 701 END
START 0 0 0 0 0 0 669 772 583 533 700 END
START 0 0 0 0 0 0 669 771 583 533 700 END
START 0 0 0 0 0 0 669 771 583 533 700 END
START 0 0 0 0 0 0 669 771 582 533 700 END
START 0 0 0 0 0 0 671 772 582 533 699 END
START 0 0 0 0 0 0 675 774 582 533 699 END
START 0 0 0 0 0 0 678 774 582 533 699 END
START 0 0 0 0 0 0 681 776 582 533 699 END
START 0 0 0 0 0 0 683 776 582 533 699 END
START 0 0 0 0 0 0 684 778 582 534 699 END
START 0 0 0 0 0 0 687 778 583 534 700 END
START 0 0 0 0 0 0 688 778 583 534 700 END
START 0 0 0 0 0 0 689 778 584 535 700 END
START 0 0 0 0 0 0 689 779 584 535 701 END
START 0 0 0 0 0 0 689 777 585 539 701 END
START 0 0 0 0 0 0 689 779 585 543 701 END
START 0 0 0 0 0 0 690 778 586 544 702 END
START 0 0 0 0 0 0 691 777 586 544 701 END
START 0 0 0 0 0 0 693 779 586 544 702 END
START 0 0 0 0 0 0 693 780 587 544 702 END
START 0 0 0 0 0 0 696 781 588 545 702 END
START 0 0 0 0 0 0 697 781 588 545 703 END
START 0 0 0 0 0 0 697 783 589 545 703 END
START 0 0 0 0 0 0 697 781 589 545 703 END
START 0 0 0 0 0 0 696 781 589 546 703 END
START 0 0 0 0 0 0 696 782 589 546 703 END
START 0 0 0 0 0 0 696 781 590 546 703 END
START 0 0 0 0 0 0 696 780 589 545 702 END
START 0 0 0 0 0 0 694 779 589 545 702 END
START 0 0 0 0 0 0 694 781 589 545 703 END
START 0 0 0 0 0 0 690 779 589 546 703 END
START 0 0 0 0 0 0 690 777 589 545 703 END
START 0 0 0 0 0 0 689 778 590 546 703 END
START 0 0 0 0 0 0 688 778 589 545 703 END
START 0 0 0 0 0 0 687 777 589 545 703 END
START 0 0 0 0 0 0 686 778 589 546 703 END
START 0 0 0 0 0 0 685 777 589 545 703 END
START 0 0 0 0 0 0 685 777 588 545 703 END
START 0 0 0 0 0 0 684 776 588 545 702 END
START 0 0 0 0 0 0 685 776 588 545 703 END
START 0 0 0 0 0 0 685 776 588 545 703 END
START 0 0 0 0 0 0 685 777 588 544 703 END
START 0 0 0 0 0 0 684 778 588 544 702 END
START 0 0 0 0 0 0 685 777 588 544 702 END
START 0 0 0 0 0 0 684 776 588 544 702 END
START 0 0 0 0 0 0 685 777 588 544 703 END
START 0 0 0 0 0 0 685 777 588 545 703 END
START 0 0 0 0 0 0 684 777 588 545 702 END
START 0 0 0 0 0 0 684 777 587 545 703 END
START 0 0 0 0 0 0 683 777 587 544 703 END
START 0 0 0 0 0 0 684 776 587 543 703 END
START 0 0 0 0 0 0 683 775 585 540 702 END
START 0 0 0 0 0 0 683 776 584 539 702 END
START 0 0 0 0 0 0 684 776 584 537 702 END
START 0 0 0 0 0 0 683 777 583 537 701 END
START 0 0 0 0 0 0 684 777 583 536 701 END
START 0 0 0 0 0 0 683 775 582 535 701 END
START 0 0 0 0 0 0 684 776 583 536 701 END
START 0 0 0 0 0 0 683 775 583 536 701 END
START 0 0 0 0 0 0 684 775 583 535 701 END
START 0 0 0 0 0 0 683 776 580 533 701 END
START 0 0 0 0 0 0 683 775 575 528 700 END
START 0 0 0 0 0 0 683 775 573 526 700 END
START 0 0 0 0 0 0 683 775 572 526 699 END
START 0 0 0 0 0 0 682 774 572 526 699 END
START 0 0 0 0 0 0 682 775 572 526 699 END
START 0 0 0 0 0 0 683 775 572 526 699 END
START 0 0 0 0 0 0 683 775 571 526 699 END
START 0 0 0 0 0 0 682 775 572 526 699 END
START 0 0 0 0 0 0 683 775 572 526 698 END
START 0 0 0 0 0 0 683 774 572 526 698 END
START 0 0 0 0 0 0 683 774 572 527 699 END
START 0 0 0 0 0 0 683 775 572 527 699 END
START 0 0 0 0 0 0 683 774 572 527 698 END
START 0 0 0 0 0 0 683 775 572 527 699 END
START 0 0 0 0 0 0 682 774 572 527 698 END
START 0 0 0 0 0 0 682 774 572 527 698 END
START 0 0 0 0 0 0 683 774 572 527 698 END
START 0 0 0 0 0 0 682 774 572 527 698 END
START 0 0 0 0 0 0 682 774 572 527 698 END
START 0 0 0 0 0 0 683 774 572 527 698 END
START 0 0 0 0 0 0 682 774 572 527 698 END
START 0 0 0 0 0 0 683 774 573 527 698 END
START 0 0 0 0 0 0 682 774 572 527 698 END
START 0 0 0 0 0 0 683 774 572 527 698 END
START 0 0 0 0 0 0 682 775 573 527 698 END
START 0 0 0 0 0 0 683 774 573 527 698 END
START 0 0 0 0 0 0 683 774 572 527 698 END
START 0 0 0 0 0 0 683 774 572 527 699 END
START 0 0 0 0 0 0 682 773 572 527 698 END
START 0 0 0 0 0 0 682 773 572 528 698 END
START 0 0 0 0 0 0 682 773 572 527 698 END
START 0 0 0 0 0 0 683 774 572 527 697 END
START 0 0 0 0 0 0 682 773 572 527 697 END
START 0 0 0 0 0 0 682 773 572 527 697 END
START 0 0 0 0 0 0 682 773 572 527 697 END
START 0 0 0 0 0 0 682 773 572 527 697 END
START 0 0 0 0 0 0 682 773 572 527 697 END
START 0 0 0 0 0 0 683 773 572 527 697 END
START 0 0 0 0 0 0 682 773 572 527 697 END
START 0 0 0 0 0 0 682 773 572 527 697 END
START 0 0 0 0 0 0 682 773 572 527 698 END
START 0 0 0 0 0 0 682 773 572 527 697 END
START 0 0 0 0 0 0 682 773 572 527 698 END
START 0 0 0 0 0 0 682 773 572 527 698 END
START 0 0 0 0 0 0 683 773 572 527 697 END
START 0 0 0 0 0 0 682 774 572 527 698 END
START 0 0 0 0 0 0 683 773 571 527 699 END
START 0 0 0 0 0 0 683 774 571 527 698 END
START 0 0 0 0 0 0 682 772 570 527 698 END
START 0 0 0 0 0 0 682 773 571 527 698 END
START 0 0 0 0 0 0 682 773 571 527 698 END
START 0 0 0 0 0 0 682 773 571 527 698 END
START 0 0 0 0 0 0 683 774 571 527 698 END
START 0 0 0 0 0 0 682 772 570 527 698 END
START 0 0 0 0 0 0 683 773 571 527 699 END
START 0 0 0 0 0 0 682 773 570 527 698 END
START 0 0 0 0 0 0 683 773 571 527 698 END
START 0 0 0 0 0 0 683 773 570 527 699 END
START 0 0 0 0 0 0 683 773 570 527 699 END
START 0 0 0 0 0 0 685 773 570 527 698 END
START 0 0 0 0 0 0 683 773 571 527 697 END
START 0 0 0 0 0 0 682 772 571 527 698 END
START 0 0 0 0 0 0 682 772 570 527 698 END
START 0 0 0 0 0 0 683 773 570 527 699 END
START 0 0 0 0 0 0 684 773 571 527 698 END
START 0 0 0 0 0 0 686 773 571 527 698 END
START 0 0 0 0 0 0 687 774 571 527 698 END
START 0 0 0 0 0 0 687 774 571 527 698 END
START 0 0 0 0 0 0 686 773 571 527 698 END
START 0 0 0 0 0 0 686 773 571 527 698 END
START 0 0 0 0 0 0 686 773 571 527 698 END
START 0 0 0 0 0 0 687 773 571 527 698 END
START 0 0 0 0 0 0 686 773 571 527 698 END
START 0 0 0 0 0 0 686 774 571 527 698 END
START 0 0 0 0 0 0 686 773 571 528 698 END
START 0 0 0 0 0 0 686 773 571 527 698 END
START 0 0 0 0 0 0 685 773 571 527 697 END
START 0 0 0 0 0 0 686 773 571 527 698 END
START 0 0 0 0 0 0 685 772 571 527 697 END
START 0 0 0 0 0 0 685 773 571 527 698 END
START 0 0 0 0 0 0 684 772 571 527 699 END
START 0 0 0 0 0 0 684 773 572 527 697 END
START 0 0 0 0 0 0 684 772 571 527 697 END
START 0 0 0 0 0 0 684 772 571 527 697 END
START 0 0 0 0 0 0 685 773 571 527 696 END
START 0 0 0 0 0 0 684 772 571 527 696 END
START 0 0 0 0 0 0 683 773 571 527 696 END
START 0 0 0 0 0 0 683 773 572 527 697 END
START 0 0 0 0 0 0 683 773 572 527 697 END
START 0 0 0 0 0 0 683 773 572 527 696 END
START 0 0 0 0 0 0 684 772 571 526 697 END
START 0 0 0 0 0 0 683 773 571 527 696 END
START 0 0 0 0 0 0 683 773 572 527 696 END
START 0 0 0 0 0 0 683 773 571 527 695 END
START 0 0 0 0 0 0 683 772 572 527 695 END
START 0 0 0 0 0 0 683 772 571 527 695 END
START 0 0 0 0 0 0 684 773 571 527 695 END
START 0 0 0 0 0 0 683 773 571 527 696 END
START 0 0 0 0 0 0 683 773 572 527 696 END
START 0 0 0 0 0 0 683 773 571 527 695 END
START 0 0 0 0 0 0 683 772 572 527 695 END
START 0 0 0 0 0 0 683 773 571 527 695 END
START 0 0 0 0 0 0 684 773 571 527 695 END
START 0 0 0 0 0 0 683 773 571 527 695 END
START 0 0 0 0 0 0 684 772 571 527 694 END
START 0 0 0 0 0 0 683 773 572 527 695 END
START 0 0 0 0 0 0 683 773 571 527 695 END
START 0 0 0 0 0 0 683 773 572 527 696 END
START 0 0 0 0 0 0 683 772 571 527 695 END
START 0 0 0 0 0 0 684 773 571 527 695 END
START 0 0 0 0 0 0 683 772 571 527 695 END
START 0 0 0 0 0 0 682 772 571 527 695 END
START 0 0 0 0 0 0 683 772 571 527 696 END
START 0 0 0 0 0 0 682 772 571 527 696 END
START 0 0 0 0 0 0 683 773 572 527 697 END
START 0 0 0 0 0 0 683 772 571 527 696 END
START 0 0 0 0 0 0 683 772 571 527 696 END
START 0 0 0 0 0 0 683 772 572 527 696 END
START 0 0 0 0 0 0 683 772 571 527 696 END
START 0 0 0 0 0 0 683 773 572 527 696 END
START 0 0 0 0 0 0 683 772 572 527 694 END
START 0 0 0 0 0 0 682 772 572 527 696 END
START 0 0 0 0 0 0 682 773 572 527 696 END
START 0 0 0 0 0 0 683 772 572 527 696 END
START 0 0 0 0 0 0 683 772 571 527 696 END
START 0 0 0 0 0 0 682 772 571 527 696 END
START 0 0 0 0 0 0 682 772 572 527 696 END
START 0 0 0 0 0 0 683 772 572 527 697 END
START 0 0 0 0 0 0 682 772 572 527 696 END
START 0 0 0 0 0 0 683 772 572 527 697 END
START 0 0 0 0 0 0 683 772 572 527 696 END
START 0 0 0 0 0 0 682 772 571 527 696 END
START 0 0 0 0 0 0 682 772 571 527 697 END
START 0 0 0 0 0 0 682 771 571 527 696 END
START 0 0 0 0 0 0 683 772 571 527 697 END
START 0 0 0 0 0 0 685 771 571 527 696 END
START 0 0 0 0 0 0 687 773 572 527 696 END
START 0 0 0 0 0 0 687 773 572 528 696 END
START 0 0 0 0 0 0 686 774 573 528 697 END
START 0 0 0 0 0 0 686 774 574 528 696 END
START 0 0 0 0 0 0 686 774 574 528 696 END
START 0 0 0 0 0 0 686 773 574 528 696 END
START 0 0 0 0 0 0 686 773 574 528 696 END
START 0 0 0 0 0 0 686 774 574 528 696 END
START 0 0 0 0 0 0 685 773 573 527 696 END
START 0 0 0 0 0 0 685 773 574 528 696 END
START 0 0 0 0 0 0 685 773 574 528 696 END
START 0 0 0 0 0 0 685 773 573 528 696 END
START 0 0 0 0 0 0 686 773 574 528 695 END
START 0 0 0 0 0 0 685 773 574 528 695 END
START 0 0 0 0 0 0 684 772 573 528 695 END
START 0 0 0 0 0 0 685 773 574 527 697 END
START 0 0 0 0 0 0 685 773 574 528 695 END
START 0 0 0 0 0 0 684 773 574 528 696 END
START 0 0 0 0 0 0 685 772 573 528 695 END
START 0 0 0 0 0 0 684 773 574 528 695 END
START 0 0 0 0 0 0 684 772 574 528 694 END
START 0 0 0 0 0 0 684 773 574 528 694 END
START 0 0 0 0 0 0 685 773 574 528 694 END
START 0 0 0 0 0 0 685 773 574 528 694 END
START 0 0 0 0 0 0 685 773 574 528 695 END
START 0 0 0 0 0 0 684 772 574 528 694 END
START 0 0 0 0 0 0 685 772 574 528 693 END
START 0 0 0 0 0 0 684 772 573 528 694 END
START 0 0 0 0 0 0 684 772 574 528 694 END
START 0 0 0 0 0 0 684 772 574 528 694 END
START 0 0 0 0 0 0 684 773 574 528 695 END
START 0 0 0 0 0 0 683 772 574 528 694 END
START 0 0 0 0 0 0 683 771 574 528 694 END
START 0 0 0 0 0 0 683 772 574 528 694 END
START 0 0 0 0 0 0 684 772 574 528 694 END
START 0 0 0 0 0 0 683 772 574 529 694 END
START 0 0 0 0 0 0 684 771 573 528 694 END
START 0 0 0 0 0 0 684 772 574 529 694 END
START 0 0 0 0 0 0 684 772 574 528 694 END
START 0 0 0 0 0 0 683 772 574 528 694 END
START 0 0 0 0 0 0 683 772 574 528 694 END
START 0 0 0 0 0 0 683 771 574 528 694 END
START 0 0 0 0 0 0 683 772 574 528 693 END
START 0 0 0 0 0 0 683 771 573 528 694 END
START 0 0 0 0 0 0 683 771 574 528 694 END
START 0 0 0 0 0 0 683 772 574 528 694 END
START 0 0 0 0 0 0 683 771 574 528 694 END
START 0 0 0 0 0 0 683 771 574 529 694 END
START 0 0 0 0 0 0 683 771 574 529 694 END
START 0 0 0 0 0 0 682 771 574 529 694 END
START 0 0 0 0 0 0 682 771 574 528 694 END
START 0 0 0 0 0 0 682 772 574 529 694 END
START 0 0 0 0 0 0 681 770 574 528 694 END
START 0 0 0 0 0 0 682 771 574 529 694 END
START 0 0 0 0 0 0 682 771 574 528 694 END
START 0 0 0 0 0 0 683 771 574 529 694 END
START 0 0 0 0 0 0 682 770 573 528 694 END
START 0 0 0 0 0 0 682 772 574 529 694 END
START 0 0 0 0 0 0 682 771 574 528 693 END
START 0 0 0 0 0 0 682 771 574 529 694 END
START 0 0 0 0 0 0 683 770 574 528 694 END
START 0 0 0 0 0 0 682 771 574 528 694 END
START 0 0 0 0 0 0 682 771 574 528 694 END
START 0 0 0 0 0 0 682 771 574 529 694 END
START 0 0 0 0 0 0 681 770 574 529 694 END
START 0 0 0 0 0 0 682 771 574 528 694 END
START 0 0 0 0 0 0 682 770 574 528 693 END
START 0 0 0 0 0 0 682 771 574 529 694 END
START 0 0 0 0 0 0 681 773 574 529 694 END
START 0 0 0 0 0 0 682 771 574 529 694 END
START 0 0 0 0 0 0 682 771 574 528 694 END
START 0 0 0 0 0 0 682 770 573 528 694 END
START 0 0 0 0 0 0 681 771 574 529 694 END
START 0 0 0 0 0 0 682 770 574 529 694 END
START 0 0 0 0 0 0 681 771 574 529 694 END
START 0 0 0 0 0 0 681 771 574 529 694 END
START 0 0 0 0 0 0 681 770 574 529 694 END
START 0 0 0 0 0 0 681 770 574 529 694 END
START 0 0 0 0 0 0 682 771 574 528 694 END
START 0 0 0 0 0 0 682 770 574 529 694 END
START 0 0 0 0 0 0 682 771 574 529 694 END
START 0 0 0 0 0 0 681 770 574 529 694 END
START 0 0 0 0 0 0 682 770 574 529 694 END
START 0 0 0 0 0 0 681 770 574 529 694 END
START 0 0 0 0 0 0 682 770 575 529 694 END
START 0 0 0 0 0 0 681 770 574 529 695 END
START 0 0 0 0 0 0 681 770 575 529 694 END
START 0 0 0 0 0 0 681 770 574 529 694 END
START 0 0 0 0 0 0 682 770 575 529 696 END
START 0 0 0 0 0 0 681 770 575 529 696 END
START 0 0 0 0 0 0 682 770 575 530 696 END
START 0 0 0 0 0 0 681 770 574 529 695 END
START 0 0 0 0 0 0 681 770 575 530 695 END
START 0 0 0 0 0 0 682 770 575 529 695 END
START 0 0 0 0 0 0 682 770 575 530 695 END
START 0 0 0 0 0 0 681 770 575 530 695 END
START 0 0 0 0 0 0 681 771 575 529 695 END
