START 0 0 0 0 0 0 585 609 546 730 887 END
START 0 0 0 0 0 0 584 609 545 729 886 END
START 0 0 0 0 0 0 585 610 546 729 886 END
START 0 0 0 0 0 0 585 609 545 729 886 END
START 0 0 0 0 0 0 584 609 545 729 886 END
START 0 0 0 0 0 0 584 608 545 728 885 END
START 0 0 0 0 0 0 584 608 545 728 885 END
START 0 0 0 0 0 0 584 608 545 729 887 END
START 0 0 0 0 0 0 584 608 544 730 886 END
START 0 0 0 0 0 0 583 608 544 728 886 END
START 0 0 0 0 0 0 585 608 544 727 884 END
START 0 0 0 0 0 0 584 607 544 727 885 END
START 0 0 0 0 0 0 584 607 543 726 884 END
START 0 0 0 0 0 0 582 606 543 726 883 END
START 0 0 0 0 0 0 583 606 543 725 882 END
START 0 0 0 0 0 0 584 607 543 726 883 END
START 0 0 0 0 0 0 586 607 543 725 882 END
START 0 0 0 0 0 0 586 608 543 725 881 END
START 0 0 0 0 0 0 585 608 543 725 882 END
START 0 0 0 0 0 0 585 609 544 726 882 END
START 0 0 0 0 0 0 584 610 544 727 885 END
START 0 0 0 0 0 0 587 610 545 727 883 END
START 0 0 0 0 0 0 588 609 545 727 883 END
START 0 0 0 0 0 0 588 609 545 727 882 END
START 0 0 0 0 0 0 589 611 546 727 883 END
START 0 0 0 0 0 0 589 614 549 726 884 END
START 0 0 0 0 0 0 591 621 556 727 885 END
START 0 0 0 0 0 0 589 623 559 726 884 END
START 0 0 0 0 0 0 589 620 557 726 883 END
START 0 0 0 0 0 0 587 613 552 725 882 END
START 0 0 0 0 0 0 586 609 550 725 881 END
START 0 0 0 0 0 0 584 608 551 726 882 END
START 0 0 0 0 0 0 584 609 552 728 886 END
START 0 0 0 0 0 0 584 610 551 727 885 END
START 0 0 0 0 0 0 584 609 550 722 883 END
START 0 0 0 0 0 0 584 608 548 719 880 END
START 0 0 0 0 0 0 584 609 548 720 880 END
START 0 0 0 0 0 0 583 609 548 723 880 END
START 0 0 0 0 0 0 583 609 548 727 886 END
START 0 0 0 0 0 0 584 611 549 729 886 END
START 0 0 0 0 0 0 584 612 550 730 888 END
START 0 0 0 0 0 0 584 614 551 732 889 END
START 0 0 0 0 0 0 585 614 552 733 890 END
START 0 0 0 0 0 0 585 613 550 732 888 END
START 0 0 0 0 0 0 586 614 548 732 887 END
START 0 0 0 0 0 0 587 615 546 731 886 END
START 0 0 0 0 0 0 587 613 546 730 885 END
START 0 0 0 0 0 0 586 611 545 729 885 END
START 0 0 0 0 0 0 586 611 547 730 885 END
START 0 0 0 0 0 0 585 610 550 729 885 END
START 0 0 0 0 0 0 585 613 554 729 885 END
START 0 0 0 0 0 0 585 616 555 728 885 END
START 0 0 0 0 0 0 585 624 553 728 884 END
START 0 0 0 0 0 0 585 627 552 728 883 END
START 0 0 0 0 0 0 584 625 551 727 884 END
START 0 0 0 0 0 0 585 620 552 727 883 END
START 0 0 0 0 0 0 586 615 551 727 883 END
START 0 0 0 0 0 0 584 612 552 727 883 END
START 0 0 0 0 0 0 585 611 554 727 883 END
START 0 0 0 0 0 0 585 613 555 726 885 END
START 0 0 0 0 0 0 584 618 555 726 883 END
START 0 0 0 0 0 0 584 621 554 725 883 END
START 0 0 0 0 0 0 585 621 554 725 883 END
START 0 0 0 0 0 0 584 620 554 725 883 END
START 0 0 0 0 0 0 586 617 554 725 882 END
START 0 0 0 0 0 0 586 614 553 725 883 END
START 0 0 0 0 0 0 586 611 552 725 882 END
START 0 0 0 0 0 0 585 609 549 724 881 END
START 0 0 0 0 0 0 585 608 547 723 881 END
START 0 0 0 0 0 0 585 606 546 723 881 END
START 0 0 0 0 0 0 587 606 546 723 882 END
START 0 0 0 0 0 0 587 607 547 725 883 END
START 0 0 0 0 0 0 586 607 548 725 883 END
START 0 0 0 0 0 0 586 607 548 724 882 END
START 0 0 0 0 0 0 585 606 547 724 882 END
START 0 0 0 0 0 0 586 606 546 723 881 END
START 0 0 0 0 0 0 586 605 545 724 881 END
START 0 0 0 0 0 0 585 605 544 723 881 END
START 0 0 0 0 0 0 586 606 544 724 880 END
START 0 0 0 0 0 0 586 608 545 723 881 END
START 0 0 0 0 0 0 587 610 546 723 881 END
START 0 0 0 0 0 0 587 612 549 724 882 END
START 0 0 0 0 0 0 587 612 550 725 883 END
START 0 0 0 0 0 0 585 612 551 725 884 END
START 0 0 0 0 0 0 585 611 553 725 885 END
START 0 0 0 0 0 0 584 610 554 725 883 END
START 0 0 0 0 0 0 584 609 553 723 882 END
START 0 0 0 0 0 0 584 609 551 724 882 END
START 0 0 0 0 0 0 585 609 549 723 881 END
START 0 0 0 0 0 0 585 608 548 720 880 END
START 0 0 0 0 0 0 584 607 547 719 879 END
START 0 0 0 0 0 0 584 608 547 719 878 END
START 0 0 0 0 0 0 585 608 547 721 881 END
START 0 0 0 0 0 0 584 609 550 723 885 END
START 0 0 0 0 0 0 585 610 556 725 886 END
START 0 0 0 0 0 0 585 611 558 728 889 END
START 0 0 0 0 0 0 586 611 558 730 889 END
START 0 0 0 0 0 0 586 611 556 730 891 END
START 0 0 0 0 0 0 586 611 556 731 890 END
START 0 0 0 0 0 0 587 610 554 730 889 END
START 0 0 0 0 0 0 586 611 554 731 890 END
START 0 0 0 0 0 0 586 610 554 731 890 END
START 0 0 0 0 0 0 586 611 554 731 890 END
START 0 0 0 0 0 0 586 611 553 730 888 END
START 0 0 0 0 0 0 584 611 553 730 886 END
START 0 0 0 0 0 0 580 614 551 731 887 END
START 0 0 0 0 0 0 578 615 549 728 889 END
START 0 0 0 0 0 0 577 614 548 728 885 END
START 0 0 0 0 0 0 576 613 548 728 886 END
START 0 0 0 0 0 0 576 613 548 728 886 END
START 0 0 0 0 0 0 575 614 549 728 886 END
START 0 0 0 0 0 0 573 617 551 729 887 END
START 0 0 0 0 0 0 568 619 552 728 887 END
START 0 0 0 0 0 0 563 620 553 729 887 END
START 0 0 0 0 0 0 562 620 553 729 887 END
START 0 0 0 0 0 0 560 620 553 728 887 END
START 0 0 0 0 0 0 559 619 552 728 885 END
START 0 0 0 0 0 0 560 620 553 728 885 END
START 0 0 0 0 0 0 560 619 552 728 887 END
START 0 0 0 0 0 0 562 620 553 728 886 END
START 0 0 0 0 0 0 562 619 553 728 887 END
START 0 0 0 0 0 0 563 619 553 728 887 END
START 0 0 0 0 0 0 569 620 553 728 887 END
START 0 0 0 0 0 0 573 620 553 728 886 END
START 0 0 0 0 0 0 576 621 554 728 886 END
START 0 0 0 0 0 0 582 620 554 727 885 END
START 0 0 0 0 0 0 582 620 553 727 885 END
START 0 0 0 0 0 0 584 619 553 727 885 END
START 0 0 0 0 0 0 585 617 553 727 886 END
START 0 0 0 0 0 0 585 616 552 726 884 END
START 0 0 0 0 0 0 585 615 552 726 884 END
START 0 0 0 0 0 0 584 614 551 725 883 END
START 0 0 0 0 0 0 584 614 551 726 883 END
START 0 0 0 0 0 0 582 613 551 725 884 END
START 0 0 0 0 0 0 581 613 551 725 884 END
START 0 0 0 0 0 0 582 614 551 725 883 END
START 0 0 0 0 0 0 589 613 551 724 883 END
START 0 0 0 0 0 0 606 613 552 725 884 END
START 0 0 0 0 0 0 623 613 551 724 883 END
START 0 0 0 0 0 0 631 612 552 725 883 END
START 0 0 0 0 0 0 631 613 552 726 883 END
START 0 0 0 0 0 0 631 613 552 725 883 END
START 0 0 0 0 0 0 628 613 552 725 883 END
START 0 0 0 0 0 0 630 613 552 725 883 END
START 0 0 0 0 0 0 631 613 552 725 883 END
START 0 0 0 0 0 0 631 613 552 725 883 END
START 0 0 0 0 0 0 629 613 551 724 883 END
START 0 0 0 0 0 0 624 613 552 726 883 END
START 0 0 0 0 0 0 620 613 552 725 882 END
START 0 0 0 0 0 0 613 613 552 724 883 END
START 0 0 0 0 0 0 609 613 552 725 883 END
START 0 0 0 0 0 0 607 613 552 724 883 END
START 0 0 0 0 0 0 606 613 552 725 882 END
START 0 0 0 0 0 0 605 613 552 724 883 END
START 0 0 0 0 0 0 604 614 552 724 882 END
START 0 0 0 0 0 0 600 614 552 725 883 END
START 0 0 0 0 0 0 596 614 551 724 883 END
START 0 0 0 0 0 0 590 614 552 725 883 END
START 0 0 0 0 0 0 586 614 552 725 883 END
START 0 0 0 0 0 0 582 614 552 725 884 END
START 0 0 0 0 0 0 579 614 552 725 883 END
START 0 0 0 0 0 0 575 614 551 725 883 END
START 0 0 0 0 0 0 574 614 552 725 884 END
START 0 0 0 0 0 0 575 613 551 725 883 END
START 0 0 0 0 0 0 576 611 552 725 884 END
START 0 0 0 0 0 0 581 608 551 725 883 END
START 0 0 0 0 0 0 583 607 552 725 883 END
START 0 0 0 0 0 0 586 607 551 725 882 END
START 0 0 0 0 0 0 587 607 550 725 883 END
START 0 0 0 0 0 0 589 608 550 724 883 END
START 0 0 0 0 0 0 592 609 550 724 884 END
START 0 0 0 0 0 0 592 611 549 725 883 END
START 0 0 0 0 0 0 591 612 549 724 883 END
START 0 0 0 0 0 0 592 614 549 724 883 END
START 0 0 0 0 0 0 592 614 548 724 882 END
START 0 0 0 0 0 0 591 614 548 724 884 END
START 0 0 0 0 0 0 590 614 548 725 884 END
START 0 0 0 0 0 0 589 614 548 724 883 END
START 0 0 0 0 0 0 587 614 548 724 884 END
START 0 0 0 0 0 0 585 613 548 724 883 END
START 0 0 0 0 0 0 585 613 548 724 883 END
START 0 0 0 0 0 0 584 613 548 724 882 END
START 0 0 0 0 0 0 586 613 548 724 883 END
START 0 0 0 0 0 0 591 614 548 724 883 END
START 0 0 0 0 0 0 597 615 548 724 883 END
START 0 0 0 0 0 0 599 614 548 724 884 END
START 0 0 0 0 0 0 597 614 548 724 883 END
START 0 0 0 0 0 0 595 614 548 724 883 END
START 0 0 0 0 0 0 595 614 548 724 882 END
START 0 0 0 0 0 0 594 614 548 724 882 END
START 0 0 0 0 0 0 596 614 548 724 882 END
START 0 0 0 0 0 0 596 614 548 724 882 END
START 0 0 0 0 0 0 599 614 548 724 882 END
START 0 0 0 0 0 0 600 613 548 724 881 END
START 0 0 0 0 0 0 600 613 548 724 882 END
START 0 0 0 0 0 0 599 614 549 725 882 END
START 0 0 0 0 0 0 599 617 550 724 881 END
START 0 0 0 0 0 0 597 616 551 724 882 END
START 0 0 0 0 0 0 598 615 551 724 881 END
START 0 0 0 0 0 0 600 614 551 724 882 END
START 0 0 0 0 0 0 600 613 551 724 882 END
START 0 0 0 0 0 0 601 612 551 723 882 END
START 0 0 0 0 0 0 601 612 551 723 881 END
START 0 0 0 0 0 0 601 610 551 723 881 END
START 0 0 0 0 0 0 603 610 550 723 883 END
START 0 0 0 0 0 0 602 609 550 723 881 END
START 0 0 0 0 0 0 603 609 551 724 881 END
START 0 0 0 0 0 0 603 609 551 723 881 END
START 0 0 0 0 0 0 604 609 550 723 881 END
START 0 0 0 0 0 0 604 610 550 723 880 END
START 0 0 0 0 0 0 604 610 550 723 880 END
START 0 0 0 0 0 0 603 611 550 724 882 END
START 0 0 0 0 0 0 604 612 551 726 884 END
START 0 0 0 0 0 0 605 612 552 728 885 END
START 0 0 0 0 0 0 605 611 551 726 884 END
START 0 0 0 0 0 0 605 611 552 727 884 END
START 0 0 0 0 0 0 603 610 551 726 884 END
START 0 0 0 0 0 0 604 611 552 726 883 END
START 0 0 0 0 0 0 603 609 551 727 883 END
START 0 0 0 0 0 0 603 608 552 726 884 END
START 0 0 0 0 0 0 602 607 552 725 883 END
START 0 0 0 0 0 0 602 607 552 725 883 END
START 0 0 0 0 0 0 604 608 552 726 883 END
START 0 0 0 0 0 0 603 608 551 725 883 END
START 0 0 0 0 0 0 604 609 551 725 883 END
START 0 0 0 0 0 0 604 609 550 724 881 END
START 0 0 0 0 0 0 604 609 550 724 881 END
START 0 0 0 0 0 0 605 608 550 725 881 END
START 0 0 0 0 0 0 604 608 550 725 881 END
START 0 0 0 0 0 0 604 607 550 725 882 END
START 0 0 0 0 0 0 604 608 550 725 882 END
START 0 0 0 0 0 0 604 609 549 724 881 END
START 0 0 0 0 0 0 605 612 551 724 880 END
START 0 0 0 0 0 0 605 614 553 724 880 END
START 0 0 0 0 0 0 605 616 555 724 880 END
START 0 0 0 0 0 0 601 617 560 724 881 END
START 0 0 0 0 0 0 596 617 563 724 881 END
START 0 0 0 0 0 0 594 616 562 723 880 END
START 0 0 0 0 0 0 585 615 560 723 881 END
START 0 0 0 0 0 0 579 613 559 723 881 END
START 0 0 0 0 0 0 576 612 557 723 881 END
START 0 0 0 0 0 0 574 612 556 723 881 END
START 0 0 0 0 0 0 572 613 556 724 882 END
START 0 0 0 0 0 0 570 612 555 722 883 END
START 0 0 0 0 0 0 569 613 555 723 881 END
START 0 0 0 0 0 0 568 612 555 723 881 END
START 0 0 0 0 0 0 568 613 555 723 882 END
START 0 0 0 0 0 0 567 613 555 723 881 END
START 0 0 0 0 0 0 567 613 555 724 882 END
START 0 0 0 0 0 0 566 613 555 723 881 END
START 0 0 0 0 0 0 565 613 555 724 882 END
START 0 0 0 0 0 0 565 614 555 724 881 END
START 0 0 0 0 0 0 566 614 555 724 881 END
START 0 0 0 0 0 0 565 614 555 723 881 END
START 0 0 0 0 0 0 565 614 555 724 880 END
START 0 0 0 0 0 0 566 614 555 723 880 END
START 0 0 0 0 0 0 567 614 554 723 881 END
START 0 0 0 0 0 0 567 615 555 724 883 END
START 0 0 0 0 0 0 566 615 554 724 883 END
START 0 0 0 0 0 0 566 615 554 724 883 END
START 0 0 0 0 0 0 566 614 553 723 883 END
START 0 0 0 0 0 0 565 613 552 722 883 END
START 0 0 0 0 0 0 565 613 552 723 883 END
START 0 0 0 0 0 0 565 613 552 723 884 END
START 0 0 0 0 0 0 566 614 552 723 882 END
START 0 0 0 0 0 0 565 613 552 723 884 END
START 0 0 0 0 0 0 565 613 552 723 884 END
START 0 0 0 0 0 0 565 614 552 724 884 END
START 0 0 0 0 0 0 564 614 552 724 884 END
START 0 0 0 0 0 0 561 614 552 723 884 END
START 0 0 0 0 0 0 561 614 552 723 884 END
START 0 0 0 0 0 0 561 614 551 723 885 END
START 0 0 0 0 0 0 561 614 552 723 885 END
START 0 0 0 0 0 0 562 614 552 723 884 END
START 0 0 0 0 0 0 561 614 552 723 884 END
START 0 0 0 0 0 0 560 613 552 722 884 END
START 0 0 0 0 0 0 561 613 552 723 883 END
START 0 0 0 0 0 0 561 613 553 723 885 END
START 0 0 0 0 0 0 561 613 552 724 884 END
START 0 0 0 0 0 0 565 613 552 722 883 END
START 0 0 0 0 0 0 567 612 552 723 883 END
START 0 0 0 0 0 0 566 612 552 722 882 END
START 0 0 0 0 0 0 563 613 552 723 882 END
START 0 0 0 0 0 0 560 613 552 723 882 END
START 0 0 0 0 0 0 558 613 552 722 883 END
START 0 0 0 0 0 0 556 613 552 723 882 END
START 0 0 0 0 0 0 556 613 552 722 882 END
START 0 0 0 0 0 0 556 613 552 722 882 END
START 0 0 0 0 0 0 555 613 552 722 882 END
START 0 0 0 0 0 0 555 614 552 723 882 END
START 0 0 0 0 0 0 554 614 552 722 882 END
START 0 0 0 0 0 0 554 613 552 721 882 END
START 0 0 0 0 0 0 554 613 552 722 881 END
START 0 0 0 0 0 0 555 614 552 722 883 END
START 0 0 0 0 0 0 554 613 552 722 881 END
START 0 0 0 0 0 0 555 614 552 721 881 END
START 0 0 0 0 0 0 554 613 551 721 880 END
START 0 0 0 0 0 0 555 613 552 722 881 END
START 0 0 0 0 0 0 554 614 552 722 882 END
START 0 0 0 0 0 0 553 614 552 722 881 END
START 0 0 0 0 0 0 557 614 552 722 882 END
START 0 0 0 0 0 0 559 614 552 721 881 END
START 0 0 0 0 0 0 562 614 552 722 881 END
START 0 0 0 0 0 0 564 614 552 722 882 END
START 0 0 0 0 0 0 565 614 552 722 882 END
START 0 0 0 0 0 0 567 614 552 722 882 END
START 0 0 0 0 0 0 564 614 552 722 883 END
START 0 0 0 0 0 0 563 614 552 722 881 END
START 0 0 0 0 0 0 562 614 553 723 881 END
START 0 0 0 0 0 0 562 613 552 721 880 END
START 0 0 0 0 0 0 562 614 552 722 881 END
START 0 0 0 0 0 0 562 614 552 721 880 END
START 0 0 0 0 0 0 561 614 553 722 881 END
START 0 0 0 0 0 0 560 614 553 722 881 END
START 0 0 0 0 0 0 560 615 554 723 881 END
START 0 0 0 0 0 0 562 615 554 723 882 END
START 0 0 0 0 0 0 563 615 554 723 882 END
START 0 0 0 0 0 0 564 615 554 722 882 END
START 0 0 0 0 0 0 564 615 554 724 883 END
START 0 0 0 0 0 0 563 615 554 722 883 END
START 0 0 0 0 0 0 562 614 554 723 883 END
START 0 0 0 0 0 0 562 614 553 722 882 END
START 0 0 0 0 0 0 562 614 554 724 882 END
START 0 0 0 0 0 0 562 614 554 723 882 END
START 0 0 0 0 0 0 562 614 554 724 882 END
START 0 0 0 0 0 0 561 614 554 723 882 END
START 0 0 0 0 0 0 562 614 554 723 883 END
START 0 0 0 0 0 0 562 614 554 723 882 END
START 0 0 0 0 0 0 561 614 554 723 881 END
START 0 0 0 0 0 0 562 614 554 723 882 END
START 0 0 0 0 0 0 561 614 554 723 882 END
START 0 0 0 0 0 0 561 613 554 723 882 END
START 0 0 0 0 0 0 561 614 554 723 883 END
START 0 0 0 0 0 0 561 614 554 723 880 END
START 0 0 0 0 0 0 561 614 554 723 882 END
START 0 0 0 0 0 0 562 614 554 723 882 END
START 0 0 0 0 0 0 561 614 554 722 881 END
START 0 0 0 0 0 0 562 614 554 723 882 END
START 0 0 0 0 0 0 561 614 554 722 881 END
START 0 0 0 0 0 0 561 614 555 722 882 END
START 0 0 0 0 0 0 562 615 556 722 881 END
START 0 0 0 0 0 0 561 615 556 722 882 END
START 0 0 0 0 0 0 562 615 557 722 883 END
START 0 0 0 0 0 0 561 615 558 723 883 END
START 0 0 0 0 0 0 561 616 558 722 883 END
START 0 0 0 0 0 0 561 616 559 723 883 END
START 0 0 0 0 0 0 562 616 560 722 884 END
START 0 0 0 0 0 0 562 617 561 722 885 END
START 0 0 0 0 0 0 561 617 561 722 885 END
START 0 0 0 0 0 0 561 617 562 722 885 END
START 0 0 0 0 0 0 562 617 562 722 885 END
START 0 0 0 0 0 0 561 617 563 722 884 END
START 0 0 0 0 0 0 561 617 563 723 885 END
START 0 0 0 0 0 0 562 617 563 722 884 END
START 0 0 0 0 0 0 562 618 564 722 884 END
START 0 0 0 0 0 0 562 618 565 723 885 END
START 0 0 0 0 0 0 562 618 564 721 884 END
START 0 0 0 0 0 0 562 619 563 721 883 END
START 0 0 0 0 0 0 561 619 563 722 884 END
START 0 0 0 0 0 0 563 620 563 722 884 END
START 0 0 0 0 0 0 564 620 562 721 885 END
START 0 0 0 0 0 0 568 619 562 722 884 END
START 0 0 0 0 0 0 570 618 561 721 884 END
START 0 0 0 0 0 0 570 618 560 722 884 END
START 0 0 0 0 0 0 570 616 559 721 883 END
START 0 0 0 0 0 0 570 617 559 720 883 END
START 0 0 0 0 0 0 571 617 558 721 883 END
START 0 0 0 0 0 0 570 616 557 721 881 END
START 0 0 0 0 0 0 572 615 557 722 883 END
START 0 0 0 0 0 0 573 614 556 722 882 END
START 0 0 0 0 0 0 573 614 556 722 882 END
START 0 0 0 0 0 0 573 614 556 722 882 END
START 0 0 0 0 0 0 573 614 556 722 881 END
START 0 0 0 0 0 0 573 614 556 722 883 END
START 0 0 0 0 0 0 573 615 557 721 882 END
START 0 0 0 0 0 0 573 615 557 721 882 END
START 0 0 0 0 0 0 574 615 557 722 883 END
START 0 0 0 0 0 0 573 615 557 721 881 END
START 0 0 0 0 0 0 572 615 557 721 882 END
START 0 0 0 0 0 0 573 615 559 722 882 END
START 0 0 0 0 0 0 572 615 559 722 882 END
START 0 0 0 0 0 0 572 616 560 722 881 END
START 0 0 0 0 0 0 571 616 560 721 882 END
START 0 0 0 0 0 0 576 616 560 721 881 END
START 0 0 0 0 0 0 576 615 559 720 880 END
START 0 0 0 0 0 0 576 615 559 720 880 END
START 0 0 0 0 0 0 574 615 559 720 880 END
START 0 0 0 0 0 0 575 615 559 720 881 END
START 0 0 0 0 0 0 575 616 561 720 881 END
START 0 0 0 0 0 0 575 618 563 720 881 END
START 0 0 0 0 0 0 575 619 564 721 882 END
START 0 0 0 0 0 0 574 620 566 721 884 END
START 0 0 0 0 0 0 574 620 566 721 884 END
START 0 0 0 0 0 0 574 620 565 721 884 END
START 0 0 0 0 0 0 574 619 562 721 883 END
START 0 0 0 0 0 0 574 616 559 720 883 END
START 0 0 0 0 0 0 575 615 557 720 882 END
START 0 0 0 0 0 0 576 614 556 720 881 END
START 0 0 0 0 0 0 577 613 555 720 880 END
START 0 0 0 0 0 0 578 613 554 719 881 END
