START 0 0 0 0 0 0 525 615 745 743 892 END
START 0 0 0 0 0 0 526 615 744 743 893 END
START 0 0 0 0 0 0 525 617 745 744 893 END
START 0 0 0 0 0 0 525 618 745 745 894 END
START 0 0 0 0 0 0 525 620 745 745 894 END
START 0 0 0 0 0 0 525 621 745 745 895 END
START 0 0 0 0 0 0 525 622 745 746 895 END
START 0 0 0 0 0 0 527 622 745 746 895 END
START 0 0 0 0 0 0 527 623 745 747 895 END
START 0 0 0 0 0 0 526 623 746 748 894 END
START 0 0 0 0 0 0 526 623 746 748 894 END
START 0 0 0 0 0 0 526 623 745 747 894 END
START 0 0 0 0 0 0 526 622 745 747 893 END
START 0 0 0 0 0 0 526 622 746 748 895 END
START 0 0 0 0 0 0 526 621 745 747 894 END
START 0 0 0 0 0 0 526 622 745 748 894 END
START 0 0 0 0 0 0 526 622 744 747 894 END
START 0 0 0 0 0 0 527 623 745 748 894 END
START 0 0 0 0 0 0 527 623 745 748 894 END
START 0 0 0 0 0 0 527 627 746 749 895 END
START 0 0 0 0 0 0 529 629 748 750 895 END
START 0 0 0 0 0 0 528 629 747 750 895 END
START 0 0 0 0 0 0 529 628 748 750 895 END
START 0 0 0 0 0 0 529 632 748 750 896 END
START 0 0 0 0 0 0 530 649 750 751 897 END
START 0 0 0 0 0 0 531 654 751 752 897 END
START 0 0 0 0 0 0 532 648 751 752 897 END
START 0 0 0 0 0 0 531 641 751 750 896 END
START 0 0 0 0 0 0 532 630 750 749 896 END
START 0 0 0 0 0 0 531 616 748 747 894 END
START 0 0 0 0 0 0 530 607 747 746 893 END
START 0 0 0 0 0 0 530 601 745 744 891 END
START 0 0 0 0 0 0 529 596 743 743 890 END
START 0 0 0 0 0 0 529 596 743 743 890 END
START 0 0 0 0 0 0 530 597 744 743 890 END
START 0 0 0 0 0 0 529 597 743 743 890 END
START 0 0 0 0 0 0 529 597 744 743 891 END
START 0 0 0 0 0 0 530 598 743 743 890 END
START 0 0 0 0 0 0 529 596 743 743 891 END
START 0 0 0 0 0 0 530 596 744 743 891 END
START 0 0 0 0 0 0 529 596 743 742 890 END
START 0 0 0 0 0 0 529 595 742 742 891 END
START 0 0 0 0 0 0 529 596 743 742 890 END
START 0 0 0 0 0 0 529 596 743 742 890 END
START 0 0 0 0 0 0 530 596 743 742 890 END
START 0 0 0 0 0 0 530 596 743 742 890 END
START 0 0 0 0 0 0 529 596 743 742 890 END
START 0 0 0 0 0 0 530 596 743 742 890 END
START 0 0 0 0 0 0 530 596 741 741 890 END
START 0 0 0 0 0 0 530 596 743 742 891 END
START 0 0 0 0 0 0 530 596 742 741 891 END
START 0 0 0 0 0 0 530 596 743 742 889 END
START 0 0 0 0 0 0 530 597 742 742 890 END
START 0 0 0 0 0 0 529 597 742 741 891 END
START 0 0 0 0 0 0 530 598 742 741 890 END
START 0 0 0 0 0 0 530 597 741 740 890 END
START 0 0 0 0 0 0 529 597 742 741 891 END
START 0 0 0 0 0 0 530 597 741 741 890 END
START 0 0 0 0 0 0 529 597 741 741 889 END
START 0 0 0 0 0 0 530 598 741 741 890 END
START 0 0 0 0 0 0 529 598 742 741 890 END
START 0 0 0 0 0 0 529 599 740 740 890 END
START 0 0 0 0 0 0 530 601 742 741 891 END
START 0 0 0 0 0 0 530 602 741 741 891 END
START 0 0 0 0 0 0 531 602 742 741 891 END
START 0 0 0 0 0 0 531 603 742 740 892 END
START 0 0 0 0 0 0 531 603 742 741 892 END
START 0 0 0 0 0 0 531 603 742 740 891 END
START 0 0 0 0 0 0 532 602 742 741 892 END
START 0 0 0 0 0 0 531 603 742 741 891 END
START 0 0 0 0 0 0 531 603 743 742 893 END
START 0 0 0 0 0 0 531 604 742 742 891 END
START 0 0 0 0 0 0 531 604 742 742 891 END
START 0 0 0 0 0 0 531 605 742 742 889 END
START 0 0 0 0 0 0 530 604 742 741 890 END
START 0 0 0 0 0 0 530 605 743 743 891 END
START 0 0 0 0 0 0 530 605 743 743 891 END
START 0 0 0 0 0 0 531 605 745 745 892 END
START 0 0 0 0 0 0 531 605 746 746 891 END
START 0 0 0 0 0 0 531 605 746 746 891 END
START 0 0 0 0 0 0 530 605 745 747 891 END
START 0 0 0 0 0 0 531 606 745 747 890 END
START 0 0 0 0 0 0 530 606 746 747 890 END
START 0 0 0 0 0 0 530 606 746 749 892 END
START 0 0 0 0 0 0 531 606 746 748 891 END
START 0 0 0 0 0 0 530 605 745 748 890 END
START 0 0 0 0 0 0 530 605 745 748 890 END
START 0 0 0 0 0 0 531 606 745 747 890 END
START 0 0 0 0 0 0 530 606 745 747 889 END
START 0 0 0 0 0 0 531 606 746 748 890 END
START 0 0 0 0 0 0 531 608 746 749 891 END
START 0 0 0 0 0 0 531 608 747 749 893 END
START 0 0 0 0 0 0 531 608 747 749 893 END
START 0 0 0 0 0 0 531 609 747 749 893 END
START 0 0 0 0 0 0 531 610 747 749 895 END
START 0 0 0 0 0 0 531 611 747 749 894 END
START 0 0 0 0 0 0 531 612 747 749 894 END
START 0 0 0 0 0 0 531 614 747 748 894 END
START 0 0 0 0 0 0 532 614 747 748 893 END
START 0 0 0 0 0 0 531 613 746 748 893 END
START 0 0 0 0 0 0 532 613 746 748 893 END
START 0 0 0 0 0 0 533 614 746 748 893 END
START 0 0 0 0 0 0 533 613 746 748 894 END
START 0 0 0 0 0 0 533 614 747 748 894 END
START 0 0 0 0 0 0 533 613 746 748 893 END
START 0 0 0 0 0 0 533 613 746 749 893 END
START 0 0 0 0 0 0 533 612 746 747 893 END
START 0 0 0 0 0 0 533 612 746 748 893 END
START 0 0 0 0 0 0 533 612 746 748 893 END
START 0 0 0 0 0 0 532 613 747 748 894 END
START 0 0 0 0 0 0 534 614 746 748 895 END
START 0 0 0 0 0 0 536 615 747 748 895 END
START 0 0 0 0 0 0 535 615 747 749 895 END
START 0 0 0 0 0 0 535 615 746 748 894 END
START 0 0 0 0 0 0 535 615 746 748 894 END
START 0 0 0 0 0 0 537 614 745 748 893 END
START 0 0 0 0 0 0 539 616 745 747 892 END
START 0 0 0 0 0 0 539 615 745 747 893 END
START 0 0 0 0 0 0 539 616 745 747 892 END
START 0 0 0 0 0 0 538 615 745 748 893 END
START 0 0 0 0 0 0 538 615 745 748 893 END
START 0 0 0 0 0 0 539 614 745 748 892 END
START 0 0 0 0 0 0 538 614 745 748 893 END
START 0 0 0 0 0 0 539 614 745 747 892 END
START 0 0 0 0 0 0 538 614 745 747 892 END
START 0 0 0 0 0 0 539 614 745 747 892 END
START 0 0 0 0 0 0 538 613 744 747 891 END
START 0 0 0 0 0 0 538 613 744 747 892 END
START 0 0 0 0 0 0 538 613 744 748 892 END
START 0 0 0 0 0 0 538 613 744 747 892 END
START 0 0 0 0 0 0 538 613 744 746 891 END
START 0 0 0 0 0 0 538 612 743 746 891 END
START 0 0 0 0 0 0 538 613 743 746 891 END
START 0 0 0 0 0 0 539 614 744 746 891 END
START 0 0 0 0 0 0 538 613 744 746 891 END
START 0 0 0 0 0 0 538 613 743 745 891 END
START 0 0 0 0 0 0 538 613 743 746 891 END
START 0 0 0 0 0 0 537 613 743 745 891 END
START 0 0 0 0 0 0 538 613 743 745 892 END
START 0 0 0 0 0 0 537 613 743 745 891 END
START 0 0 0 0 0 0 538 614 743 746 892 END
START 0 0 0 0 0 0 537 614 743 746 892 END
START 0 0 0 0 0 0 538 614 743 745 891 END
START 0 0 0 0 0 0 538 614 743 745 891 END
START 0 0 0 0 0 0 537 614 743 745 891 END
START 0 0 0 0 0 0 538 614 743 745 889 END
START 0 0 0 0 0 0 538 614 743 746 891 END
START 0 0 0 0 0 0 538 614 743 745 890 END
START 0 0 0 0 0 0 538 613 742 746 891 END
START 0 0 0 0 0 0 538 614 742 745 891 END
START 0 0 0 0 0 0 538 614 742 745 891 END
START 0 0 0 0 0 0 538 614 742 745 891 END
START 0 0 0 0 0 0 537 614 743 745 891 END
START 0 0 0 0 0 0 538 615 743 746 891 END
START 0 0 0 0 0 0 538 615 743 746 891 END
START 0 0 0 0 0 0 537 614 743 746 891 END
START 0 0 0 0 0 0 538 615 742 745 891 END
START 0 0 0 0 0 0 538 615 742 745 891 END
START 0 0 0 0 0 0 538 615 743 746 891 END
START 0 0 0 0 0 0 538 615 743 745 892 END
START 0 0 0 0 0 0 538 615 743 746 891 END
START 0 0 0 0 0 0 538 614 742 746 890 END
START 0 0 0 0 0 0 538 615 743 745 890 END
START 0 0 0 0 0 0 538 614 741 745 891 END
START 0 0 0 0 0 0 538 615 743 745 891 END
START 0 0 0 0 0 0 538 615 742 745 891 END
START 0 0 0 0 0 0 538 614 742 745 890 END
START 0 0 0 0 0 0 538 614 742 746 890 END
START 0 0 0 0 0 0 538 614 742 745 890 END
START 0 0 0 0 0 0 537 614 742 745 890 END
START 0 0 0 0 0 0 538 614 742 745 890 END
START 0 0 0 0 0 0 537 614 741 745 890 END
START 0 0 0 0 0 0 538 614 741 745 891 END
START 0 0 0 0 0 0 538 612 741 745 890 END
START 0 0 0 0 0 0 538 612 742 745 890 END
START 0 0 0 0 0 0 538 611 741 745 889 END
START 0 0 0 0 0 0 538 609 741 745 890 END
START 0 0 0 0 0 0 538 605 740 745 890 END
START 0 0 0 0 0 0 538 603 740 744 889 END
START 0 0 0 0 0 0 538 601 740 743 889 END
START 0 0 0 0 0 0 538 601 739 744 889 END
START 0 0 0 0 0 0 537 600 739 744 889 END
START 0 0 0 0 0 0 537 601 739 743 889 END
START 0 0 0 0 0 0 537 601 738 743 889 END
START 0 0 0 0 0 0 537 601 738 743 889 END
START 0 0 0 0 0 0 538 601 738 743 890 END
START 0 0 0 0 0 0 537 601 738 743 888 END
START 0 0 0 0 0 0 537 601 738 742 888 END
START 0 0 0 0 0 0 537 600 738 743 888 END
START 0 0 0 0 0 0 537 600 738 742 889 END
START 0 0 0 0 0 0 537 600 737 742 888 END
START 0 0 0 0 0 0 537 600 738 742 889 END
START 0 0 0 0 0 0 537 600 737 741 889 END
START 0 0 0 0 0 0 536 601 741 743 890 END
START 0 0 0 0 0 0 537 600 740 742 889 END
START 0 0 0 0 0 0 537 600 739 742 888 END
START 0 0 0 0 0 0 537 600 738 742 889 END
START 0 0 0 0 0 0 537 599 738 741 889 END
START 0 0 0 0 0 0 537 599 738 741 889 END
START 0 0 0 0 0 0 537 598 737 741 889 END
START 0 0 0 0 0 0 537 597 736 740 889 END
START 0 0 0 0 0 0 536 597 736 740 889 END
START 0 0 0 0 0 0 537 597 735 740 888 END
START 0 0 0 0 0 0 537 597 735 740 888 END
START 0 0 0 0 0 0 536 596 733 739 889 END
START 0 0 0 0 0 0 537 597 733 739 889 END
START 0 0 0 0 0 0 537 597 732 738 889 END
START 0 0 0 0 0 0 537 596 732 738 889 END
START 0 0 0 0 0 0 536 596 732 737 888 END
START 0 0 0 0 0 0 537 596 731 738 888 END
START 0 0 0 0 0 0 537 596 732 738 888 END
START 0 0 0 0 0 0 536 596 731 738 889 END
START 0 0 0 0 0 0 537 596 731 738 887 END
START 0 0 0 0 0 0 536 596 732 738 889 END
START 0 0 0 0 0 0 536 596 732 738 887 END
START 0 0 0 0 0 0 536 596 732 738 888 END
START 0 0 0 0 0 0 536 596 732 737 887 END
START 0 0 0 0 0 0 537 595 731 736 886 END
START 0 0 0 0 0 0 536 595 732 736 886 END
START 0 0 0 0 0 0 536 594 731 735 886 END
START 0 0 0 0 0 0 536 593 730 734 885 END
START 0 0 0 0 0 0 536 593 731 734 885 END
START 0 0 0 0 0 0 536 593 731 735 884 END
START 0 0 0 0 0 0 536 593 731 735 884 END
START 0 0 0 0 0 0 536 593 731 735 884 END
START 0 0 0 0 0 0 537 593 730 734 885 END
START 0 0 0 0 0 0 536 593 731 734 885 END
START 0 0 0 0 0 0 536 593 731 734 884 END
START 0 0 0 0 0 0 536 593 731 734 885 END
START 0 0 0 0 0 0 536 593 730 734 884 END
START 0 0 0 0 0 0 536 593 730 734 884 END
START 0 0 0 0 0 0 536 593 730 734 884 END
START 0 0 0 0 0 0 536 594 730 734 883 END
START 0 0 0 0 0 0 536 594 731 734 884 END
START 0 0 0 0 0 0 536 594 730 734 884 END
START 0 0 0 0 0 0 537 594 730 734 884 END
START 0 0 0 0 0 0 536 593 730 734 884 END
START 0 0 0 0 0 0 536 594 731 734 884 END
START 0 0 0 0 0 0 536 594 730 734 883 END
START 0 0 0 0 0 0 536 594 730 734 884 END
START 0 0 0 0 0 0 536 594 730 733 884 END
START 0 0 0 0 0 0 536 593 730 734 883 END
START 0 0 0 0 0 0 537 594 730 733 884 END
START 0 0 0 0 0 0 536 593 730 733 883 END
START 0 0 0 0 0 0 537 594 730 733 883 END
START 0 0 0 0 0 0 536 594 730 733 883 END
START 0 0 0 0 0 0 536 594 730 733 885 END
START 0 0 0 0 0 0 536 593 729 733 883 END
START 0 0 0 0 0 0 536 594 730 733 883 END
START 0 0 0 0 0 0 536 594 729 733 883 END
START 0 0 0 0 0 0 536 594 730 734 884 END
START 0 0 0 0 0 0 536 594 730 733 883 END
START 0 0 0 0 0 0 536 595 730 733 883 END
START 0 0 0 0 0 0 536 594 730 732 883 END
START 0 0 0 0 0 0 536 595 730 734 883 END
START 0 0 0 0 0 0 536 595 730 733 883 END
START 0 0 0 0 0 0 537 595 730 734 884 END
START 0 0 0 0 0 0 536 595 730 733 883 END
START 0 0 0 0 0 0 536 595 729 733 883 END
START 0 0 0 0 0 0 536 595 729 733 883 END
START 0 0 0 0 0 0 537 594 730 733 883 END
START 0 0 0 0 0 0 536 594 730 733 883 END
START 0 0 0 0 0 0 536 594 729 733 882 END
START 0 0 0 0 0 0 536 592 730 733 882 END
START 0 0 0 0 0 0 536 591 729 732 882 END
START 0 0 0 0 0 0 535 590 728 731 881 END
START 0 0 0 0 0 0 536 589 728 730 881 END
START 0 0 0 0 0 0 535 589 727 730 881 END
START 0 0 0 0 0 0 535 589 728 730 880 END
START 0 0 0 0 0 0 535 589 728 731 880 END
START 0 0 0 0 0 0 535 588 728 730 879 END
START 0 0 0 0 0 0 536 588 727 730 880 END
START 0 0 0 0 0 0 535 587 728 730 879 END
START 0 0 0 0 0 0 535 587 727 730 880 END
START 0 0 0 0 0 0 535 587 727 730 879 END
START 0 0 0 0 0 0 534 587 727 730 879 END
START 0 0 0 0 0 0 535 587 728 730 879 END
START 0 0 0 0 0 0 535 586 727 729 879 END
START 0 0 0 0 0 0 535 587 727 730 879 END
START 0 0 0 0 0 0 535 587 727 730 879 END
START 0 0 0 0 0 0 534 587 728 729 880 END
START 0 0 0 0 0 0 534 587 727 729 879 END
START 0 0 0 0 0 0 536 587 727 729 878 END
START 0 0 0 0 0 0 534 587 727 729 880 END
START 0 0 0 0 0 0 534 586 727 730 878 END
START 0 0 0 0 0 0 535 587 727 730 879 END
START 0 0 0 0 0 0 534 587 728 730 879 END
START 0 0 0 0 0 0 534 587 728 729 879 END
START 0 0 0 0 0 0 535 587 728 730 879 END
START 0 0 0 0 0 0 535 587 727 730 879 END
START 0 0 0 0 0 0 535 587 728 730 879 END
START 0 0 0 0 0 0 534 586 728 729 878 END
START 0 0 0 0 0 0 534 587 727 729 878 END
START 0 0 0 0 0 0 535 587 728 730 879 END
START 0 0 0 0 0 0 535 586 727 729 879 END
START 0 0 0 0 0 0 535 587 728 730 879 END
START 0 0 0 0 0 0 534 587 727 729 878 END
START 0 0 0 0 0 0 535 587 727 729 878 END
START 0 0 0 0 0 0 535 586 727 729 879 END
START 0 0 0 0 0 0 534 586 727 730 879 END
START 0 0 0 0 0 0 535 587 727 729 879 END
START 0 0 0 0 0 0 534 586 727 730 879 END
START 0 0 0 0 0 0 535 587 727 729 879 END
START 0 0 0 0 0 0 535 587 728 729 879 END
START 0 0 0 0 0 0 535 587 727 729 879 END
START 0 0 0 0 0 0 534 586 727 729 878 END
START 0 0 0 0 0 0 535 587 727 729 878 END
START 0 0 0 0 0 0 534 587 727 729 879 END
START 0 0 0 0 0 0 535 587 727 729 878 END
START 0 0 0 0 0 0 534 588 728 730 879 END
START 0 0 0 0 0 0 534 588 727 729 878 END
START 0 0 0 0 0 0 535 588 726 730 879 END
START 0 0 0 0 0 0 534 587 727 730 879 END
START 0 0 0 0 0 0 535 588 727 730 879 END
START 0 0 0 0 0 0 534 587 727 730 880 END
START 0 0 0 0 0 0 535 588 727 729 880 END
START 0 0 0 0 0 0 534 588 728 730 880 END
START 0 0 0 0 0 0 534 588 728 732 881 END
START 0 0 0 0 0 0 534 588 728 730 881 END
START 0 0 0 0 0 0 534 587 728 730 880 END
START 0 0 0 0 0 0 535 588 730 731 881 END
START 0 0 0 0 0 0 534 589 731 732 881 END
START 0 0 0 0 0 0 534 589 730 731 882 END
START 0 0 0 0 0 0 534 589 731 732 881 END
START 0 0 0 0 0 0 535 589 730 731 882 END
START 0 0 0 0 0 0 535 590 731 732 881 END
START 0 0 0 0 0 0 534 590 731 731 882 END
START 0 0 0 0 0 0 535 592 732 732 881 END
START 0 0 0 0 0 0 534 593 732 732 882 END
START 0 0 0 0 0 0 534 594 732 732 882 END
START 0 0 0 0 0 0 534 594 732 730 882 END
START 0 0 0 0 0 0 534 594 733 732 882 END
START 0 0 0 0 0 0 534 595 733 732 882 END
START 0 0 0 0 0 0 534 597 734 733 882 END
START 0 0 0 0 0 0 535 597 734 733 882 END
START 0 0 0 0 0 0 535 597 733 731 882 END
START 0 0 0 0 0 0 534 596 733 732 882 END
START 0 0 0 0 0 0 534 597 733 732 882 END
START 0 0 0 0 0 0 535 597 732 731 881 END
START 0 0 0 0 0 0 534 597 733 732 882 END
START 0 0 0 0 0 0 535 597 733 732 882 END
START 0 0 0 0 0 0 534 598 733 732 881 END
START 0 0 0 0 0 0 534 597 732 731 881 END
START 0 0 0 0 0 0 535 598 732 732 881 END
START 0 0 0 0 0 0 534 597 732 732 881 END
START 0 0 0 0 0 0 535 598 732 732 881 END
START 0 0 0 0 0 0 535 598 733 733 882 END
START 0 0 0 0 0 0 535 597 733 733 881 END
START 0 0 0 0 0 0 535 597 733 733 883 END
START 0 0 0 0 0 0 535 597 733 733 883 END
START 0 0 0 0 0 0 535 598 733 733 882 END
START 0 0 0 0 0 0 535 598 733 732 881 END
START 0 0 0 0 0 0 535 599 733 732 882 END
START 0 0 0 0 0 0 535 599 733 733 882 END
START 0 0 0 0 0 0 535 599 733 732 881 END
START 0 0 0 0 0 0 535 598 733 733 882 END
START 0 0 0 0 0 0 535 599 733 732 882 END
START 0 0 0 0 0 0 536 598 733 732 882 END
START 0 0 0 0 0 0 536 599 733 733 881 END
START 0 0 0 0 0 0 536 599 733 733 882 END
START 0 0 0 0 0 0 535 598 732 732 881 END
START 0 0 0 0 0 0 535 599 732 733 882 END
START 0 0 0 0 0 0 535 599 733 732 881 END
START 0 0 0 0 0 0 535 599 733 732 882 END
START 0 0 0 0 0 0 535 598 732 732 881 END
START 0 0 0 0 0 0 535 600 733 732 881 END
START 0 0 0 0 0 0 535 599 733 733 882 END
START 0 0 0 0 0 0 536 599 732 732 881 END
START 0 0 0 0 0 0 535 599 732 732 882 END
START 0 0 0 0 0 0 535 599 733 732 880 END
START 0 0 0 0 0 0 535 599 733 732 882 END
START 0 0 0 0 0 0 534 600 733 733 882 END
START 0 0 0 0 0 0 535 600 733 732 881 END
START 0 0 0 0 0 0 535 600 732 732 881 END
START 0 0 0 0 0 0 536 600 732 732 882 END
START 0 0 0 0 0 0 535 600 732 732 882 END
START 0 0 0 0 0 0 535 600 732 732 881 END
START 0 0 0 0 0 0 536 600 732 732 881 END
START 0 0 0 0 0 0 535 600 732 732 881 END
START 0 0 0 0 0 0 535 601 732 733 881 END
START 0 0 0 0 0 0 535 601 732 732 880 END
START 0 0 0 0 0 0 535 600 732 732 881 END
START 0 0 0 0 0 0 535 601 732 732 881 END
START 0 0 0 0 0 0 535 601 732 732 882 END
START 0 0 0 0 0 0 536 600 732 732 881 END
START 0 0 0 0 0 0 535 600 732 732 881 END
START 0 0 0 0 0 0 535 599 732 732 881 END
START 0 0 0 0 0 0 534 599 732 732 882 END
START 0 0 0 0 0 0 534 597 731 732 882 END
START 0 0 0 0 0 0 533 596 731 732 882 END
START 0 0 0 0 0 0 534 595 731 731 881 END
START 0 0 0 0 0 0 534 594 730 734 882 END
START 0 0 0 0 0 0 534 593 731 731 882 END
START 0 0 0 0 0 0 534 592 731 731 881 END
START 0 0 0 0 0 0 534 591 730 731 881 END
START 0 0 0 0 0 0 534 591 730 730 882 END
START 0 0 0 0 0 0 534 589 729 731 881 END
START 0 0 0 0 0 0 534 588 729 730 881 END
START 0 0 0 0 0 0 534 589 730 730 881 END
START 0 0 0 0 0 0 534 589 729 731 880 END
