START 0 0 0 0 0 0 652 770 768 711 835 END
START 0 0 0 0 0 0 653 771 767 712 835 END
START 0 0 0 0 0 0 652 770 767 711 834 END
START 0 0 0 0 0 0 653 771 767 711 834 END
START 0 0 0 0 0 0 653 771 769 712 833 END
START 0 0 0 0 0 0 654 771 767 711 833 END
START 0 0 0 0 0 0 654 772 768 711 833 END
START 0 0 0 0 0 0 653 772 768 711 832 END
START 0 0 0 0 0 0 653 772 768 711 830 END
START 0 0 0 0 0 0 653 773 768 711 829 END
START 0 0 0 0 0 0 653 772 768 711 829 END
START 0 0 0 0 0 0 653 772 768 712 829 END
START 0 0 0 0 0 0 653 772 768 712 829 END
START 0 0 0 0 0 0 653 772 769 712 829 END
START 0 0 0 0 0 0 653 771 768 711 829 END
START 0 0 0 0 0 0 654 772 770 712 831 END
START 0 0 0 0 0 0 655 773 769 711 832 END
START 0 0 0 0 0 0 654 773 769 711 834 END
START 0 0 0 0 0 0 654 775 770 712 835 END
START 0 0 0 0 0 0 654 775 770 711 834 END
START 0 0 0 0 0 0 654 773 769 711 833 END
START 0 0 0 0 0 0 654 773 769 711 833 END
START 0 0 0 0 0 0 654 773 769 711 833 END
START 0 0 0 0 0 0 653 772 769 711 833 END
START 0 0 0 0 0 0 654 772 769 711 832 END
START 0 0 0 0 0 0 654 772 768 711 832 END
START 0 0 0 0 0 0 654 772 768 710 832 END
START 0 0 0 0 0 0 654 772 768 710 833 END
START 0 0 0 0 0 0 654 772 768 711 834 END
START 0 0 0 0 0 0 654 773 768 711 833 END
START 0 0 0 0 0 0 654 772 768 710 833 END
START 0 0 0 0 0 0 653 773 768 710 832 END
START 0 0 0 0 0 0 653 772 768 711 832 END
START 0 0 0 0 0 0 653 773 768 710 832 END
START 0 0 0 0 0 0 653 772 768 710 832 END
START 0 0 0 0 0 0 654 772 768 710 833 END
START 0 0 0 0 0 0 653 772 768 710 833 END
START 0 0 0 0 0 0 653 771 767 710 832 END
START 0 0 0 0 0 0 653 772 768 709 833 END
START 0 0 0 0 0 0 653 771 767 709 832 END
START 0 0 0 0 0 0 653 772 767 710 833 END
START 0 0 0 0 0 0 654 772 768 710 833 END
START 0 0 0 0 0 0 653 772 768 710 831 END
START 0 0 0 0 0 0 653 771 768 711 832 END
START 0 0 0 0 0 0 654 772 768 711 833 END
START 0 0 0 0 0 0 653 771 767 710 833 END
START 0 0 0 0 0 0 653 772 768 711 834 END
START 0 0 0 0 0 0 653 772 767 711 833 END
START 0 0 0 0 0 0 654 771 767 710 833 END
START 0 0 0 0 0 0 653 771 767 711 833 END
START 0 0 0 0 0 0 652 771 767 710 832 END
START 0 0 0 0 0 0 653 772 768 711 833 END
START 0 0 0 0 0 0 654 772 768 711 833 END
START 0 0 0 0 0 0 653 771 767 711 832 END
START 0 0 0 0 0 0 653 772 768 711 833 END
START 0 0 0 0 0 0 653 771 767 711 832 END
START 0 0 0 0 0 0 654 772 767 710 832 END
START 0 0 0 0 0 0 653 771 767 710 832 END
START 0 0 0 0 0 0 652 771 767 710 831 END
START 0 0 0 0 0 0 653 771 768 710 832 END
START 0 0 0 0 0 0 653 772 768 711 832 END
START 0 0 0 0 0 0 653 771 767 710 832 END
START 0 0 0 0 0 0 653 771 767 711 831 END
START 0 0 0 0 0 0 652 771 767 710 831 END
START 0 0 0 0 0 0 653 772 767 711 831 END
START 0 0 0 0 0 0 654 771 766 710 831 END
START 0 0 0 0 0 0 653 771 767 710 831 END
START 0 0 0 0 0 0 653 771 767 710 831 END
START 0 0 0 0 0 0 653 771 767 710 831 END
START 0 0 0 0 0 0 652 770 766 710 831 END
START 0 0 0 0 0 0 653 771 767 711 831 END
START 0 0 0 0 0 0 652 770 767 710 831 END
START 0 0 0 0 0 0 653 771 767 710 831 END
START 0 0 0 0 0 0 653 771 767 710 831 END
START 0 0 0 0 0 0 653 769 766 710 831 END
START 0 0 0 0 0 0 653 770 767 710 831 END
START 0 0 0 0 0 0 652 771 766 710 830 END
START 0 0 0 0 0 0 653 771 767 710 831 END
START 0 0 0 0 0 0 652 771 766 710 831 END
START 0 0 0 0 0 0 654 771 766 710 831 END
START 0 0 0 0 0 0 652 771 767 710 831 END
START 0 0 0 0 0 0 652 771 766 710 831 END
START 0 0 0 0 0 0 652 770 766 710 832 END
START 0 0 0 0 0 0 652 770 766 710 831 END
START 0 0 0 0 0 0 653 770 766 710 831 END
START 0 0 0 0 0 0 653 771 766 710 832 END
START 0 0 0 0 0 0 653 771 767 710 835 END
START 0 0 0 0 0 0 652 771 767 710 834 END
START 0 0 0 0 0 0 653 771 766 710 833 END
START 0 0 0 0 0 0 654 772 767 711 832 END
START 0 0 0 0 0 0 652 772 766 711 833 END
START 0 0 0 0 0 0 652 772 767 711 832 END
START 0 0 0 0 0 0 652 771 766 711 832 END
START 0 0 0 0 0 0 652 772 767 711 832 END
START 0 0 0 0 0 0 652 772 768 712 833 END
START 0 0 0 0 0 0 652 771 767 711 832 END
START 0 0 0 0 0 0 652 771 767 711 831 END
START 0 0 0 0 0 0 652 771 767 711 831 END
START 0 0 0 0 0 0 652 771 767 711 831 END
START 0 0 0 0 0 0 652 771 767 712 832 END
START 0 0 0 0 0 0 652 772 767 711 831 END
START 0 0 0 0 0 0 652 773 767 711 831 END
START 0 0 0 0 0 0 652 773 768 711 831 END
START 0 0 0 0 0 0 652 772 767 711 830 END
START 0 0 0 0 0 0 652 772 767 712 830 END
START 0 0 0 0 0 0 652 771 767 712 829 END
START 0 0 0 0 0 0 651 771 767 712 828 END
START 0 0 0 0 0 0 652 771 767 711 828 END
START 0 0 0 0 0 0 651 771 766 711 827 END
START 0 0 0 0 0 0 651 771 767 711 828 END
START 0 0 0 0 0 0 651 771 767 712 828 END
START 0 0 0 0 0 0 651 770 766 711 828 END
START 0 0 0 0 0 0 651 771 766 711 828 END
START 0 0 0 0 0 0 652 771 767 711 828 END
START 0 0 0 0 0 0 652 773 767 712 828 END
START 0 0 0 0 0 0 652 773 767 711 828 END
START 0 0 0 0 0 0 651 772 767 710 827 END
START 0 0 0 0 0 0 651 771 767 710 827 END
START 0 0 0 0 0 0 652 771 766 711 828 END
START 0 0 0 0 0 0 652 771 767 711 828 END
START 0 0 0 0 0 0 651 771 766 710 828 END
START 0 0 0 0 0 0 652 771 766 710 829 END
START 0 0 0 0 0 0 652 770 766 711 829 END
START 0 0 0 0 0 0 653 771 766 710 829 END
START 0 0 0 0 0 0 652 770 767 711 829 END
START 0 0 0 0 0 0 653 771 766 710 828 END
START 0 0 0 0 0 0 653 771 765 710 828 END
START 0 0 0 0 0 0 653 772 766 710 827 END
START 0 0 0 0 0 0 653 772 766 710 827 END
START 0 0 0 0 0 0 654 771 766 710 827 END
START 0 0 0 0 0 0 653 772 766 710 827 END
START 0 0 0 0 0 0 653 771 767 710 827 END
START 0 0 0 0 0 0 652 771 766 710 827 END
START 0 0 0 0 0 0 652 771 766 710 828 END
START 0 0 0 0 0 0 653 770 766 710 828 END
START 0 0 0 0 0 0 653 771 766 710 828 END
START 0 0 0 0 0 0 653 770 766 710 828 END
START 0 0 0 0 0 0 654 770 765 710 827 END
START 0 0 0 0 0 0 653 770 765 710 827 END
START 0 0 0 0 0 0 653 770 765 710 826 END
START 0 0 0 0 0 0 652 771 765 710 827 END
START 0 0 0 0 0 0 653 771 765 710 829 END
START 0 0 0 0 0 0 653 771 766 710 830 END
START 0 0 0 0 0 0 653 771 765 710 829 END
START 0 0 0 0 0 0 653 770 765 709 831 END
START 0 0 0 0 0 0 653 771 766 710 829 END
START 0 0 0 0 0 0 653 770 765 710 830 END
START 0 0 0 0 0 0 653 770 766 710 829 END
START 0 0 0 0 0 0 652 769 765 710 829 END
START 0 0 0 0 0 0 653 770 766 711 829 END
START 0 0 0 0 0 0 653 771 766 710 828 END
START 0 0 0 0 0 0 653 770 766 711 827 END
START 0 0 0 0 0 0 652 770 766 711 828 END
START 0 0 0 0 0 0 652 769 765 711 828 END
START 0 0 0 0 0 0 652 769 765 711 829 END
START 0 0 0 0 0 0 653 769 765 711 829 END
START 0 0 0 0 0 0 652 769 765 711 831 END
START 0 0 0 0 0 0 652 769 765 711 830 END
START 0 0 0 0 0 0 653 769 765 711 830 END
START 0 0 0 0 0 0 653 770 765 711 830 END
START 0 0 0 0 0 0 652 769 765 713 830 END
START 0 0 0 0 0 0 652 769 765 713 831 END
START 0 0 0 0 0 0 652 770 765 713 831 END
START 0 0 0 0 0 0 653 770 766 713 830 END
START 0 0 0 0 0 0 652 769 765 714 829 END
START 0 0 0 0 0 0 652 769 765 713 829 END
START 0 0 0 0 0 0 652 770 766 713 829 END
START 0 0 0 0 0 0 652 770 765 713 830 END
START 0 0 0 0 0 0 652 768 765 714 831 END
START 0 0 0 0 0 0 653 769 765 713 832 END
START 0 0 0 0 0 0 652 769 765 713 832 END
START 0 0 0 0 0 0 653 769 764 713 832 END
START 0 0 0 0 0 0 652 768 765 714 832 END
START 0 0 0 0 0 0 653 769 765 713 832 END
START 0 0 0 0 0 0 652 769 765 713 833 END
START 0 0 0 0 0 0 654 770 765 713 831 END
START 0 0 0 0 0 0 653 769 765 714 830 END
START 0 0 0 0 0 0 653 769 765 713 831 END
START 0 0 0 0 0 0 653 770 765 712 832 END
START 0 0 0 0 0 0 653 769 764 711 833 END
START 0 0 0 0 0 0 653 769 765 711 833 END
START 0 0 0 0 0 0 653 769 765 711 833 END
START 0 0 0 0 0 0 653 768 765 711 833 END
START 0 0 0 0 0 0 652 769 764 711 834 END
START 0 0 0 0 0 0 653 768 765 712 834 END
START 0 0 0 0 0 0 654 769 764 712 831 END
START 0 0 0 0 0 0 653 769 765 713 831 END
START 0 0 0 0 0 0 653 769 764 713 830 END
START 0 0 0 0 0 0 652 768 765 713 831 END
START 0 0 0 0 0 0 652 768 764 713 831 END
START 0 0 0 0 0 0 653 768 764 714 833 END
START 0 0 0 0 0 0 652 768 765 713 832 END
START 0 0 0 0 0 0 652 769 764 712 832 END
START 0 0 0 0 0 0 653 768 764 711 832 END
START 0 0 0 0 0 0 652 768 764 711 834 END
START 0 0 0 0 0 0 652 768 764 712 833 END
START 0 0 0 0 0 0 653 768 765 712 833 END
START 0 0 0 0 0 0 652 768 764 712 832 END
START 0 0 0 0 0 0 653 768 764 713 831 END
START 0 0 0 0 0 0 652 768 764 713 830 END
START 0 0 0 0 0 0 653 768 764 714 831 END
START 0 0 0 0 0 0 653 768 764 714 831 END
START 0 0 0 0 0 0 653 769 764 715 831 END
START 0 0 0 0 0 0 653 768 764 714 832 END
START 0 0 0 0 0 0 653 768 764 713 832 END
START 0 0 0 0 0 0 653 768 764 712 832 END
START 0 0 0 0 0 0 652 768 763 717 834 END
START 0 0 0 0 0 0 652 768 764 717 832 END
START 0 0 0 0 0 0 653 768 763 716 833 END
START 0 0 0 0 0 0 653 769 764 715 832 END
START 0 0 0 0 0 0 653 770 764 713 833 END
START 0 0 0 0 0 0 652 769 764 712 837 END
START 0 0 0 0 0 0 652 769 764 711 838 END
START 0 0 0 0 0 0 653 769 765 712 837 END
START 0 0 0 0 0 0 652 769 764 711 835 END
START 0 0 0 0 0 0 652 770 765 712 836 END
START 0 0 0 0 0 0 652 768 764 711 836 END
START 0 0 0 0 0 0 653 769 764 711 836 END
START 0 0 0 0 0 0 653 769 764 711 837 END
START 0 0 0 0 0 0 653 769 764 711 838 END
START 0 0 0 0 0 0 654 770 765 711 837 END
START 0 0 0 0 0 0 654 770 764 711 836 END
START 0 0 0 0 0 0 654 771 765 711 835 END
START 0 0 0 0 0 0 654 770 765 711 834 END
START 0 0 0 0 0 0 653 770 764 711 834 END
START 0 0 0 0 0 0 653 770 764 711 833 END
START 0 0 0 0 0 0 653 770 764 711 833 END
START 0 0 0 0 0 0 653 769 764 711 833 END
START 0 0 0 0 0 0 654 770 764 711 833 END
START 0 0 0 0 0 0 653 769 764 711 834 END
START 0 0 0 0 0 0 653 770 764 711 835 END
START 0 0 0 0 0 0 653 770 764 711 833 END
START 0 0 0 0 0 0 652 769 764 713 835 END
START 0 0 0 0 0 0 652 768 764 711 834 END
START 0 0 0 0 0 0 653 769 765 711 834 END
START 0 0 0 0 0 0 652 769 764 711 833 END
START 0 0 0 0 0 0 652 769 764 711 833 END
START 0 0 0 0 0 0 653 769 763 710 833 END
START 0 0 0 0 0 0 652 769 764 712 832 END
START 0 0 0 0 0 0 653 769 763 712 831 END
START 0 0 0 0 0 0 652 769 765 714 832 END
START 0 0 0 0 0 0 653 769 764 714 832 END
START 0 0 0 0 0 0 653 768 764 714 832 END
START 0 0 0 0 0 0 652 769 764 716 832 END
START 0 0 0 0 0 0 653 769 763 714 832 END
START 0 0 0 0 0 0 653 769 764 715 834 END
START 0 0 0 0 0 0 652 769 763 713 833 END
START 0 0 0 0 0 0 652 768 764 712 833 END
START 0 0 0 0 0 0 652 768 764 711 833 END
START 0 0 0 0 0 0 652 768 763 712 835 END
START 0 0 0 0 0 0 652 768 763 713 836 END
START 0 0 0 0 0 0 652 768 764 713 835 END
START 0 0 0 0 0 0 652 768 764 714 834 END
START 0 0 0 0 0 0 653 769 764 713 833 END
START 0 0 0 0 0 0 653 768 763 713 833 END
START 0 0 0 0 0 0 653 769 763 713 832 END
START 0 0 0 0 0 0 652 768 764 713 832 END
START 0 0 0 0 0 0 652 769 764 712 832 END
START 0 0 0 0 0 0 652 768 763 712 832 END
START 0 0 0 0 0 0 652 768 763 711 832 END
START 0 0 0 0 0 0 652 768 763 711 832 END
START 0 0 0 0 0 0 653 768 763 710 833 END
START 0 0 0 0 0 0 653 768 763 710 833 END
START 0 0 0 0 0 0 653 768 763 710 833 END
START 0 0 0 0 0 0 653 769 763 710 833 END
START 0 0 0 0 0 0 652 769 763 710 833 END
START 0 0 0 0 0 0 653 769 763 709 832 END
START 0 0 0 0 0 0 654 769 763 710 832 END
START 0 0 0 0 0 0 653 768 763 710 832 END
START 0 0 0 0 0 0 652 768 763 709 831 END
START 0 0 0 0 0 0 653 768 763 709 831 END
START 0 0 0 0 0 0 653 768 762 710 832 END
START 0 0 0 0 0 0 652 768 763 710 832 END
START 0 0 0 0 0 0 652 768 763 710 833 END
START 0 0 0 0 0 0 652 768 763 710 832 END
START 0 0 0 0 0 0 652 769 763 710 833 END
START 0 0 0 0 0 0 653 770 763 710 832 END
START 0 0 0 0 0 0 653 768 763 710 833 END
START 0 0 0 0 0 0 652 769 763 710 832 END
START 0 0 0 0 0 0 652 768 763 710 835 END
START 0 0 0 0 0 0 652 768 763 711 835 END
START 0 0 0 0 0 0 653 768 763 709 834 END
START 0 0 0 0 0 0 652 768 763 710 833 END
START 0 0 0 0 0 0 652 767 763 710 833 END
START 0 0 0 0 0 0 652 768 763 710 833 END
START 0 0 0 0 0 0 653 768 763 710 833 END
START 0 0 0 0 0 0 652 768 763 710 833 END
START 0 0 0 0 0 0 652 768 763 710 833 END
START 0 0 0 0 0 0 652 768 763 710 833 END
START 0 0 0 0 0 0 652 768 763 710 833 END
START 0 0 0 0 0 0 652 768 763 710 833 END
START 0 0 0 0 0 0 652 768 762 710 834 END
START 0 0 0 0 0 0 653 768 763 710 835 END
START 0 0 0 0 0 0 653 768 763 710 834 END
START 0 0 0 0 0 0 653 768 763 710 835 END
START 0 0 0 0 0 0 652 768 763 711 835 END
START 0 0 0 0 0 0 652 768 763 710 835 END
START 0 0 0 0 0 0 652 768 762 710 834 END
START 0 0 0 0 0 0 653 768 763 711 834 END
START 0 0 0 0 0 0 653 768 764 710 833 END
START 0 0 0 0 0 0 652 768 763 710 833 END
START 0 0 0 0 0 0 652 768 763 710 833 END
START 0 0 0 0 0 0 652 768 762 710 834 END
START 0 0 0 0 0 0 653 768 762 710 834 END
START 0 0 0 0 0 0 653 768 763 710 833 END
START 0 0 0 0 0 0 653 768 763 710 834 END
START 0 0 0 0 0 0 653 768 762 709 833 END
START 0 0 0 0 0 0 652 768 763 710 833 END
START 0 0 0 0 0 0 652 767 763 710 834 END
START 0 0 0 0 0 0 653 768 763 710 835 END
START 0 0 0 0 0 0 652 768 763 710 835 END
START 0 0 0 0 0 0 653 768 763 710 835 END
START 0 0 0 0 0 0 654 768 763 711 835 END
START 0 0 0 0 0 0 654 767 763 711 835 END
START 0 0 0 0 0 0 653 768 763 711 835 END
START 0 0 0 0 0 0 653 768 763 711 833 END
START 0 0 0 0 0 0 653 767 763 711 834 END
START 0 0 0 0 0 0 653 768 763 711 833 END
START 0 0 0 0 0 0 653 768 763 711 833 END
START 0 0 0 0 0 0 653 768 763 711 833 END
START 0 0 0 0 0 0 653 769 763 711 833 END
START 0 0 0 0 0 0 653 768 763 711 832 END
START 0 0 0 0 0 0 653 767 762 711 833 END
START 0 0 0 0 0 0 653 767 763 711 833 END
START 0 0 0 0 0 0 654 767 763 710 832 END
START 0 0 0 0 0 0 653 768 763 711 832 END
START 0 0 0 0 0 0 654 767 764 710 831 END
START 0 0 0 0 0 0 654 768 763 710 832 END
START 0 0 0 0 0 0 654 767 763 711 831 END
START 0 0 0 0 0 0 653 768 762 711 831 END
START 0 0 0 0 0 0 654 768 763 711 830 END
START 0 0 0 0 0 0 653 768 763 711 830 END
START 0 0 0 0 0 0 653 768 763 711 831 END
START 0 0 0 0 0 0 653 767 763 712 830 END
START 0 0 0 0 0 0 653 768 762 711 830 END
START 0 0 0 0 0 0 653 768 763 711 830 END
START 0 0 0 0 0 0 652 768 763 711 830 END
START 0 0 0 0 0 0 653 767 763 711 830 END
START 0 0 0 0 0 0 653 768 762 711 831 END
START 0 0 0 0 0 0 653 767 763 711 831 END
START 0 0 0 0 0 0 653 767 763 711 830 END
START 0 0 0 0 0 0 653 767 762 711 830 END
START 0 0 0 0 0 0 653 767 763 710 829 END
START 0 0 0 0 0 0 653 767 763 711 829 END
START 0 0 0 0 0 0 653 767 763 710 829 END
START 0 0 0 0 0 0 653 768 762 710 829 END
START 0 0 0 0 0 0 653 767 762 710 829 END
START 0 0 0 0 0 0 653 768 763 711 829 END
START 0 0 0 0 0 0 653 767 763 711 829 END
START 0 0 0 0 0 0 652 767 762 710 829 END
START 0 0 0 0 0 0 653 767 762 711 829 END
START 0 0 0 0 0 0 653 767 762 711 829 END
START 0 0 0 0 0 0 653 768 763 711 830 END
START 0 0 0 0 0 0 653 767 763 710 829 END
START 0 0 0 0 0 0 653 766 763 710 829 END
START 0 0 0 0 0 0 653 767 763 710 830 END
START 0 0 0 0 0 0 653 767 763 710 829 END
START 0 0 0 0 0 0 654 767 763 712 828 END
START 0 0 0 0 0 0 654 769 763 711 828 END
START 0 0 0 0 0 0 655 767 763 710 827 END
START 0 0 0 0 0 0 654 767 763 710 828 END
START 0 0 0 0 0 0 655 768 763 710 828 END
START 0 0 0 0 0 0 653 768 763 711 829 END
START 0 0 0 0 0 0 655 769 763 710 827 END
START 0 0 0 0 0 0 653 768 763 710 827 END
START 0 0 0 0 0 0 653 767 763 711 828 END
START 0 0 0 0 0 0 653 769 763 711 831 END
START 0 0 0 0 0 0 653 768 763 710 834 END
START 0 0 0 0 0 0 654 769 763 710 833 END
START 0 0 0 0 0 0 654 768 763 710 831 END
START 0 0 0 0 0 0 654 768 763 710 830 END
START 0 0 0 0 0 0 654 768 763 710 830 END
START 0 0 0 0 0 0 654 768 763 710 829 END
START 0 0 0 0 0 0 654 768 763 710 829 END
START 0 0 0 0 0 0 654 767 763 710 828 END
START 0 0 0 0 0 0 654 768 764 710 829 END
START 0 0 0 0 0 0 654 768 763 710 828 END
START 0 0 0 0 0 0 653 768 763 710 830 END
START 0 0 0 0 0 0 653 768 763 710 829 END
START 0 0 0 0 0 0 654 767 763 710 830 END
START 0 0 0 0 0 0 653 767 762 709 830 END
START 0 0 0 0 0 0 654 768 762 709 829 END
START 0 0 0 0 0 0 653 768 762 711 831 END
START 0 0 0 0 0 0 653 768 763 710 831 END
START 0 0 0 0 0 0 653 768 763 711 829 END
START 0 0 0 0 0 0 653 767 763 710 828 END
START 0 0 0 0 0 0 653 768 763 710 827 END
START 0 0 0 0 0 0 654 768 763 710 827 END
START 0 0 0 0 0 0 653 768 763 710 827 END
START 0 0 0 0 0 0 653 767 763 710 827 END
START 0 0 0 0 0 0 653 767 762 710 826 END
START 0 0 0 0 0 0 653 768 763 711 826 END
START 0 0 0 0 0 0 653 767 762 711 827 END
START 0 0 0 0 0 0 653 768 762 711 826 END
START 0 0 0 0 0 0 653 769 763 711 825 END
START 0 0 0 0 0 0 652 768 762 710 826 END
START 0 0 0 0 0 0 653 769 763 712 826 END
START 0 0 0 0 0 0 652 769 763 712 827 END
START 0 0 0 0 0 0 652 769 763 711 827 END
START 0 0 0 0 0 0 652 769 763 711 827 END
