START -1880 14716 -9200 69 -67 -533 687 755 738 711 871 END
START -1748 14596 -9112 97 -239 -433 686 756 737 708 870 END
START -2100 14740 -9224 159 -11 -232 686 755 738 711 869 END
START -1528 14596 -9184 153 -484 -97 687 755 738 711 868 END
START -1712 14624 -9296 91 -228 -153 684 755 738 711 867 END
START -1904 14676 -9324 127 -174 -101 688 755 737 710 866 END
START -1916 14348 -9292 166 -516 -141 687 759 744 713 866 END
START -1808 14752 -9048 328 -360 -31 687 757 746 715 867 END
START -2368 14432 -10044 382 -2120 -87 689 759 752 716 867 END
START -1352 14816 -9100 -24 -102 -528 689 757 750 717 867 END
START -1852 14400 -9000 91 -1194 -340 688 761 748 718 867 END
START -1840 14512 -9272 166 -471 -17 693 760 751 719 867 END
START -1716 14656 -9140 111 87 -129 694 760 750 718 867 END
START -1836 14560 -9224 168 22 -107 695 761 748 717 866 END
START -1520 14576 -9028 127 -89 -172 697 760 748 717 865 END
START -1852 14680 -9232 155 -230 -283 701 759 749 718 866 END
START -1764 14536 -9000 238 -256 -281 706 759 746 717 865 END
START -2228 14720 -9472 170 -137 -300 708 760 746 715 863 END
START -1740 14744 -8820 202 340 -301 708 758 744 714 863 END
START -1988 14608 -9252 188 -325 -337 708 758 744 715 863 END
START -1912 14548 -9236 104 -138 -223 708 758 744 714 862 END
START -1764 14548 -9388 21 -544 -407 707 757 744 715 862 END
START -1620 14588 -9324 79 -741 -291 707 758 744 713 862 END
START -1780 14600 -9152 -4 -407 -290 707 757 744 714 862 END
START -1872 14780 -8792 132 -613 -355 709 758 744 715 862 END
START -1540 14632 -9296 -9 -297 -293 711 755 744 715 862 END
START -1684 14604 -8936 61 -665 -279 709 758 743 715 862 END
START -2092 14760 -9088 157 -137 -333 710 758 744 714 862 END
START -1912 14612 -9248 137 -193 -253 710 758 744 715 861 END
START -1924 14716 -8980 61 -263 -259 711 758 743 714 861 END
START -1476 14660 -8768 244 -119 -116 711 758 743 714 861 END
START -2044 14696 -9236 263 -235 -182 709 759 744 714 862 END
START -2068 14644 -9400 186 -324 -273 709 758 743 714 862 END
START -1872 14724 -9128 115 -126 -253 709 757 743 714 862 END
START -1860 14608 -9056 180 -113 -287 707 761 743 714 862 END
START -1924 14672 -9080 126 -208 -347 709 758 744 714 862 END
START -1764 14772 -9076 48 -397 -332 709 757 743 714 861 END
START -1808 14520 -9184 -73 -360 -461 708 757 743 715 864 END
START -2052 14680 -8984 63 -553 -227 709 758 743 713 862 END
START -1892 14696 -9360 24 -300 -467 709 758 743 713 860 END
