START -2060 15680 -1852 497 -379 -129 673 753 727 708 849 END
START -2268 15940 -1972 406 -367 -304 673 753 727 709 849 END
START -2576 15804 -2076 -215 -287 -687 673 753 726 708 848 END
START -3680 15692 -1204 -297 87 -606 673 754 726 708 849 END
START -3216 15560 -1116 -119 -1066 334 673 753 727 708 849 END
START -2748 15436 -956 903 -395 632 673 754 727 708 848 END
START -2312 15796 -1568 1037 -411 560 673 754 727 709 848 END
START -1812 15492 -1576 1007 62 811 673 753 726 709 849 END
START -1612 15908 -2428 762 379 -150 673 753 727 709 848 END
START -1904 15708 -2568 256 -53 -808 672 754 727 708 849 END
START -2164 16176 -2180 -833 -525 -1355 673 753 727 709 848 END
START -3256 15780 -1564 -483 -308 -1034 673 753 727 708 848 END
START -3132 15644 -1228 -313 -1131 -98 672 753 727 708 849 END
START -2256 15528 -1144 -35 -59 222 673 753 727 709 849 END
START -2268 15736 -1468 319 -357 -243 673 753 727 708 849 END
START -2860 15788 -1568 230 -526 -252 673 753 727 708 848 END
START -2488 15800 -1220 212 -511 135 673 753 727 708 848 END
START -2760 15716 -1984 648 -1922 55 674 753 727 708 849 END
START -2300 15712 -2080 -105 -5819 -100 674 753 726 708 849 END
START -1692 15632 -1208 -366 -1841 -100 676 753 727 708 848 END
START -2544 15592 -1236 -20 -279 -271 681 753 727 709 848 END
START -1984 15600 -832 137 -615 -293 682 753 727 709 848 END
START -2432 15688 -1344 421 -387 -89 685 753 727 709 847 END
START -1912 15480 -1040 461 -155 -240 687 754 728 709 847 END
START -2216 15920 -1296 591 479 -351 688 754 729 709 847 END
START -1964 15672 -796 744 643 -312 688 755 729 707 847 END
START -2172 15484 -1520 546 -650 -453 687 756 729 706 846 END
START -2592 15800 -1876 678 673 -280 681 755 727 704 846 END
START -2720 15932 -1864 330 84 -124 675 750 725 702 845 END
START -2224 15876 -1844 -211 -1469 -370 673 752 724 701 840 END
START -2276 15784 -1340 -204 -886 -303 671 751 724 700 840 END
START -2380 15852 -536 182 -262 -227 666 750 723 700 841 END
START -2240 15852 -944 640 -789 -260 652 747 718 698 839 END
START -2400 15880 -1836 73 -733 -216 640 745 716 697 839 END
START -2256 15736 -1440 465 1 -91 639 745 716 697 838 END
START -2288 15876 -1788 -13 -691 -104 637 745 717 696 838 END
START -2424 15844 -1612 383 397 -175 634 738 712 694 837 END
START -2196 15696 -1632 182 -366 -246 631 734 710 692 837 END
START -2336 15796 -1392 257 141 -307 630 734 710 692 837 END
START -2196 15816 -1348 134 76 -86 630 735 710 693 837 END
