START -7232 13956 -4060 322 -821 674 660 750 725 709 851 END
START -6920 14120 -3640 284 -322 672 661 750 725 709 852 END
START -7044 14112 -4344 325 -269 321 660 750 725 709 852 END
START -7008 14276 -4660 99 19 -81 661 750 725 709 851 END
START -5960 14224 -4888 -104 1258 73 661 750 725 709 852 END
START -6624 14016 -5108 -368 910 370 661 750 726 711 852 END
START -6244 14124 -4616 143 536 115 661 751 726 711 853 END
START -6556 14060 -4804 125 301 -808 661 751 726 710 852 END
START -6712 14228 -4972 578 -735 -912 661 751 726 710 852 END
START -6688 14584 -4756 813 -631 39 661 750 726 710 852 END
START -6728 14644 -4708 518 -1083 558 661 750 726 711 852 END
START -6396 14644 -4524 -105 -1000 33 661 750 726 710 852 END
START -5816 14128 -4468 -236 -1353 -566 661 751 726 710 852 END
START -6124 13932 -4680 21 -505 -675 661 750 726 710 852 END
START -6624 14128 -4292 262 -357 -592 661 751 726 710 852 END
START -7212 14112 -4576 411 209 -397 661 751 726 710 852 END
START -6768 14280 -4536 398 -81 -411 661 751 726 710 852 END
START -6688 14156 -4388 223 -362 -597 661 751 726 710 851 END
START -6648 14292 -4572 439 321 -114 661 750 726 710 852 END
START -6652 14332 -4544 145 138 -566 661 750 726 710 852 END
START -6768 14252 -4764 116 -103 -324 661 751 726 710 852 END
START -7128 14360 -4412 291 0 110 661 751 726 710 852 END
START -6952 14212 -4048 241 -612 265 660 751 726 710 852 END
START -6032 13876 -4584 121 -449 -181 661 751 726 710 852 END
START -5244 13964 -4636 223 243 -796 661 751 726 710 852 END
START -5456 14348 -4876 417 1597 -700 661 750 726 710 852 END
START -6880 14512 -5188 341 2425 -400 660 751 726 710 852 END
START -7932 14284 -5296 -88 1407 -159 661 751 726 710 851 END
START -7704 14204 -4712 -177 -857 -121 660 751 726 710 852 END
START -7416 13808 -5000 -68 -1039 -364 661 751 726 710 852 END
START -6308 13792 -5004 210 -706 -563 660 751 726 710 852 END
START -6020 14048 -4840 467 -675 -687 660 751 726 709 852 END
START -6376 14104 -4996 426 134 -580 660 751 726 710 852 END
START -6908 14224 -5244 178 454 -434 660 750 726 710 852 END
START -7144 13948 -4964 196 438 -277 660 751 726 710 852 END
START -6764 13880 -4868 378 327 -440 660 750 726 710 852 END
START -6908 13956 -5284 405 -21 -403 660 751 726 710 852 END
START -6900 14120 -5512 462 89 -111 660 750 726 709 852 END
START -6984 13936 -5492 145 5 -139 660 750 726 710 852 END
START -6832 14100 -5040 118 71 -353 660 750 726 709 852 END
