START -7932 13056 -4380 352 -467 -288 635 732 705 675 829 END
START -7992 12984 -4248 418 -184 -377 635 733 704 675 829 END
START -8776 13248 -4396 354 268 -295 635 732 705 675 829 END
START -8488 13008 -4636 361 371 160 635 733 704 675 828 END
START -8120 13760 -5020 300 1193 -660 635 732 704 675 829 END
START -8372 12980 -5304 -270 -203 -782 635 732 704 675 828 END
START -8644 13424 -4436 -488 -629 -502 635 733 704 675 829 END
START -8872 12628 -3736 -287 -701 -249 634 733 704 675 830 END
START -7696 12960 -3872 394 -769 -366 634 732 704 675 829 END
START -8184 12952 -4640 551 -542 -832 635 733 704 675 829 END
START -9168 13140 -4884 -19 -69 -826 634 732 704 675 829 END
START -9232 13204 -3964 -203 -103 14 634 732 704 675 829 END
START -8284 12752 -3996 323 -57 413 635 732 704 675 829 END
START -8092 13060 -4472 559 -514 -185 634 732 704 675 829 END
START -8348 13080 -4860 225 -378 -492 634 732 704 675 829 END
START -9036 13092 -4540 -83 -378 -361 634 732 705 675 829 END
START -8748 12996 -4056 -33 -76 -94 634 733 704 675 828 END
START -8472 12924 -3896 201 -411 -88 634 732 704 675 828 END
START -8160 13228 -4108 558 -61 -576 634 732 704 675 829 END
START -8228 12944 -4748 299 -389 -875 634 732 704 675 829 END
START -9220 12968 -4940 251 -351 -780 634 733 705 675 829 END
START -9268 13016 -4264 15 -77 -27 634 732 705 675 829 END
START -9208 12976 -4844 -271 742 -57 634 732 704 675 829 END
START -8324 12920 -3504 -657 -528 564 635 732 704 675 828 END
START -7256 12540 -3548 336 522 248 634 732 704 675 829 END
START -7276 13052 -5284 1932 1316 -1263 634 732 704 675 829 END
START -10524 13516 -6484 -194 254 -1196 634 732 704 675 828 END
START -9720 13312 -4036 -1496 -1008 -295 634 732 704 675 829 END
START -8740 12396 -3320 193 -771 402 634 732 704 675 828 END
START -8140 12984 -4260 612 -1022 244 634 732 704 675 828 END
START -8424 13152 -4560 225 -698 -386 634 732 704 675 829 END
START -8192 12640 -4204 75 19 -599 634 732 704 675 829 END
START -9024 13332 -4636 280 -263 -1319 634 732 704 675 829 END
START -9408 12880 -4800 20 345 -26 634 732 704 675 829 END
START -8816 13352 -3968 -609 -287 5 634 732 704 675 829 END
START -8684 12604 -3972 15 -223 -22 634 732 704 674 829 END
START -8504 12772 -4288 397 -360 64 634 732 704 675 829 END
START -8716 13172 -4416 349 -355 104 634 732 704 675 828 END
START -8380 13116 -4308 115 -31 -168 634 732 704 675 829 END
START -8708 12772 -4252 156 -78 -59 634 732 704 675 828 END
