START -4240 15040 -1008 36 244 -530 685 749 729 711 863 END
START -4036 15172 -700 100 400 -496 685 749 730 711 863 END
START -4092 15316 -952 268 62 -404 685 751 730 711 863 END
START -4460 15308 -1024 251 82 -249 685 750 728 710 863 END
START -4312 15280 -1212 108 -13 -126 685 752 730 711 863 END
START -4348 15076 -1132 63 -250 -151 685 751 730 710 863 END
START -4276 15216 -860 122 79 -204 685 751 730 710 862 END
START -4232 15136 -1136 111 -159 -211 685 751 730 709 863 END
START -4280 15172 -1344 88 -251 -168 685 751 729 711 863 END
START -4004 15200 -956 93 -219 -300 685 751 730 710 863 END
START -4388 15180 -1096 150 -214 -372 684 751 730 710 863 END
START -4488 15156 -1396 116 -166 -243 685 751 734 710 863 END
START -4232 15196 -1144 93 -268 -404 685 751 730 711 861 END
START -4320 15172 -1232 73 -167 -400 685 751 730 710 863 END
START -4388 15148 -1112 217 -56 -352 685 751 730 710 863 END
START -4428 15216 -976 121 0 -260 685 751 730 709 862 END
START -4320 15152 -988 128 -66 -296 684 750 730 710 863 END
START -4360 15156 -1172 130 -77 -248 685 751 730 710 863 END
START -4352 15216 -1160 153 -190 -186 684 751 730 710 863 END
START -4360 15084 -1252 167 -256 -321 684 748 730 710 863 END
START -4260 15212 -1108 200 -147 -300 685 751 730 710 863 END
START -4508 15172 -1156 219 -282 -404 685 751 730 710 863 END
START -4256 15304 -1080 49 -129 -204 685 751 730 710 862 END
START -4264 15168 -1068 160 -184 -317 685 750 731 710 862 END
START -4340 15212 -1100 95 -244 -243 686 751 730 710 863 END
START -4384 15296 -1240 107 -201 -231 685 751 730 710 861 END
START -4500 15092 -1124 169 -120 -228 685 751 731 711 862 END
START -4376 15220 -984 54 -141 -301 686 751 730 710 863 END
START -4408 15148 -1100 0 -27 -345 685 751 731 710 862 END
START -4288 15188 -1036 37 -113 -301 685 751 730 710 862 END
START -4224 15196 -1216 24 -98 -301 685 751 729 710 862 END
START -4412 15176 -920 -39 -226 -253 685 751 730 710 862 END
START -4392 15176 -1248 61 -244 -253 685 751 730 710 859 END
START -4272 15304 -1056 -51 -152 -149 685 749 729 710 861 END
START -4380 15148 -816 -1 99 -37 685 751 730 710 862 END
START -4504 15032 -964 116 -196 -126 685 751 730 709 861 END
START -4384 15120 -940 101 -310 -459 683 751 730 710 861 END
START -4468 15356 -896 67 -366 -408 683 751 730 710 863 END
START -4436 15368 -896 -8 -123 -205 689 750 730 710 862 END
START -4348 15160 -1084 4 -307 -67 685 750 730 709 862 END
