START -3000 15564 -1804 219 -525 -260 706 737 716 695 846 END
START -2880 15784 -1832 273 -704 -168 705 738 716 695 845 END
START -2332 15312 -1876 161 -421 -199 707 737 716 695 846 END
START -2716 15688 -1996 -45 -482 -421 707 737 716 695 845 END
START -2652 15768 -2444 -366 -985 -568 707 737 716 695 845 END
START -2404 15728 -2000 -648 -985 -327 707 737 716 695 845 END
START -2668 15612 -1820 -825 -1070 -422 707 738 716 695 845 END
START -2668 15636 -992 -452 -586 -359 707 737 717 696 846 END
START -3084 15700 -1672 -249 -805 -271 706 738 717 696 846 END
START -2780 15680 -1732 58 -117 -75 706 739 718 696 845 END
START -2864 15676 -1656 -169 -183 -117 705 739 718 697 845 END
START -2488 15700 -1468 -328 -461 -141 705 743 719 697 846 END
START -2480 15608 -1204 -264 -153 -252 703 746 720 698 847 END
START -2840 15696 -1240 -221 -161 -200 702 746 723 698 847 END
START -2588 15568 -1480 -71 -440 -343 702 746 727 700 848 END
START -2720 15684 -1504 13 -103 -172 701 747 725 701 847 END
START -2812 15632 -1028 158 104 -101 700 747 725 700 847 END
START -2728 15732 -1272 57 -37 -180 700 746 723 699 847 END
START -2352 15776 -1116 415 189 -106 698 744 720 698 847 END
START -2508 15652 -1604 302 1105 -270 690 743 717 696 845 END
START -2612 15564 -1260 417 -231 -235 682 741 716 695 844 END
START -2728 15604 -1356 412 -97 -507 682 741 716 696 844 END
START -2956 15856 -1596 498 -83 -257 681 741 715 694 843 END
START -3008 15876 -1368 578 873 -62 680 739 714 694 843 END
START -2380 15752 -1588 230 -167 2 679 739 713 693 843 END
START -2472 15800 -1856 148 1003 -163 674 739 713 693 842 END
START -3000 15640 -1708 -18 373 -262 672 738 712 691 841 END
START -2632 15744 -1760 42 455 -51 671 738 712 692 841 END
START -2424 15816 -1248 -52 59 -86 668 738 712 691 840 END
START -3084 15796 -1712 -34 1140 -171 664 738 711 691 840 END
START -2528 15664 -1540 38 -469 -375 660 738 712 691 840 END
START -2872 15796 -1612 219 -634 -354 657 738 712 691 840 END
START -2752 15664 -1676 292 -307 -146 655 737 712 691 839 END
START -2352 15740 -1552 166 -732 -173 656 738 713 692 840 END
START -2612 15736 -1636 106 -395 -103 656 737 716 692 840 END
START -2348 15700 -1556 26 -227 -308 657 738 715 693 840 END
START -2800 15632 -1508 115 -107 -344 657 739 716 694 841 END
START -2828 15716 -1580 28 -146 -309 658 739 716 694 841 END
START -2832 15492 -1716 117 -57 -220 657 740 717 695 842 END
START -2464 15672 -1448 176 -51 -111 660 741 719 696 843 END
