START -5356 12120 -11652 319 231 -522 695 740 713 683 841 END
START -5064 12012 -12076 257 222 -656 696 740 714 683 841 END
START -5972 12136 -11984 584 647 -365 697 743 717 686 843 END
START -5472 11944 -11568 536 2046 -381 697 744 718 683 844 END
START -4368 12032 -12980 -191 -1826 -707 678 743 716 682 842 END
START -4804 12180 -11864 -596 -1604 -546 677 742 716 681 839 END
START -5588 12024 -11944 498 -45 -230 678 743 717 681 839 END
START -5388 12128 -12176 840 -44 153 680 743 717 681 838 END
START -4908 11960 -11972 359 -362 -232 682 743 716 681 839 END
START -5124 11868 -11524 183 -654 -430 688 742 715 681 838 END
START -5560 12096 -12780 -63 -1114 -709 696 743 712 674 835 END
START -5596 12048 -11588 -17 -577 -658 698 742 710 670 835 END
START -5916 11896 -11692 446 -747 -749 698 742 709 669 831 END
START -5732 12260 -12364 291 -872 -208 697 741 709 669 831 END
START -5880 11816 -11276 139 302 96 696 741 710 671 831 END
START -5012 11704 -11892 542 740 -321 691 741 710 673 834 END
START -4820 12128 -12040 233 89 -302 689 742 712 677 837 END
START -5848 11928 -12516 -803 -1042 219 690 745 716 681 837 END
START -4976 11812 -11640 -1117 -1298 669 694 746 716 682 839 END
START -4884 11516 -11200 -334 -122 356 695 744 715 682 839 END
START -5220 12424 -11648 274 636 113 691 742 715 683 841 END
START -5304 12212 -11408 215 -769 374 673 741 713 683 844 END
START -4856 12172 -11556 360 512 259 665 738 710 680 845 END
START -5744 13024 -11384 277 1616 -45 663 738 709 679 844 END
START -4140 11736 -11544 200 123 -272 664 738 709 679 844 END
START -4400 12716 -11704 -347 332 -523 662 740 712 684 847 END
START -5020 12324 -11644 -145 576 -334 663 741 714 686 850 END
START -4856 12368 -11700 91 111 -780 670 745 718 690 850 END
START -4936 12616 -11544 -8 1139 -805 677 748 721 695 851 END
START -5400 12820 -11108 -12 -1543 -765 688 749 723 693 849 END
START -5480 12496 -11240 -549 -1607 -313 692 751 724 691 845 END
START -5300 12208 -11372 -454 -261 -649 693 750 724 689 844 END
START -5348 12264 -11808 -146 -680 -553 696 750 723 689 844 END
START -5156 12024 -11724 -26 -342 -575 698 749 724 688 844 END
START -5788 12360 -11256 -300 -220 -410 702 747 721 687 844 END
START -5736 12316 -11076 -152 -805 -455 701 746 720 686 844 END
START -5048 12092 -10924 414 -198 -293 699 745 720 686 844 END
START -5920 12592 -11428 470 -328 -54 699 745 720 686 844 END
START -5364 12176 -11548 247 -46 -19 698 745 720 686 844 END
START -5060 12336 -11460 202 253 -216 697 745 720 686 843 END
