START -1892 15932 -2504 108 -277 -200 674 752 725 711 852 END
START -1688 16004 -2476 132 -302 -196 675 752 725 711 851 END
START -1272 15764 -2244 87 -219 -249 674 751 725 711 852 END
START -1740 16012 -2376 113 -125 -613 673 752 725 711 851 END
START -2064 15948 -2444 42 -83 -361 674 752 725 711 851 END
START -2336 15904 -2180 54 -205 -48 673 752 725 711 851 END
START -1912 15852 -1924 168 -106 95 674 752 725 711 852 END
START -1368 15760 -2240 364 -89 -199 674 752 725 711 851 END
START -1652 15900 -2384 348 -150 -239 674 752 725 711 851 END
START -1724 16040 -2412 316 -142 -162 673 751 725 711 851 END
START -1852 15992 -2656 146 -89 -205 673 752 725 711 851 END
START -1548 15948 -2296 -34 -61 -308 674 751 725 711 851 END
START -1876 15948 -2184 -34 -167 -272 674 751 724 710 851 END
START -1740 15856 -2200 130 -231 -228 674 751 724 710 851 END
START -1756 15944 -2364 171 -337 -269 674 751 725 710 851 END
START -1672 15988 -2600 -17 -260 -232 674 751 724 711 851 END
START -1540 15932 -2292 -69 102 -249 675 752 725 710 851 END
START -1776 15844 -2160 -192 71 -447 675 752 725 711 851 END
START -1664 15788 -1860 16 24 -335 674 752 725 711 851 END
START -1816 15948 -2024 312 -146 -302 674 752 725 710 851 END
START -1988 15912 -2216 434 -346 -200 674 751 725 710 850 END
START -2012 16020 -2520 259 34 -175 674 752 725 710 851 END
START -1796 15936 -2120 -206 -171 -159 675 751 725 709 850 END
START -1524 15580 -2172 92 -292 -195 676 752 725 710 851 END
START -1856 15876 -1968 258 -515 -205 676 751 724 710 851 END
START -1424 15608 -2284 639 -443 -205 677 751 724 709 850 END
START -1516 15856 -2532 261 -627 -384 677 751 724 709 850 END
START -1832 15976 -2292 -77 -329 -425 678 750 723 708 849 END
START -1960 15940 -2032 -91 -208 -320 678 749 723 707 849 END
START -2192 16036 -1928 -56 -474 -191 677 750 723 707 849 END
START -1584 15908 -1892 170 -517 8 677 750 723 707 849 END
START -1672 15680 -2616 488 -541 -251 677 750 723 707 849 END
START -1784 15824 -2740 263 -367 -391 678 749 723 707 848 END
START -1736 16168 -2276 223 -210 -248 677 749 723 707 849 END
START -1708 15884 -1968 -100 -44 -296 677 749 722 706 847 END
START -1936 16068 -1884 35 116 -194 676 749 722 704 845 END
START -1776 15488 -2008 293 -159 -243 676 748 721 704 845 END
START -1272 15784 -2100 230 -544 -200 676 748 721 703 843 END
START -1800 15896 -2256 156 -475 -439 676 748 721 703 844 END
START -1640 16024 -2556 -54 -40 -711 676 748 721 703 843 END
