START -8784 12880 -4172 25 -45 -454 634 738 711 687 835 END
START -8916 12924 -4324 52 -41 -503 635 738 711 687 835 END
START -8936 12936 -4040 17 -202 -208 635 737 710 687 834 END
START -8656 12892 -4136 201 -215 -25 635 738 710 687 834 END
START -8496 13016 -4072 276 -183 -126 635 738 710 687 835 END
START -8284 12876 -4008 318 190 -146 635 738 710 687 834 END
START -8144 13000 -4544 22 42 -655 635 738 711 687 834 END
START -8556 12756 -4256 -21 27 -951 635 738 711 688 834 END
START -8848 12956 -4436 -127 128 -971 635 738 711 688 834 END
START -9404 12808 -4340 -197 -200 -784 635 738 710 687 834 END
START -9000 12836 -4148 -53 4 -439 634 738 710 688 835 END
START -8816 12748 -4192 -27 -295 -429 635 738 710 687 834 END
START -8864 12808 -4304 -128 -212 -400 634 738 711 687 834 END
START -8808 12452 -4104 33 -388 -287 635 738 710 687 834 END
START -9264 12716 -4136 261 -385 -341 635 738 711 687 834 END
START -9364 12696 -4264 350 -265 31 634 738 710 687 834 END
START -10468 12988 -4320 -106 -1640 543 634 737 710 687 835 END
START -9172 13344 -4016 645 244 1106 634 737 710 687 834 END
START -8136 12840 -3832 82 -699 1327 634 738 710 687 834 END
START -6732 12684 -4232 585 -463 1022 632 737 710 687 834 END
START -7948 12812 -5156 100 1183 -412 634 737 710 687 834 END
START -9224 14168 -4400 -1037 501 -1273 634 738 710 687 834 END
START -9164 13076 -3320 -1363 -123 -1100 634 738 710 687 834 END
START -8684 12864 -3248 213 -949 -590 634 737 710 687 834 END
START -9424 13300 -3856 1163 -860 -123 634 738 710 687 834 END
START -8568 12888 -4092 951 -1258 9 634 738 710 687 834 END
START -7712 12708 -4268 760 -518 110 634 737 711 687 834 END
START -8148 13384 -4852 644 -102 -936 634 738 710 687 834 END
START -9760 12948 -4724 -272 172 -1354 634 738 710 687 834 END
START -10824 13212 -3380 -670 -1538 14 634 738 710 687 834 END
START -8196 12860 -2704 385 518 1379 634 738 711 687 834 END
START -7220 12740 -2940 814 -984 1619 634 738 710 687 834 END
START -7032 12740 -4280 1363 618 1123 634 737 710 687 834 END
START -7496 13504 -5164 2211 1756 529 634 737 710 687 834 END
START -8756 12604 -5164 620 397 262 634 737 710 687 834 END
START -8472 13640 -4592 809 232 -102 633 737 710 687 834 END
START -8252 13560 -4492 441 410 73 633 737 710 687 834 END
START -8384 13652 -4776 192 126 272 633 737 710 688 834 END
START -7120 13492 -4748 182 485 519 633 738 711 688 835 END
START -7188 13680 -4760 322 -1070 -379 632 738 711 688 834 END
