START -5892 11116 -12924 -229 -75 -349 662 739 711 691 861 END
START -6000 11084 -12868 -178 -87 -362 662 741 711 690 861 END
START -5760 10992 -12560 143 -370 -198 661 739 711 691 861 END
START -4788 10552 -11836 1154 -204 -333 661 738 711 690 859 END
START -5432 11112 -12560 2115 1425 -1164 661 739 711 688 849 END
START -6412 11792 -13684 1517 1272 -1059 661 740 712 689 837 END
START -5864 11284 -13568 482 550 -52 661 741 713 691 832 END
START -5344 10344 -13604 43 289 313 661 742 715 695 830 END
START -5020 10288 -13612 311 142 187 661 742 716 699 829 END
START -5696 10540 -14004 -33 -475 50 661 743 717 700 828 END
START -6088 10704 -13996 -371 -1177 184 661 743 716 699 827 END
START -5004 10572 -13260 -327 243 369 661 742 716 697 826 END
START -4516 10636 -12872 298 -83 134 661 742 715 697 825 END
START -5040 10224 -13420 1077 -583 -537 661 741 714 697 833 END
START -6252 11312 -14152 548 272 -800 662 742 714 697 842 END
START -5204 10976 -13308 -207 -393 445 662 741 714 698 844 END
START -4192 10548 -13016 -173 -103 -181 661 741 714 698 845 END
START -4808 10568 -13604 385 335 -364 661 741 714 700 845 END
START -5628 10636 -13380 353 440 -517 662 742 715 701 847 END
START -5388 10360 -13424 576 139 111 661 741 714 697 849 END
START -5620 10616 -14092 878 1620 247 661 741 713 694 849 END
START -4932 10844 -14024 510 -840 40 662 740 713 693 847 END
START -5200 10752 -13372 118 -1410 -313 661 741 713 694 847 END
START -4240 10732 -13420 380 -21 173 661 740 713 693 848 END
START -4672 10888 -13984 -13 1265 -421 661 740 712 694 854 END
START -5344 10636 -14116 -85 3236 -1069 661 740 713 695 860 END
START -5120 9904 -14140 -313 -284 -433 661 740 713 697 861 END
START -4828 10084 -13656 417 -371 479 661 741 713 699 864 END
START -4312 10736 -13880 924 423 702 661 740 713 700 866 END
START -3740 11004 -13840 634 232 -97 661 741 713 700 866 END
START -4448 10816 -14132 5 -678 -548 661 741 714 701 865 END
START -4196 10672 -13668 96 1691 -285 661 741 714 700 862 END
START -4488 10632 -14152 498 1136 -202 662 742 714 699 860 END
START -4520 10764 -14584 -47 -1092 -186 661 741 714 699 859 END
START -4724 10628 -14324 -630 -1641 210 661 741 715 699 859 END
START -4372 10424 -13992 -841 -1069 310 661 742 714 699 861 END
START -4324 10880 -13540 -936 -2714 111 661 742 715 699 860 END
START -4676 10728 -13368 -708 -3157 -234 661 742 714 698 861 END
START -5652 10880 -13232 -759 -4284 -596 661 742 714 698 860 END
START -5556 11112 -12544 -292 -1144 142 660 741 714 698 859 END
