START -10048 10612 -8240 185 -273 -443 706 730 705 680 841 END
START -10544 10416 -8800 59 301 -238 707 730 705 679 839 END
START -9796 10276 -8268 23 22 -296 707 730 704 679 840 END
START -10296 10328 -8436 -69 157 -547 707 729 704 679 840 END
START -9920 10180 -8380 33 -139 -416 708 729 704 679 840 END
START -10924 10188 -8876 -236 -532 -351 708 729 704 678 840 END
START -10720 10224 -8572 -334 -943 -185 708 729 702 676 838 END
START -10164 10392 -8056 -129 371 251 709 729 701 675 837 END
START -9496 10480 -7600 243 -102 276 708 728 701 675 836 END
START -9984 10524 -8264 264 -330 -227 708 728 701 674 836 END
START -10248 10616 -8256 211 345 -51 708 728 701 675 836 END
START -9532 10272 -7764 359 -218 -99 708 728 701 675 835 END
START -10668 10656 -8552 271 -309 -334 707 728 701 675 835 END
START -10280 10476 -8672 16 318 -119 707 728 701 675 835 END
START -9956 10452 -8236 5 352 -99 707 728 701 674 835 END
START -10676 10524 -8928 26 -94 -271 707 728 701 675 835 END
START -10688 10576 -8680 -242 -131 -244 706 729 703 676 837 END
START -10072 10608 -8164 -208 -1360 106 706 731 707 681 842 END
START -10136 10588 -8052 -140 -593 -33 705 734 709 684 844 END
START -9784 10560 -8032 118 316 -144 706 736 711 686 845 END
START -10540 10664 -8324 278 -498 -461 704 738 711 687 845 END
START -10120 10828 -8096 164 -240 -199 705 738 711 687 845 END
START -9464 10692 -7800 118 -596 -48 705 737 712 687 847 END
START -9892 10628 -7884 620 905 -169 706 738 712 687 845 END
START -9964 10516 -8552 291 -352 -592 705 736 710 684 844 END
START -10716 10408 -8632 180 -2 -711 707 736 709 683 842 END
START -9968 10328 -8504 234 -471 -623 707 735 708 680 840 END
START -11104 10620 -8708 7 -531 -575 708 735 707 679 837 END
START -10840 10400 -8416 -295 753 63 708 735 707 677 836 END
START -9864 10192 -7948 -141 130 67 707 733 706 676 835 END
START -10372 10576 -8912 -210 -1847 -719 706 732 704 674 834 END
START -11148 10552 -8176 235 510 -373 706 731 702 673 833 END
START -10932 10692 -8216 317 823 270 705 730 702 672 832 END
START -9664 10520 -8232 181 -570 133 705 730 701 671 832 END
START -9684 10472 -8560 522 371 -357 704 730 701 671 832 END
START -10576 10516 -8680 650 651 -1362 704 730 700 671 831 END
START -11064 10628 -8832 136 467 -639 704 730 702 671 830 END
START -10444 10184 -8632 -88 -178 316 704 730 701 671 831 END
START -9844 10536 -8152 36 -753 -8 703 730 700 671 831 END
START -9896 10396 -8552 350 147 -461 703 731 701 671 831 END
