START -9880 10884 -8128 126 26 290 640 742 712 686 834 END
START -9816 10780 -8520 161 21 256 640 742 712 686 834 END
START -9988 11156 -8496 -148 -496 17 640 742 712 686 833 END
START -9300 11348 -8016 -136 -151 111 640 742 712 686 834 END
START -9604 10688 -7896 -150 -365 -339 640 742 712 686 834 END
START -9660 10588 -7732 520 -259 -537 641 743 712 686 833 END
START -9856 11000 -8460 864 136 -436 640 743 712 686 833 END
START -9976 11432 -8828 452 -79 -574 641 744 713 688 834 END
START -9696 11108 -8572 106 18 -509 641 744 714 689 835 END
START -10240 10668 -8692 -33 -337 -699 641 744 715 689 835 END
START -10160 10544 -8376 88 -127 -467 641 744 714 688 835 END
START -10500 10508 -8420 -51 -104 -193 641 744 714 688 835 END
START -9576 10744 -8160 255 208 103 641 744 714 688 835 END
START -9684 11036 -8756 270 315 -44 641 744 714 688 835 END
START -9996 11060 -8808 -143 -126 -354 641 744 714 688 835 END
START -10416 10392 -8408 -623 -675 -373 641 744 714 688 832 END
START -9924 10564 -7800 153 -398 41 641 744 714 688 834 END
START -9708 11084 -8356 489 -47 5 641 744 714 688 835 END
START -9924 10740 -8196 6 -200 -34 641 744 714 688 834 END
START -10004 10872 -8156 241 -119 53 640 744 714 688 834 END
START -9940 10852 -8556 481 -596 123 640 744 714 688 834 END
START -9108 11008 -8396 236 41 -64 641 744 714 688 834 END
START -8992 11224 -8464 275 797 -938 641 744 714 688 834 END
START -10060 10932 -8720 -165 351 -1457 641 743 713 688 835 END
START -10708 10452 -8516 -166 -147 -820 640 744 714 688 835 END
START -10252 10492 -8476 574 -256 -39 641 743 714 688 835 END
START -9564 10768 -8852 579 -369 -39 641 744 714 688 834 END
START -9432 10896 -8528 232 -41 -419 641 744 714 689 835 END
START -10088 10524 -8748 168 -304 -599 641 744 714 688 835 END
START -10044 10656 -8340 488 -286 -95 641 744 714 688 835 END
START -9652 10604 -8632 320 35 -63 641 744 714 688 835 END
START -9608 10892 -8540 534 -65 -492 641 744 713 690 835 END
START -10292 10820 -9280 295 59 -243 642 744 714 688 835 END
START -9588 10672 -8568 -63 -319 -579 641 744 714 688 835 END
START -9456 10844 -8280 410 329 -1119 641 744 714 689 835 END
START -10244 10056 -9036 230 499 -1512 641 744 714 688 835 END
START -11840 9732 -9468 -4 -476 -425 640 743 714 688 835 END
START -10736 10416 -8816 -101 -609 1525 641 743 712 688 835 END
START -8652 11176 -8288 127 52 1390 641 744 714 688 835 END
START -8868 11020 -9088 233 1751 -96 641 744 714 688 835 END
