START -3412 15340 -6156 -2023 -7214 756 698 755 739 708 854 END
START -3208 15544 -5988 -1993 -7213 616 696 756 738 708 853 END
START -3332 15892 -6000 -1736 -6367 178 697 755 738 709 853 END
START -3356 16000 -5904 -2069 -7963 1051 697 755 740 709 854 END
START -2824 15244 -5592 -1940 -6344 782 696 755 738 709 855 END
START -2540 14856 -4808 -2378 -8309 353 696 754 738 707 858 END
START -2416 15652 -3332 -2083 -17014 577 695 754 738 708 859 END
START -3260 15272 -2156 -554 -15494 122 696 754 738 709 861 END
START -2692 15152 -2224 -188 -10439 507 696 755 738 709 862 END
START -3096 15012 -1580 653 -8363 -282 695 754 738 709 863 END
START -3608 15924 -2820 1538 -7790 -31 695 757 737 710 865 END
START -2880 15848 -2568 157 -5299 765 693 754 738 710 865 END
START -2920 15576 -2400 -502 -3161 549 695 754 737 710 865 END
START -2888 15464 -1784 -400 -1647 -403 694 754 737 710 865 END
START -2924 15884 -816 -1019 -1266 -719 694 754 736 710 865 END
START -3000 15984 -1024 -789 -1875 -706 693 754 736 709 864 END
START -2864 15764 -1452 -2189 -1571 -234 694 755 736 710 864 END
START -2628 15504 -476 -2769 -1262 -1321 693 754 736 712 870 END
START -2100 15476 848 -2496 -3156 -1612 692 752 735 714 872 END
START -3448 15080 1128 -1917 -3563 -924 691 754 735 713 872 END
START -3076 15172 732 -894 -2640 -80 692 755 735 713 871 END
START -3064 15268 424 -15 -1293 -650 693 754 735 713 871 END
START -2308 14916 1376 297 -852 -964 692 754 735 713 868 END
START -3064 14724 1024 2242 -1001 -1360 691 754 735 711 872 END
START -3252 14880 -92 3432 99 -934 691 754 735 712 869 END
START -2824 15032 -828 2735 574 -613 691 752 735 713 869 END
START -3304 15596 -708 1274 941 -984 691 755 735 713 868 END
START -3728 15904 -272 275 79 -1352 692 754 736 713 868 END
START -3676 15976 604 -230 -421 -786 691 753 735 712 868 END
START -4060 14988 560 -1332 -1349 25 691 754 735 712 868 END
START -3664 15184 272 -1691 -1520 136 691 755 733 712 867 END
START -3436 14960 -52 -436 -427 -88 691 754 735 712 868 END
START -3456 14964 228 -1283 -286 -113 691 753 735 712 868 END
START -3452 14760 896 -2115 438 238 691 754 735 713 867 END
START -3096 14852 1376 -1293 529 1047 692 754 735 712 867 END
START -2904 15000 684 1225 679 1261 691 754 735 711 867 END
START -2752 15900 240 1907 600 968 691 754 735 712 867 END
START -2636 15256 276 1389 -127 730 692 754 735 712 867 END
START -1860 15608 544 1191 -383 -287 692 754 735 711 867 END
START -2576 15252 832 1240 -1187 -1512 692 755 736 711 866 END
