START 0 0 0 0 0 0 693 771 740 714 841 END
START -5984 14240 -6508 3168 4703 -7908 692 771 740 714 841 END
START -6012 14428 -6380 121 -259 -211 692 771 741 714 840 END
START -5948 14372 -6100 163 -195 -241 689 771 740 714 841 END
START -5828 14204 -6232 191 -1 -202 692 771 741 715 841 END
START -5812 14196 -6280 240 -303 -340 693 771 741 716 840 END
START -5676 14188 -6304 54 -591 -480 692 771 741 716 841 END
START -5972 14396 -5820 192 -656 -499 692 771 741 716 841 END
START -6300 14220 -6484 217 -514 -300 692 771 740 715 840 END
START -6032 14284 -6108 134 -2312 -45 691 771 740 715 840 END
START -5908 14156 -5708 223 -1366 -80 691 771 740 715 840 END
START -5592 14200 -5768 258 -290 -72 691 771 741 715 840 END
START -6032 14432 -5776 355 -45 -148 693 771 740 715 841 END
START -5856 14236 -6232 321 -873 -213 695 771 741 716 844 END
START -5900 14124 -6128 295 -90 -95 698 771 741 717 842 END
START -5600 14412 -5676 291 -711 -100 700 773 742 718 842 END
START -5952 14236 -6276 293 -828 -233 701 773 743 718 843 END
START -5964 14344 -5680 390 -224 -156 702 774 743 719 844 END
START -5920 14152 -6088 357 33 -257 702 773 744 721 845 END
START -6172 14328 -6172 239 -443 -230 703 774 744 722 846 END
START -5704 14356 -5848 50 -45 -425 703 775 745 722 846 END
START -5844 14200 -6036 193 -308 -320 701 776 744 721 844 END
START -5808 14024 -5980 340 710 -220 694 773 742 716 843 END
START -5288 14168 -5880 644 -590 -383 686 771 740 713 839 END
START -6256 14072 -6540 433 1121 -202 682 769 738 711 837 END
START -6232 14124 -6468 40 -865 -269 677 767 735 708 836 END
START -5876 14616 -5888 -139 -455 -397 674 766 733 706 834 END
START -6208 14340 -5740 200 -286 -178 673 766 732 705 834 END
START -5492 14216 -6040 274 -551 -345 672 765 733 706 833 END
START -6124 14376 -6228 118 -246 -274 676 766 735 707 835 END
START -5580 14412 -5384 164 -1568 -207 680 768 737 709 837 END
START -5884 14120 -6068 454 -1300 -394 678 767 736 709 836 END
START -6624 14304 -6432 598 49 -260 671 766 733 705 832 END
START -6156 14548 -6404 140 338 -439 665 764 730 703 831 END
START -5736 14024 -6256 194 -653 -449 657 762 726 699 829 END
START -6372 14112 -6204 146 -441 -348 652 760 722 697 828 END
START -6304 14252 -6212 79 160 -257 656 761 725 699 830 END
START -5892 14212 -6008 294 -44 -163 663 765 730 704 834 END
START -5888 14332 -6512 88 -180 -253 671 767 735 708 837 END
START -6228 14284 -5940 56 -315 -125 675 769 738 712 839 END
