START -2136 12660 -12300 248 -591 -356 694 733 703 680 840 END
START -1712 12596 -12196 338 -413 -478 694 733 703 680 843 END
START -2796 12508 -12688 284 348 -421 693 733 702 679 840 END
START -2660 12584 -12692 320 526 -254 694 733 702 679 840 END
START -2536 12672 -12768 254 -461 -490 693 733 702 679 842 END
START -2980 12676 -12416 90 -416 -368 693 732 702 679 840 END
START -2164 12556 -12432 158 -635 -446 693 733 702 679 841 END
START -2684 12416 -12640 39 -460 -609 693 732 702 679 840 END
START -2720 12660 -12440 76 -255 -499 692 733 701 679 842 END
START -2696 12492 -12564 -5 -286 -231 692 733 701 679 840 END
START -2780 12720 -12456 88 -370 -278 692 733 702 679 842 END
START -2596 12704 -12484 -214 -316 -369 692 733 702 679 841 END
START -2516 12512 -12324 -315 -260 -582 692 733 702 679 842 END
START -3052 12504 -12012 -158 -1196 -632 692 733 702 679 841 END
START -2760 12708 -11488 759 -774 -271 692 734 702 679 840 END
START -3076 12612 -12144 1074 -1298 151 692 735 702 680 840 END
START -3112 12436 -12740 1056 -711 -272 691 735 702 679 840 END
START -3148 12380 -12804 582 -522 -187 693 735 703 678 840 END
START -3372 12244 -12456 475 -380 -108 693 734 702 679 842 END
START -2700 12312 -12372 878 -531 64 693 733 702 679 841 END
START -2864 12460 -12996 467 -359 193 692 734 701 679 840 END
START -2556 12232 -12484 277 -169 104 691 735 704 679 841 END
START -2912 12536 -12692 530 141 32 691 735 706 680 840 END
START -2796 12460 -12844 107 -100 24 690 735 707 681 840 END
START -2648 12188 -12792 -72 -441 -287 689 736 708 683 842 END
START -3084 12304 -12504 150 -29 -26 689 737 708 682 843 END
START -2884 12700 -13108 -100 173 24 689 737 709 683 842 END
START -2524 12356 -12820 -540 481 -364 688 737 709 683 842 END
START -2944 12096 -12852 -640 240 -1089 688 738 709 683 842 END
START -3372 12448 -12416 -278 -130 -382 687 737 709 683 841 END
START -3040 12772 -12212 460 -118 133 686 737 709 683 840 END
START -2356 12504 -12756 48 -432 254 685 738 709 683 841 END
START -2292 12352 -12236 -244 163 -246 686 738 708 683 839 END
START -2888 12680 -11984 19 483 -568 684 738 708 683 841 END
START -3128 12648 -12416 186 139 -308 682 738 709 683 841 END
START -2548 12360 -12252 514 265 -252 682 738 709 683 841 END
START -2640 12780 -12704 764 -401 -107 682 737 709 683 841 END
START -2308 14064 -13224 1614 -190 -555 682 738 709 683 842 END
START -3212 14160 -13820 -1362 861 779 682 738 709 683 842 END
START -3436 13464 -13096 -2988 -200 1500 682 738 708 684 841 END
