START -7416 12480 -8856 487 -399 343 655 740 716 694 843 END
START -7952 12344 -9104 520 -738 214 658 741 717 694 841 END
START -7336 12520 -8820 896 350 202 673 742 717 693 843 END
START -7744 12820 -9076 807 -979 -445 679 741 716 693 840 END
START -7352 12436 -9120 23 -2205 -480 687 741 714 694 833 END
START -6700 12544 -8384 183 -566 -174 690 740 714 695 830 END
START -6660 12640 -8296 499 -357 -204 691 739 713 693 830 END
START -7544 12640 -8732 297 275 -437 691 739 713 693 829 END
START -7472 12652 -8624 161 137 -268 689 739 713 693 827 END
START -7480 12488 -8800 -15 -168 -457 688 738 713 693 827 END
START -7460 12304 -8632 172 -95 -289 686 738 713 693 827 END
START -8180 12536 -8988 141 -188 -559 681 738 713 693 826 END
START -7528 12704 -8300 309 -484 -491 676 737 712 690 824 END
START -6820 12376 -8348 447 -737 -657 675 737 713 688 822 END
START -7936 12648 -9208 384 59 -411 676 737 712 688 821 END
START -7552 12516 -8492 407 451 -122 678 737 709 687 820 END
START -7964 12388 -9128 164 579 -299 681 736 707 686 820 END
START -7544 12348 -8908 87 -235 -502 683 736 706 686 820 END
START -7936 12292 -8940 57 78 -407 687 736 706 686 820 END
START -7964 12368 -8856 282 -460 -237 692 736 706 686 821 END
START -7568 12512 -9204 251 879 -259 697 736 707 686 820 END
START -7220 12400 -8972 67 -251 -303 698 736 706 686 820 END
START -7152 12240 -8864 92 -312 -362 700 736 706 685 820 END
START -7404 12432 -8940 -31 -750 -355 699 736 705 685 820 END
START -7576 12284 -8936 -27 289 -312 699 735 705 685 820 END
START -7660 12364 -8884 -81 -306 -233 699 736 705 685 820 END
START -7228 12400 -8332 84 -487 -253 698 736 705 685 820 END
START -7788 12364 -9312 5 -442 -89 698 736 706 685 820 END
START -6944 12492 -8788 192 -140 -443 698 736 706 686 820 END
START -6264 12660 -8812 -58 219 -306 696 737 711 690 824 END
START -7660 11876 -9776 -34 581 -119 703 744 719 700 836 END
START -8328 12524 -8900 -285 -54 -277 707 745 721 703 841 END
START -7656 12244 -8836 29 353 36 708 745 720 702 842 END
START -7496 11836 -9208 516 -538 130 707 745 719 701 844 END
START -7672 12532 -8940 266 -767 -141 700 745 719 701 848 END
START -7176 12824 -8580 496 1053 -104 695 745 719 702 851 END
START -6960 12448 -9572 441 301 -165 689 745 720 704 850 END
START -7044 12596 -8536 288 -838 -133 685 746 724 705 850 END
START -7364 12268 -9400 -17 19 -286 681 748 727 707 851 END
START -7184 12192 -9116 301 110 -713 680 750 730 709 851 END
