START -1860 14344 -9200 34 -68 -81 691 758 738 711 840 END
START -2424 14668 -9092 113 -317 -149 691 757 739 711 838 END
START -2124 14576 -9148 82 -146 -359 690 757 741 710 840 END
START -2300 14508 -9256 102 -291 -541 694 757 738 710 840 END
START -2652 14424 -9324 35 -263 -418 693 758 739 711 840 END
START -2340 14496 -9212 108 -387 -246 693 757 740 711 839 END
START -2324 14608 -9408 136 -210 -296 692 757 739 711 839 END
START -2012 14764 -8856 184 -438 -410 693 757 739 710 841 END
START -2600 14524 -9400 -24 -535 -494 693 756 739 710 839 END
START -2636 14300 -9124 91 -289 -379 692 758 739 710 840 END
START -2272 14580 -9168 233 -177 -82 691 757 739 709 840 END
START -2364 14452 -9360 157 -242 -343 692 757 738 710 840 END
START -2400 14584 -9216 42 -435 -449 692 756 739 710 841 END
START -2332 14584 -8980 7 -354 -272 692 757 739 711 841 END
START -2700 14608 -9132 114 -260 -339 692 757 739 710 840 END
START -2696 14540 -9224 115 -355 -268 695 757 739 710 840 END
START -2348 14512 -9132 154 -363 -339 694 755 738 711 840 END
START -2504 14536 -9172 19 -349 -503 692 755 740 710 840 END
START -2272 14524 -9176 -1 -533 -453 692 757 739 710 841 END
START -2692 14528 -9040 -39 -327 -464 692 756 739 710 840 END
START -2476 14536 -9052 23 -470 -385 690 757 739 710 840 END
START -2664 14536 -9048 144 -325 -300 692 757 739 711 840 END
START -2512 14544 -9068 183 -114 -331 692 757 739 710 840 END
START -2652 14376 -9064 145 -39 -409 692 756 739 710 840 END
START -2768 14292 -8908 105 -106 -305 691 756 739 708 840 END
START -2708 14368 -8948 109 -311 -34 692 755 739 710 840 END
START -2372 14500 -8932 351 13 100 689 757 739 710 841 END
START -2468 14584 -9080 262 -174 -359 692 756 739 710 841 END
START -2856 14432 -9164 133 -314 -401 692 756 738 710 840 END
START -2896 14268 -9168 299 -334 1 692 757 739 710 840 END
START -2160 14684 -8864 403 185 467 692 757 739 710 840 END
START -2324 14660 -9024 322 -27 -479 692 757 739 709 840 END
START -3052 14344 -8944 114 -660 -996 691 757 739 711 840 END
START -2248 14556 -8496 723 -243 180 691 758 739 710 840 END
START -2228 14692 -9308 1036 -187 -25 691 756 739 710 840 END
START -2796 14332 -9908 533 -371 -1169 691 757 737 710 841 END
START -3212 14128 -9580 443 -422 -832 691 757 739 710 840 END
START -3400 14316 -9680 73 -118 -495 691 756 739 711 840 END
START -3292 14320 -9292 -55 -211 -382 688 758 742 710 840 END
START -2808 14324 -9092 -215 -345 -189 690 755 739 710 840 END
