START 0 0 0 0 0 0 710 771 747 726 859 END
START -4100 15248 -3684 3737 3734 -8225 710 769 748 725 857 END
START -4440 15080 -4124 946 -957 -580 711 771 747 725 858 END
START -4940 15156 -4144 681 -511 -443 710 771 748 725 858 END
START -5024 15100 -4280 83 -568 -51 710 772 748 725 858 END
START -4424 15004 -4076 -302 -617 -104 709 771 747 725 857 END
START -4348 15220 -3388 -138 -82 -452 710 772 748 726 859 END
START -4828 15156 -3604 286 -100 -194 710 771 747 726 858 END
START -4508 15120 -3596 333 -714 -238 706 774 745 727 858 END
START -4644 15132 -3928 289 -601 -299 710 771 749 726 858 END
START -4640 15196 -3816 302 -261 -223 710 772 747 726 859 END
START -4580 15188 -3948 217 -648 -306 708 771 747 725 859 END
START -4500 15248 -3868 120 -452 -254 709 771 748 726 859 END
START -4356 15196 -3712 248 -440 -149 710 771 747 726 859 END
START -4644 15124 -3940 266 -363 -187 709 771 748 726 859 END
START -4320 15180 -3760 90 -395 -208 710 771 747 725 860 END
START -4720 15160 -3800 58 -380 -268 710 771 748 726 859 END
START -4520 15224 -3836 11 -128 -276 709 771 747 726 860 END
START -4592 15152 -3880 -6 -107 -160 709 771 747 726 859 END
START -4608 15124 -3820 32 -309 -195 709 771 747 727 859 END
START -4684 15188 -3776 -14 -474 -230 709 771 747 726 861 END
START -4716 15156 -3556 -9 -375 -298 710 771 747 726 860 END
START -4632 15220 -3540 -27 -277 -217 709 771 746 727 860 END
START -4600 15124 -3624 38 -163 -125 710 771 747 726 860 END
START -4420 15164 -3644 -25 -323 -129 709 772 747 725 859 END
START -4560 15152 -3600 6 -451 -230 709 771 747 726 860 END
START -4532 15192 -3620 15 -159 -190 710 771 747 726 860 END
START -4500 15128 -3524 38 -294 -348 710 772 747 726 860 END
START -4748 15080 -3632 141 -281 -301 709 771 747 725 860 END
START -4804 15216 -3484 262 43 -162 710 771 747 726 860 END
START -4668 15120 -3488 233 -295 -255 709 771 746 726 860 END
START -4516 15200 -3784 151 -539 -284 712 771 747 726 861 END
START -4440 15184 -3560 192 -313 -322 709 771 747 726 860 END
START -4608 15204 -3404 260 -459 -171 707 770 746 726 860 END
START -4768 15212 -3508 336 -203 -185 708 772 747 726 860 END
START -4604 15072 -3848 341 -213 -221 709 770 747 725 859 END
START -4604 15152 -3832 214 -32 -201 709 771 747 726 860 END
START -4596 15140 -3532 231 -179 -153 708 771 747 725 860 END
START -4484 15140 -3612 160 -412 -274 709 769 747 725 860 END
START -4624 15120 -3668 191 -179 -167 708 770 747 726 860 END
