START -7464 13232 -5452 727 67 -781 659 750 725 710 850 END
START -7660 13148 -5568 732 467 -716 659 751 725 709 850 END
START -8504 12884 -5688 1091 632 -593 659 750 725 709 850 END
START -9116 12684 -5316 658 -609 -493 659 750 726 709 850 END
START -8364 13096 -5512 1090 50 -531 659 750 725 709 851 END
START -9352 12980 -5828 1426 -927 -146 659 751 725 709 851 END
START -8748 13316 -5724 742 -407 -153 659 750 726 709 850 END
START -7524 13684 -5656 271 182 -1401 659 752 725 709 850 END
START -8240 12900 -6260 -526 6 -1329 659 751 725 709 850 END
START -9256 11732 -6728 -79 1314 782 659 751 725 709 851 END
START -8780 12116 -5132 937 662 1606 659 751 725 709 851 END
START -8600 13008 -5312 1689 510 791 659 751 725 709 851 END
START -8084 13324 -5412 1210 -375 -310 659 751 725 709 851 END
START -8740 12988 -6516 587 -472 -974 659 751 726 709 851 END
START -8632 12752 -6728 489 -426 -508 659 751 725 710 850 END
START -8292 12636 -6284 886 -807 908 659 751 726 709 850 END
START -8388 13104 -6452 2290 -661 1890 659 751 726 709 851 END
START -7368 13560 -6964 2417 10 1591 660 752 726 710 851 END
START -7928 13956 -7804 1061 179 433 660 752 726 710 850 END
START -7392 13120 -7432 -456 -179 456 660 751 726 710 851 END
START -7196 12860 -6348 -243 -100 508 660 751 725 710 851 END
START -7260 12740 -6800 647 525 444 660 751 725 709 851 END
START -8220 12792 -6824 919 -405 651 661 751 726 710 851 END
START -8168 13372 -7368 1176 748 1435 660 751 726 710 851 END
START -6648 13724 -7600 904 -211 1424 660 751 725 710 851 END
START -5796 14092 -7532 347 -834 -337 660 751 726 709 850 END
START -6556 13616 -7616 69 237 88 660 751 725 709 851 END
START -7628 12812 -7432 163 17 1134 660 751 726 709 851 END
START -6776 12912 -7328 782 -136 720 660 751 725 710 851 END
START -6160 13892 -7916 623 -531 -1770 660 751 726 710 851 END
START -5912 14512 -7584 -107 -1138 -2764 660 751 726 710 850 END
START -5888 13392 -7888 -609 -702 -1580 660 751 725 710 851 END
START -6708 13408 -7632 169 367 -427 660 751 725 710 851 END
START -7256 13324 -7324 -177 472 -276 660 751 726 710 851 END
START -7396 13412 -7340 -178 -74 -1367 660 751 725 709 851 END
START -8352 13604 -7220 -536 -331 -1687 660 751 726 710 850 END
START -8448 13332 -6948 -945 -1011 -563 660 751 725 709 848 END
START -7564 13072 -6884 -593 -1337 -323 660 751 725 710 851 END
START -6928 12584 -7340 -427 -561 -747 660 751 725 710 851 END
START -6900 12328 -6600 -626 -383 -978 660 751 726 710 851 END
