START -2312 15264 -536 -421 54 288 677 745 719 696 839 END
START -2272 15448 -380 -103 107 266 677 745 720 696 839 END
START -2208 15532 -688 226 -115 -231 677 745 720 696 839 END
START -2772 15708 -1044 696 -335 -610 677 745 720 696 839 END
START -3268 15628 -1208 1125 -109 556 677 745 720 697 839 END
START -1864 15516 -1508 1240 -484 822 677 745 719 696 839 END
START -1376 15792 -2512 928 -667 -242 677 745 720 696 839 END
START -2004 16224 -2684 -105 -650 -790 677 745 720 697 840 END
START -2260 15608 -1844 -1074 337 -499 677 746 720 696 839 END
START -2152 15500 -712 -1779 135 -592 677 745 720 696 839 END
START -2120 15528 -516 -344 944 -892 676 745 719 696 839 END
START -2884 15488 -768 34 205 -1274 678 745 720 696 839 END
START -3560 15580 -1200 256 -276 -986 676 745 719 696 839 END
START -3444 15648 -1340 915 -217 143 677 745 720 696 839 END
START -2264 15548 -1504 626 -78 755 676 745 719 696 839 END
START -2212 15832 -1972 668 -172 -337 677 745 720 697 839 END
START -2920 15872 -2072 -14 135 -455 676 745 720 697 839 END
START -2988 15768 -1680 -479 419 24 676 745 720 696 839 END
START -2164 17464 -1096 -639 -4 312 677 745 720 697 838 END
START -1948 15008 -1620 955 1686 1599 676 745 720 697 839 END
START -928 15288 -1260 -1274 898 897 676 745 719 697 838 END
START -1500 15732 -804 -809 712 -391 677 745 719 696 839 END
START -2776 16004 -1732 342 -330 -1037 676 745 719 696 839 END
START -4012 16516 -2104 43 -182 -980 676 745 719 696 839 END
START -5084 15740 -1376 -1713 685 426 676 745 719 697 839 END
START -3944 15700 -180 -2780 -29 1725 676 745 719 696 839 END
START -1856 14640 880 -1582 -34 3197 676 745 719 697 839 END
START -144 15508 504 68 463 3474 676 745 719 696 839 END
START 1320 15040 20 1095 -767 2271 675 745 719 696 839 END
START 1188 15812 -824 1284 -689 81 676 745 719 696 839 END
START 552 15964 -872 981 -1257 -2371 676 745 720 696 839 END
START -1816 16084 -1140 -237 -1083 -3037 676 745 719 697 838 END
START -1992 15744 -996 -673 -90 -1143 675 745 719 696 839 END
START -1048 15896 -524 -433 241 -1287 676 745 719 697 839 END
START -1972 15920 -284 -706 154 -2179 676 745 719 697 837 END
START -3024 15868 176 -835 -20 -1374 676 745 719 696 839 END
START -2552 15500 228 -313 70 -65 676 745 719 696 838 END
START -1952 15728 44 -31 -426 -438 675 745 719 696 839 END
START -2508 15952 -296 231 -400 -833 675 745 719 697 839 END
START -3344 15440 -300 -484 146 554 676 745 719 696 839 END
