START -1444 12256 -13744 766 -1930 -496 664 725 700 678 828 END
START -1328 12324 -13460 624 -2157 -529 663 724 700 678 828 END
START -2036 12964 -12808 -79 -1658 -1084 654 723 698 674 824 END
START -2396 12680 -12936 -970 -2344 -935 647 729 698 673 824 END
START -1992 12232 -12776 -814 154 -1336 649 738 707 680 828 END
START -2436 12268 -11848 316 -2464 -377 668 740 708 681 828 END
START -3352 12284 -12636 567 -2484 17 685 739 706 678 826 END
START -3508 12552 -12652 652 -1203 4 685 738 705 676 823 END
START -2984 12820 -12844 125 -257 -231 683 739 702 675 823 END
START -3000 12624 -12132 -265 -1809 -382 683 738 700 673 821 END
START -3412 12360 -12188 -151 -856 -124 683 737 700 673 820 END
START -2960 12348 -12352 335 -601 -5 685 736 700 672 820 END
START -3016 12424 -12792 191 -640 154 686 737 701 672 820 END
START -3176 12264 -12488 467 383 63 686 737 700 672 819 END
START -2960 12652 -12936 246 -279 362 697 736 700 672 821 END
START -2616 12592 -12124 240 -128 180 696 737 702 673 822 END
START -2628 12516 -12644 228 -373 -221 696 739 705 673 822 END
START -2492 12476 -12340 11 -2008 -221 698 740 705 673 823 END
START -3384 12800 -11848 -160 -267 -262 700 741 705 673 824 END
START -2836 12696 -12232 14 -404 -212 699 743 706 672 821 END
START -3304 12516 -12520 -82 -1454 -100 699 744 707 673 822 END
START -3020 12588 -11972 330 466 -44 699 745 708 676 823 END
START -2988 12468 -12704 130 -168 17 698 745 709 679 828 END
START -2716 12488 -12540 22 110 30 696 745 708 679 827 END
START -2896 12612 -12368 123 -124 -153 696 745 709 680 828 END
START -2468 12564 -12108 57 593 -552 696 745 710 682 830 END
START -2800 12436 -12148 205 -134 -1008 695 744 710 682 829 END
START -3236 12724 -13356 -337 816 -767 694 745 710 681 829 END
START -3012 12928 -13180 -1753 319 -985 691 744 709 681 829 END
START -3024 12912 -11732 -2465 -3407 -1468 686 742 708 679 829 END
START -4476 12872 -11268 -2162 -3256 -1088 684 740 706 677 828 END
START -3796 12888 -10832 -1525 -3833 -809 680 738 706 681 836 END
START -4356 12860 -10408 -746 -2423 -376 679 737 708 686 839 END
START -4696 13204 -10064 310 -3162 234 680 737 707 687 839 END
START -4704 13368 -10688 135 -2518 143 681 737 708 687 838 END
START -5212 13684 -10264 6 -624 -191 680 737 706 683 837 END
START -4016 13636 -10076 -199 -1235 398 680 737 701 678 834 END
START -3944 13252 -9884 -299 -2468 177 680 737 701 677 832 END
START -4872 13036 -10236 216 -941 -927 679 737 700 676 833 END
START -6076 13168 -10252 610 799 -548 681 735 699 674 832 END
