START -1220 13132 -12420 724 -120 -577 671 756 697 690 873 END
START -1024 12992 -12536 557 -160 -761 672 756 697 690 873 END
START -1452 13208 -12636 379 -226 -1086 671 756 696 691 872 END
START -1620 13124 -12248 -257 -1312 -763 671 756 697 690 871 END
START -1108 13268 -11996 -3 -1516 -737 671 756 697 691 873 END
START -1400 13480 -12456 172 -1487 -1046 672 756 697 687 873 END
START -2040 13304 -12148 -419 -2539 -1692 671 756 697 688 872 END
START -2288 12644 -11760 -708 -3590 -816 671 755 697 690 872 END
START -2024 13224 -11392 -257 -2878 -735 671 756 697 691 876 END
START -2332 13300 -12340 -307 -2717 -806 670 755 698 690 876 END
START -2824 13148 -11524 -877 -2753 -1291 670 756 698 692 883 END
START -3392 12952 -10920 -1486 -1067 -1296 671 755 697 691 881 END
START -3720 13472 -9900 -793 -1295 -1540 668 754 697 691 880 END
START -4104 13860 -10424 -561 -754 -1753 671 755 697 691 882 END
START -4088 13736 -10268 -1188 -1011 -1124 672 754 695 694 883 END
START -4188 13144 -10132 -1797 -2347 -1631 669 752 696 694 884 END
START -4720 13304 -9892 -901 -1116 -1505 668 752 694 695 882 END
START -4604 13396 -9384 -108 -559 -1167 669 752 695 695 880 END
START -5116 13332 -9988 -992 -1636 -746 668 753 694 693 880 END
START -4440 13056 -9460 -623 1097 -306 669 751 694 693 880 END
START -4828 13524 -9576 307 454 24 669 752 695 693 879 END
START -5804 13656 -10304 337 1661 472 667 752 694 692 881 END
START -4788 13100 -9632 357 383 745 667 753 694 693 880 END
START -4460 12872 -10376 1028 1008 1239 667 753 696 693 880 END
START -3064 13032 -9880 1614 2616 1416 668 753 697 693 880 END
START -4188 13024 -11616 910 1679 151 670 758 701 691 873 END
START -3108 13092 -11176 354 1245 233 670 757 703 692 872 END
START -2840 13304 -11256 259 1387 350 669 757 703 692 871 END
START -3288 12984 -11288 118 487 114 670 758 703 692 870 END
START -3584 13148 -11976 298 2494 -549 670 758 705 692 871 END
START -2584 13564 -11156 -58 96 -456 670 758 705 692 867 END
START -3392 13768 -11696 -36 796 725 671 756 701 691 864 END
START -3164 14524 -10812 -687 387 -372 670 754 700 691 864 END
START -3484 13952 -10872 -1898 -1562 -282 671 752 701 689 863 END
START -2336 13600 -10552 -1730 82 734 669 753 701 690 861 END
START -1660 13524 -9504 -615 462 1063 669 752 702 691 859 END
START -2304 13516 -9928 -13 1092 354 667 754 705 693 858 END
START -2564 14064 -10244 -425 1754 -134 669 754 705 692 855 END
START -2620 14800 -9240 -938 817 -528 668 755 708 694 853 END
START -2596 14356 -9268 -991 71 -286 669 760 709 694 854 END
START -1860 14028 -9032 -251 1913 -24 669 758 708 695 854 END
START -2652 14272 -10064 -293 1323 -548 667 757 708 698 853 END
START -2564 13340 -10056 4 -374 -1662 667 757 710 702 853 END
START -3116 14332 -10016 1162 -1430 -101 669 756 715 702 850 END
START -2892 14300 -9584 1475 -4228 155 664 756 717 704 849 END
START -1896 14168 -9456 1046 797 1106 664 755 717 705 849 END
START -736 14308 -9940 1077 -225 1105 661 758 722 704 846 END
START -1556 13624 -10864 1082 -1434 122 656 756 725 704 845 END
START -2736 13400 -10608 1610 -1864 -769 654 756 732 705 846 END
START -2932 13996 -10764 1351 -858 -499 656 760 738 707 846 END
START -2856 14440 -10924 1090 -838 -235 653 760 747 706 844 END
START -2152 13652 -11124 848 -1450 -289 654 763 749 706 846 END
START -2292 13484 -11236 701 -557 -390 654 764 748 706 846 END
START -2604 13416 -11212 311 -202 75 654 766 752 703 849 END
START -2628 13664 -10820 417 -1102 -167 657 765 750 701 853 END
START -2940 13448 -10812 378 934 142 653 766 749 700 853 END
START -2740 13892 -11036 523 -95 511 653 764 746 700 854 END
START -2236 13612 -11032 -43 -177 414 651 764 744 701 854 END
START -1652 12848 -11308 199 -224 -378 650 763 743 700 854 END
START -2152 13788 -11240 22 -246 -509 650 764 742 699 851 END
START -2032 14072 -10796 -543 -72 -347 649 764 741 701 852 END
START -2188 13424 -10512 -249 -647 -249 651 765 741 704 857 END
START -2496 13412 -10896 165 529 -417 650 764 741 704 857 END
START -2212 13704 -10724 496 430 -190 650 765 741 704 858 END
START -2204 13732 -10772 174 -161 -241 650 765 742 702 858 END
START -2260 13668 -10864 70 302 -8 648 764 739 702 861 END
START -2192 13556 -11208 -219 29 246 650 764 736 705 868 END
START -2204 13868 -10560 49 471 -113 652 763 735 700 872 END
START -2040 13492 -11176 230 274 -483 653 762 736 703 872 END
START -1956 13524 -11228 115 -107 -449 651 763 735 705 868 END
START -2428 13688 -10900 40 612 -285 653 765 736 703 873 END
START -1860 13556 -10684 217 98 -61 655 762 734 704 870 END
START -1908 13644 -10916 353 209 362 654 762 734 701 868 END
START -1792 13684 -11228 237 -379 328 655 764 734 701 862 END
START -1724 13620 -10956 23 -320 13 657 762 734 700 870 END
START -1756 13548 -10784 285 -34 -33 655 763 731 697 871 END
START -1868 13688 -11000 264 164 -500 657 762 730 697 871 END
START -1912 13608 -11148 513 -166 -589 658 757 730 698 871 END
START -2008 13420 -11392 351 -117 -490 660 764 729 698 872 END
START -2240 13352 -10736 1032 -150 -266 661 763 730 700 872 END
START -1508 13152 -10756 1723 231 -155 659 755 730 699 871 END
START -1240 13964 -11428 1694 565 -413 658 760 732 699 872 END
START -2204 13316 -12352 886 -360 -383 657 759 730 699 871 END
START -2420 13116 -11916 -728 -364 174 655 762 732 696 870 END
START -1008 13352 -11344 -922 -1251 679 655 759 732 698 870 END
START -1976 12800 -12536 -104 -1070 1103 655 759 729 697 869 END
START -1388 13712 -10932 -660 -297 589 655 759 729 696 870 END
START -1404 13688 -11156 241 -1896 -865 657 756 729 694 868 END
START -2744 13896 -11596 271 -634 -702 661 759 729 695 868 END
START -2204 12972 -11364 -66 -141 -116 665 759 729 694 869 END
START -1756 13528 -10352 264 -339 -291 661 759 728 695 868 END
START -1900 12956 -11644 600 315 -24 663 756 727 695 868 END
START -1956 13576 -11496 524 -786 -815 664 757 726 694 867 END
START -2484 13548 -10980 419 -727 -736 666 759 726 694 868 END
START -1892 13096 -11280 789 -409 102 665 755 726 694 867 END
START -1804 13560 -11808 906 -785 411 670 754 724 691 865 END
START -1368 13368 -11780 539 -503 93 672 753 723 688 859 END
START -1760 13416 -11672 43 -574 134 672 753 722 688 856 END
START -1812 13328 -11204 -99 -292 -141 675 752 721 688 859 END
START -1608 13364 -11204 314 -383 -443 672 748 721 687 864 END
START -2076 13260 -12080 447 -224 -628 673 752 722 687 868 END
START -2136 13128 -12200 -46 196 -615 672 751 722 690 865 END
START -1844 13332 -11816 -754 1161 -920 672 751 720 688 864 END
START -2092 13460 -11392 -697 -600 -759 671 750 720 687 863 END
START -1812 13408 -11276 -721 -335 -415 667 751 719 686 858 END
START -1512 13388 -10980 -262 -1057 -282 666 750 719 684 856 END
START -1880 13248 -11240 69 -586 -319 666 750 719 683 856 END
START -2072 13432 -11360 176 -521 -289 666 749 718 683 857 END
START -2476 13540 -11068 220 -83 -48 666 751 718 683 857 END
START -2432 13716 -11536 -142 722 226 664 752 718 684 857 END
START -1740 13228 -11156 -64 -660 97 663 757 718 684 856 END
START -1216 13460 -10928 209 -673 -219 661 754 718 682 854 END
START -1896 13660 -11008 170 -871 -611 662 755 717 683 853 END
START -1956 13468 -11292 222 -573 -384 658 754 718 683 854 END
START -1680 13624 -10980 324 -651 246 659 752 718 681 857 END
START -2096 13748 -11428 265 -72 462 660 752 717 678 856 END
START -1272 13004 -11364 102 272 789 661 751 719 678 854 END
START -1748 13556 -10968 400 751 -334 661 752 723 680 858 END
START -2196 13852 -11456 -69 513 -435 661 753 723 678 857 END
START -1576 13184 -11192 -225 -293 -474 661 753 727 678 856 END
START -2116 13872 -10920 2 448 -351 663 752 732 678 857 END
START -1976 13784 -11240 -92 -257 -155 662 752 735 678 856 END
START -1564 12976 -11152 121 -131 -12 659 750 733 678 857 END
START -1544 13928 -11052 326 -408 -288 658 750 736 676 856 END
START -2128 13532 -11492 -36 -448 -331 657 748 731 677 856 END
START 0 0 0 0 0 0 656 748 734 675 854 END
START -1784 13684 -11188 185 -95 -198 657 746 734 675 857 END
START -1816 13604 -11080 -49 -36 150 657 747 736 675 854 END
START -1816 13332 -11288 102 488 -105 658 747 733 675 857 END
START -1620 13368 -11240 293 103 -453 658 746 732 675 855 END
START -1856 13548 -11312 121 -675 -306 657 746 734 674 854 END
START -1916 13508 -11384 52 -326 -302 657 746 731 673 856 END
START -2000 13676 -11332 157 -186 -152 656 746 731 673 855 END
START -1576 13536 -11044 126 -57 -129 655 745 730 673 854 END
START -1596 13408 -11380 469 3 -330 655 744 730 673 855 END
START -1984 13556 -11520 280 -223 -264 656 743 728 669 855 END
START -2100 13604 -11052 342 -332 -308 655 744 726 672 856 END
START -1660 13456 -11460 339 -362 -116 657 746 728 676 857 END
START -1800 13676 -11508 7 -54 -251 656 746 727 677 861 END
START -1432 13476 -11404 127 180 -237 657 744 728 680 861 END
START -2172 13236 -11672 239 196 -422 657 744 721 682 862 END
START -1824 13568 -11400 359 -14 -435 658 743 721 684 864 END
START -1576 13380 -11380 183 -477 -310 658 742 719 683 865 END
START -1724 13260 -11636 268 -428 -124 658 742 718 681 866 END
START -1836 13648 -11072 460 81 -58 658 742 715 681 867 END
START -1544 13476 -11492 262 -395 11 657 741 715 681 865 END
START -1440 13244 -11888 232 -223 -47 655 741 718 682 863 END
START -1720 13656 -11016 270 116 -248 657 743 731 683 861 END
START -1808 13316 -11596 29 -290 -249 658 742 734 683 861 END
START -1840 13652 -11344 151 -258 -307 660 740 735 682 860 END
START -1648 13596 -11520 118 -401 -49 656 743 733 680 858 END
START -1268 13624 -11252 187 412 180 653 745 731 680 857 END
START -1396 13552 -11276 295 212 39 651 746 729 679 858 END
START -1352 13400 -11260 547 165 -271 654 748 729 677 858 END
START -956 13476 -11484 312 93 -778 654 751 726 679 858 END
START -1948 13424 -11636 -68 -169 -821 655 752 722 685 861 END
START -1980 13404 -11392 133 -276 -492 656 751 719 692 864 END
START -1788 13516 -11780 240 -530 -215 657 749 714 698 868 END
START -1264 13432 -11556 35 -215 169 659 748 713 700 869 END
START -1200 13476 -11592 31 166 4 659 748 717 702 873 END
START -1508 13272 -11648 224 84 -425 662 748 716 702 874 END
START -1652 13492 -11176 221 166 -424 663 745 714 700 875 END
START -1460 13348 -11548 132 -227 -434 663 745 711 699 876 END
START -1464 13392 -11940 208 -428 -465 666 743 708 699 875 END
START -1856 13736 -11620 87 -385 -325 661 745 707 697 874 END
START -1632 13196 -11684 143 459 -220 664 746 707 697 872 END
START -1252 13344 -11364 314 96 -345 665 746 707 698 873 END
START -2120 13412 -12080 -66 -150 -348 667 746 707 696 872 END
START -1368 13128 -11388 21 -25 -493 666 746 706 697 871 END
START -1564 13432 -11636 39 -67 -318 667 745 706 696 872 END
START -1108 13448 -12200 -249 -377 -248 668 746 705 697 871 END
START -1216 13184 -11548 -78 -133 -261 668 746 706 699 871 END
START -1436 13488 -11156 260 256 -350 668 745 706 699 870 END
START -1704 13676 -11372 228 149 -322 669 743 706 698 871 END
START -1332 13288 -11920 267 -907 -283 669 739 706 697 868 END
START -1564 13672 -11780 126 -434 -126 668 736 701 697 869 END
START -1660 13664 -11672 -44 -517 179 667 737 702 696 864 END
START -1268 13064 -11276 24 -436 39 664 739 705 698 866 END
START -1476 13380 -11428 278 -317 -448 663 741 706 698 866 END
START -1680 13652 -11976 -58 -799 -867 662 751 711 699 865 END
START -1936 13096 -11752 -148 -693 -662 660 751 713 696 864 END
START -2172 13752 -11160 422 -323 -398 659 754 717 696 863 END
START -2096 13356 -11588 311 -536 169 659 756 722 691 862 END
START -1564 12932 -11536 303 250 288 661 759 729 682 861 END
START -1792 13720 -11568 376 95 -167 660 754 727 684 864 END
START -1348 13512 -11900 -738 3263 -260 659 754 727 682 862 END
START -524 13556 -12200 -1910 10872 332 660 754 726 682 857 END
START 480 14972 -12948 -3269 32767 341 659 754 726 682 859 END
START 2884 13924 -10636 -4033 21142 -460 656 754 725 682 861 END
START 3700 13376 -8732 -2481 15521 -149 654 752 725 681 857 END
START 3820 14348 -8212 -1090 10098 -62 655 752 723 681 856 END
START 4628 13976 -8252 255 6093 327 655 751 717 680 854 END
START 4264 14236 -8580 1652 2070 1115 654 749 723 679 853 END
START 4620 14436 -9476 1849 2128 756 655 750 722 678 855 END
START 5796 13972 -9336 861 1867 546 654 751 721 679 856 END
START 5520 14016 -9280 638 35 759 654 750 721 678 855 END
START 5792 14016 -9620 450 727 643 652 750 720 679 854 END
START 5740 13864 -9320 142 -241 170 654 750 722 679 853 END
START 6400 14024 -9144 -110 -81 432 655 751 721 684 857 END
START 5868 14120 -9492 -187 -2697 320 656 750 725 689 862 END
START 5856 14024 -9108 -772 -1430 336 658 750 723 690 861 END
START 6568 13564 -8484 -203 -955 488 656 751 720 690 863 END
START 5828 14120 -8840 325 -1057 290 657 750 721 690 863 END
START 6472 13864 -8976 200 -757 -153 657 750 721 689 863 END
START 6188 13744 -9800 494 -734 -60 658 751 722 689 863 END
START 6236 14560 -9796 -60 458 -49 657 750 722 689 866 END
START 5364 13472 -8980 -379 -102 299 658 752 720 686 867 END
START 6296 13672 -9004 204 -615 416 659 749 723 687 869 END
START 5928 14188 -9140 340 -645 -119 658 749 718 688 870 END
START 6212 13532 -9452 232 -707 -401 659 749 720 686 871 END
START 5824 13944 -9660 755 408 -160 659 743 717 682 867 END
START 6468 14348 -9408 -145 -681 -336 659 742 714 681 867 END
START 5928 13316 -8844 -310 -769 -374 659 741 714 681 866 END
START 6420 13640 -9120 748 -428 -279 657 737 714 681 865 END
START 6432 13884 -9316 807 -1221 -636 659 734 712 682 862 END
START 5792 13692 -9592 536 -612 -771 659 729 708 682 867 END
START 5392 14008 -10092 468 -235 -392 656 730 708 683 866 END
START 5772 14496 -9736 -418 -1063 -94 659 737 708 684 867 END
START 6052 13200 -9172 -658 -1637 -7 661 740 708 686 868 END
START 6344 13636 -9268 573 -588 -59 661 745 709 686 870 END
START 5352 14280 -10192 719 -4684 -921 658 746 714 691 868 END
START 5284 13440 -10116 246 -2930 -1371 658 749 720 691 868 END
START 4536 13876 -10232 704 -392 -845 656 749 722 691 867 END
START 4880 14300 -9812 340 -99 -425 656 748 720 689 865 END
START 4248 13396 -10456 372 -3069 -340 656 746 718 686 865 END
START 4264 13740 -10084 814 -1409 -330 656 742 717 684 864 END
START 4852 14048 -10440 840 -6418 -851 655 741 717 683 866 END
START 3488 13552 -10136 1040 -7188 -1403 656 735 712 678 865 END
START 2220 13408 -11180 2348 -7876 -1562 656 734 711 675 864 END
START 4860 13624 -11212 2295 -5706 -2110 655 734 711 674 863 END
START 1012 13236 -13128 2299 -17131 -2383 655 733 712 675 863 END
START -1412 13276 -12340 1603 -5331 -2510 656 735 713 674 863 END
START 1564 12928 -11780 1573 -7324 -2717 656 734 712 675 863 END
START -1288 12560 -11944 2191 -2425 -2277 656 733 712 674 863 END
START -3204 12688 -13124 1875 -988 -1631 657 732 713 675 864 END
START -2216 12332 -13260 846 2550 -983 655 731 705 670 862 END
START -1764 12252 -13068 704 -1108 -321 653 729 702 668 862 END
START -2228 12448 -12996 466 131 -36 652 726 701 667 862 END
START -1656 12520 -13404 145 289 373 654 726 704 667 861 END
START -1612 12508 -13008 4 462 416 652 727 703 667 861 END
START -1196 12388 -12864 -248 901 720 654 727 703 669 859 END
START -2036 12316 -13432 -1131 4130 909 650 731 706 671 859 END
START -432 13016 -12996 -653 1809 186 653 732 704 672 860 END
START -1204 12728 -12812 -963 -691 -278 651 733 706 671 859 END
START -648 12860 -12796 -1222 1506 -459 651 738 701 672 861 END
START -188 12956 -11976 -857 -1169 -914 651 736 707 669 861 END
START -1272 12872 -12108 -423 -2888 -1268 650 732 705 668 860 END
START -1700 13464 -12292 -362 -318 -1014 652 731 706 668 859 END
START -1216 12648 -11856 -599 -1487 -206 652 729 706 670 856 END
START -1648 12648 -12004 -259 -1176 -81 654 730 712 674 860 END
START -1364 13412 -12044 -15 371 -141 656 732 713 676 860 END
START -1448 13052 -11740 293 -1437 16 655 733 715 675 859 END
START -2040 13024 -12148 194 -622 -460 657 733 711 675 861 END
START -1292 12892 -12096 470 -796 -696 655 733 712 674 861 END
START -1384 13192 -11956 229 -2471 -703 656 732 712 674 859 END
START -2008 13116 -11704 462 -290 -752 656 726 713 674 862 END
START -2032 12936 -11860 669 -1493 -722 656 726 711 680 862 END
START -2508 12896 -12332 445 -1484 -300 657 726 710 682 864 END
START -2260 12820 -12204 489 -489 318 660 726 710 684 864 END
START -2212 12736 -12200 351 398 440 665 728 710 688 867 END
START -2380 13220 -11952 335 -940 354 664 728 709 688 868 END
START -1924 12724 -11980 174 720 294 666 730 710 688 867 END
START -1760 12924 -12188 435 -1462 80 666 729 708 686 865 END
START -2820 13296 -12432 361 -607 76 667 729 708 685 865 END
START -1544 12624 -12576 -68 243 386 670 732 707 682 864 END
START -1784 12584 -12248 250 -841 128 671 731 707 681 864 END
START -2444 12988 -12408 206 269 143 673 730 707 681 863 END
START -1476 12960 -12164 38 120 93 674 731 706 681 865 END
START -1968 12996 -12260 272 -1296 -109 677 730 706 682 867 END
START -2244 12916 -12148 508 1014 -86 680 732 709 684 868 END
START -1288 12860 -12376 255 -1458 -436 680 732 707 682 868 END
START -1632 12720 -12100 193 88 -448 680 732 707 682 866 END
START -2300 12812 -12356 186 -1788 -456 681 734 706 682 863 END
START -2504 12984 -12160 225 144 -194 680 732 707 681 861 END
START -2348 12988 -12376 195 193 140 680 733 706 681 861 END
START -1804 12400 -12036 310 -207 -92 680 732 706 679 861 END
START -1784 12660 -12276 529 -376 176 681 733 705 682 862 END
START -1900 13104 -12660 438 -133 289 680 731 707 680 857 END
START -1356 12772 -13092 -200 -898 138 675 729 705 679 854 END
START -1316 12564 -12080 -292 -124 -107 677 727 702 679 852 END
START -2320 12660 -11972 280 -12 -669 675 729 700 679 852 END
START -1928 12924 -12108 398 701 -372 676 726 700 681 851 END
START -1684 12988 -12284 85 -986 -90 675 727 700 679 850 END
START -2292 12812 -11516 -158 -1309 -4 673 727 699 682 855 END
START -1072 13100 -12684 525 1295 -99 670 727 699 684 859 END
START -2136 12380 -13356 -90 1082 -338 669 728 698 684 860 END
START -1696 12528 -12872 233 1166 -85 669 727 699 683 860 END
START -2100 12872 -12344 455 199 614 672 728 699 683 862 END
START -1436 13132 -12632 -220 -1398 941 672 728 694 682 861 END
START -864 13072 -12144 -319 -736 826 673 728 698 682 864 END
START -612 12872 -11604 -244 1904 657 673 728 697 682 863 END
START -276 12896 -12212 193 -766 499 672 729 698 683 862 END
START -1032 13324 -12284 613 838 571 674 730 698 683 863 END
START -788 13276 -12836 139 373 340 672 729 697 683 860 END
START -1224 12964 -12440 -772 -1086 538 672 729 697 682 861 END
START -644 12928 -11456 420 -48 164 671 728 697 682 861 END
START -244 12736 -11908 820 -153 218 671 728 700 682 858 END
START -576 13092 -12312 1160 1261 115 672 727 699 681 858 END
START -268 13384 -12888 614 -447 294 669 724 699 678 857 END
START -284 13072 -12664 -531 -1660 207 667 723 696 677 853 END
START -144 12488 -12476 -102 -523 -84 664 722 694 674 853 END
START 16 13284 -11932 419 -492 -364 664 723 694 673 856 END
START -552 12872 -13004 -1 -305 -117 665 725 692 675 856 END
START 48 13092 -11672 945 2432 103 669 725 695 674 861 END
START -392 12956 -12828 744 -785 -430 672 725 695 674 861 END
START -356 12712 -13024 115 -376 -633 673 724 695 673 861 END
START -312 12748 -12232 69 -463 -754 673 725 695 675 861 END
START -740 12840 -12468 174 -192 -646 675 725 695 673 860 END
START -588 12844 -12596 -279 -534 -312 676 726 695 672 857 END
START -528 13296 -12512 -544 28 217 674 726 696 672 859 END
START 16 12076 -12352 3 -50 -258 674 726 695 673 859 END
START -88 13192 -12176 266 429 -37 674 724 695 673 859 END
START -212 13312 -12016 288 -73 -364 675 725 694 673 860 END
START -368 12860 -12652 -10 -27 -476 674 724 694 673 858 END
START -468 12784 -12136 304 558 -588 674 724 694 673 860 END
START -124 12524 -12768 603 531 -308 674 724 693 673 858 END
START -128 12916 -12628 243 163 -385 676 723 693 673 858 END
START -744 12932 -12636 -211 -1039 -638 674 721 693 671 857 END
START -328 13084 -12248 -605 -299 -330 672 718 692 672 856 END
START -512 12564 -12032 74 -168 -131 671 718 691 672 855 END
START -16 13052 -12612 137 -139 -30 671 719 690 672 854 END
START -136 13172 -12332 105 131 -110 674 721 690 672 856 END
START -136 12840 -12348 -86 85 164 672 718 690 673 855 END
START 132 12416 -12244 527 737 -194 673 717 690 672 855 END
START -632 13212 -12820 474 -544 -325 671 719 690 672 857 END
START -596 13144 -12316 22 -995 91 672 718 690 672 855 END
START -8 12780 -12084 226 -506 255 672 720 689 672 853 END
START 156 12928 -12804 15 -1043 133 672 719 691 672 851 END
START 280 13016 -12128 8 436 138 670 719 689 672 856 END
START -196 13048 -12856 60 340 -85 672 719 689 672 853 END
START 32 13064 -12328 -244 553 -382 674 719 689 672 851 END
START 92 12976 -11812 242 -225 -612 677 719 690 672 849 END
START -416 12828 -12520 351 -156 -710 678 719 691 674 852 END
START -48 12888 -12152 359 -415 -712 676 721 695 679 850 END
START -508 12740 -12052 280 607 -664 674 721 692 678 849 END
START -328 12892 -12656 492 -450 232 674 723 692 681 849 END
START -188 13040 -12852 254 9 545 673 722 692 683 850 END
START 456 12876 -12160 -97 286 749 672 722 692 683 851 END
START 704 13200 -12120 -204 2584 411 674 721 691 682 845 END
START 516 12956 -13020 72 1416 -288 676 720 691 682 848 END
START 32 12776 -12848 150 3798 -520 677 720 691 681 847 END
START 680 13036 -12272 527 -63 -436 678 719 685 682 846 END
START 784 13424 -12552 432 2580 -58 675 718 690 681 846 END
START 872 13244 -12472 82 89 -86 673 719 690 679 844 END
START 1532 12484 -12048 401 -2153 -394 673 717 689 678 842 END
START 892 12648 -12788 1142 -2888 -638 671 718 689 676 842 END
START 560 13644 -12956 551 -1182 -1076 671 719 689 674 842 END
START 724 13248 -12804 -235 -3998 -1143 670 718 689 674 842 END
START -44 12264 -12568 -261 -2523 -971 670 717 689 672 843 END
START -324 12500 -12596 357 -143 -902 669 717 688 672 842 END
START -316 13464 -12756 195 -270 -998 669 718 688 672 842 END
START -640 12440 -12860 -104 -2261 -1105 668 719 688 672 842 END
START -1320 12700 -12596 68 -1012 -1187 669 718 688 671 844 END
START -1308 12976 -12460 70 -1115 -565 669 718 689 671 844 END
START -1352 12640 -12528 88 -1576 -86 669 718 690 671 844 END
START -1064 13000 -12368 375 -531 341 669 718 689 671 845 END
START -704 13064 -12564 188 -868 291 668 719 690 671 847 END
START -756 12724 -12352 110 -295 318 669 719 689 671 846 END
START -424 12532 -12344 526 81 -62 668 720 690 671 845 END
START -1224 12972 -12920 453 -632 -395 670 719 690 671 845 END
START -1348 12896 -12764 -116 -355 -576 669 719 689 667 850 END
START -1172 12784 -12336 220 -201 -455 669 719 688 671 847 END
START -1064 13132 -12672 148 -106 -120 669 720 688 671 845 END
START -632 12348 -12372 29 -256 45 669 719 691 671 847 END
START -1016 12716 -12652 590 61 -297 670 719 689 670 846 END
START -1344 13184 -12708 151 -384 -449 669 719 689 671 845 END
START -1152 12520 -12252 -77 -307 -349 668 719 688 671 846 END
START -1048 12684 -12584 331 -180 -282 668 721 689 671 846 END
START -1352 12948 -12752 172 -462 -151 668 719 688 671 846 END
START -928 12908 -12496 -99 -4 29 668 719 689 671 846 END
START -776 12504 -12364 31 -18 -80 668 719 690 671 847 END
START -1228 12932 -12528 292 42 -303 668 720 689 672 846 END
START -1160 13000 -12724 -110 -176 -412 669 720 689 673 850 END
START -980 12592 -12588 45 180 -381 672 720 690 684 856 END
START -1344 13216 -12564 163 -113 -380 675 721 689 688 859 END
START -936 12912 -12500 -134 -465 -107 674 720 688 688 861 END
START -828 12056 -12484 184 140 -303 675 721 688 687 861 END
START -1440 13268 -12484 546 -238 -649 675 720 688 686 861 END
START -1724 12972 -12556 -239 -152 -553 675 720 689 686 858 END
START -904 12300 -12228 32 -228 -285 677 721 689 686 859 END
START -1400 13048 -12716 184 -196 72 673 721 689 689 860 END
START -540 12664 -12552 -220 66 340 679 721 688 689 860 END
START -464 12524 -12272 317 -686 17 678 722 688 690 862 END
START -1344 13348 -12440 254 -485 -634 677 721 687 690 861 END
START -1476 12612 -12184 -197 -585 -1079 677 722 688 690 861 END
START -1592 12448 -12504 652 -385 -693 677 721 690 687 860 END
START -1992 13648 -12628 774 -690 -203 677 721 689 690 861 END
START -1360 12920 -12552 0 -108 715 679 724 689 686 860 END
START -464 12332 -12484 -112 -208 138 680 722 688 686 860 END
START -1436 13104 -12316 -325 177 -1398 675 727 689 685 857 END
START -2020 12188 -13036 -586 7 -1670 674 736 689 684 854 END
START -1804 12704 -11960 389 -1146 -871 672 742 690 688 851 END
START -1672 13340 -12296 683 -526 148 669 739 690 687 852 END
START -1168 13004 -12296 158 14 1404 669 741 693 685 850 END
START -92 12532 -12324 356 290 758 667 735 696 684 850 END
START -348 13244 -12328 588 1662 -394 666 734 697 684 849 END
START -1136 12832 -12632 3 2123 -1273 665 731 695 681 847 END
START -1052 12676 -12764 -145 3760 -1346 665 732 695 680 846 END
START -1568 12328 -12816 141 2598 -1396 664 731 695 681 848 END
START -1488 12404 -12892 759 -89 -424 666 730 694 682 849 END
START -1668 12404 -12740 758 -3747 454 669 731 694 689 852 END
START -48 12904 -12164 1136 -6767 1749 671 730 695 697 857 END
START -948 12760 -12968 1292 -2277 2025 672 728 695 696 860 END
START -1008 12932 -13000 694 -468 781 671 729 694 695 859 END
START -908 12160 -12668 360 -1017 -119 670 729 693 693 859 END
START -1852 12004 -13040 639 -2065 -860 670 731 694 691 858 END
START -1888 13012 -13336 571 -422 -1106 669 730 693 690 857 END
START -1712 12036 -13376 92 -2008 73 669 730 693 690 858 END
START -1516 11680 -13144 444 -1505 310 669 730 693 690 857 END
START -1420 13080 -13256 230 523 -77 670 730 693 688 856 END
START -1484 12644 -13492 -792 -907 -383 669 731 695 687 857 END
START -2096 12196 -12668 -1135 -116 -312 667 730 695 686 856 END
START -2404 12380 -12504 -879 -472 -653 669 731 695 685 855 END
START -2280 12652 -12404 -390 -600 -263 667 733 694 683 852 END
START -1944 12268 -12264 45 -71 -214 663 742 695 678 849 END
START -1968 12608 -12560 576 -167 -525 663 746 694 677 847 END
START -1960 13040 -13048 618 -266 227 662 748 695 676 845 END
START -2432 13352 -12700 -251 -701 631 659 748 695 673 842 END
START -1852 12684 -12640 -312 -515 325 658 749 699 675 842 END
START -860 12308 -12172 92 -930 -313 658 744 698 673 848 END
START -1968 12332 -12320 164 -49 -667 659 746 697 674 851 END
START -2256 12856 -12368 515 -358 -879 659 743 697 675 852 END
START -2828 12388 -12720 136 -454 -643 658 742 697 677 854 END
START -2144 12736 -12220 571 -558 -414 659 743 698 682 852 END
START -1608 12724 -12524 926 -955 -450 659 747 699 684 851 END
START -1708 12472 -12968 701 -927 -368 661 745 702 682 851 END
START -2284 12304 -12688 22 208 288 660 750 706 688 851 END
START -2140 12444 -12876 356 -544 -231 662 752 707 687 849 END
START -2868 12400 -13184 148 -1050 -1050 661 750 710 684 848 END
START -2508 12600 -12692 -481 -279 -428 661 749 708 681 847 END
START -2424 11960 -12320 -15 -2103 -517 664 749 706 674 846 END
START -976 12720 -11424 913 -716 29 667 749 708 660 851 END
START -2564 12704 -13024 682 659 -246 666 748 705 653 848 END
START -1820 12264 -12624 469 1261 -599 666 747 704 649 847 END
START -2628 12404 -12776 10 447 -1087 666 746 703 649 846 END
START -3136 12092 -12932 21 -209 -903 664 744 703 653 847 END
START -3172 12284 -12620 215 -1038 -503 664 746 704 656 850 END
START -3032 12516 -12740 373 -1162 288 662 746 704 658 852 END
START -1596 12748 -12456 747 -539 684 664 748 705 661 855 END
START -1628 12100 -13336 1165 93 667 666 746 705 662 853 END
START -1820 12976 -13196 199 499 -311 665 748 703 664 853 END
START -2544 12176 -12972 -608 332 -974 665 746 704 663 848 END
START -2568 11656 -12540 -102 124 -1196 665 744 704 663 853 END
START -2748 12308 -12736 547 -518 -1309 665 746 704 664 855 END
START -3052 12092 -13560 364 -306 -215 667 746 703 663 852 END
START -2408 12060 -12400 -87 -483 54 665 745 702 663 852 END
START -2176 12624 -12580 447 -180 9 665 745 703 663 852 END
START -2064 11908 -13824 271 45 -7 665 745 703 663 855 END
START -2504 12532 -13180 -102 119 -135 664 745 703 663 852 END
START -2304 12212 -12388 -224 140 -81 664 744 703 662 852 END
START -2584 11708 -12756 328 -316 -436 664 744 703 662 853 END
START -3048 12460 -12760 407 -95 -535 665 743 703 663 852 END
START -2888 12384 -12440 428 -964 -168 665 745 703 663 852 END
START -2948 11856 -12920 551 -371 294 665 743 703 663 853 END
START -2380 12940 -13388 741 471 483 666 744 702 662 855 END
START -2192 12728 -13464 -102 250 441 667 743 703 665 854 END
START -1240 11516 -13152 -412 936 218 672 743 704 674 861 END
START -2596 11904 -13260 283 448 -723 670 741 697 679 866 END
START -2852 12376 -12968 -34 76 -1284 671 738 691 679 866 END
START -2772 11908 -12772 -246 -564 -866 670 737 690 676 865 END
START -2876 11808 -13172 337 1363 43 670 739 693 676 864 END
START -1840 12784 -13332 169 -193 685 670 738 692 675 862 END
START -824 11816 -13084 -43 3221 1419 667 738 692 674 861 END
START -1988 12256 -15196 -729 20263 1585 669 733 688 674 861 END
START -1252 13908 -15284 -4059 29629 1200 669 739 690 675 859 END
START 3252 12112 -11744 -4175 19408 192 671 738 692 676 859 END
START 5680 12652 -10792 -2349 11896 -78 669 734 691 676 860 END
START 6064 13588 -9728 -467 4761 202 669 737 692 678 859 END
START 5496 12568 -9724 708 2624 317 670 737 692 679 861 END
START 6740 13064 -10148 1245 3089 600 668 739 691 677 861 END
START 6592 13700 -10820 849 2718 525 670 737 692 683 862 END
START 6552 13108 -10536 229 232 -96 670 737 692 685 862 END
START 6460 12712 -10192 112 512 -73 670 738 692 687 862 END
START 6756 12996 -10324 32 999 -96 669 736 692 688 863 END
START 7096 13044 -10872 -290 366 -615 670 733 694 690 864 END
START 7544 12948 -10308 -817 809 -1351 668 740 692 690 863 END
START 6816 13332 -9788 -966 -60 -1941 669 737 693 689 862 END
START 6436 13512 -9352 -1065 414 -1527 670 738 691 691 862 END
START 6568 13456 -9060 -1043 -241 -1175 669 738 693 688 861 END
START 6672 13708 -9040 -465 351 -1097 667 737 694 688 861 END
START 6076 13892 -9108 -53 -1399 -1171 669 740 688 689 862 END
START 5204 13128 -9352 368 -1290 -1306 668 737 692 689 862 END
START 6000 13724 -9456 920 599 -1434 668 738 693 687 861 END
START 6280 13828 -9344 1395 -3841 -1634 668 737 693 690 862 END
START 5300 13664 -9752 1367 -1524 -438 668 737 694 687 862 END
START 5080 13888 -10360 1166 -1572 386 668 737 693 688 861 END
START 6264 14228 -10056 217 -2593 352 667 738 692 688 861 END
START 4656 13244 -10540 -98 -11951 243 666 738 693 688 861 END
START 3772 12748 -10432 927 -4246 129 667 739 693 688 861 END
START 5700 13668 -10960 1823 -1026 -349 667 737 693 688 862 END
START 3952 13484 -11408 1460 -3943 -963 666 737 693 687 861 END
START 3780 13160 -11500 1128 -649 25 666 738 693 687 861 END
START 5372 13660 -11432 1089 -1365 400 670 737 693 687 861 END
START 4280 13528 -11776 -115 -2564 349 666 738 693 687 862 END
START 4464 12904 -11384 -513 -3430 102 665 738 693 688 860 END
START 4784 13012 -11344 -40 -2633 -500 667 738 690 687 858 END
START 3212 13436 -11740 826 -8053 -1526 667 738 693 688 861 END
START 2172 12876 -11540 998 -2177 -1890 666 738 694 687 861 END
START 4092 12832 -11200 1638 140 -1810 666 738 694 688 861 END
START 1492 12952 -12424 2108 -4272 -1219 665 738 693 687 861 END
START 1432 13280 -12616 1650 -28 -1074 666 738 693 687 861 END
START 1656 13000 -13240 965 -1088 -1187 665 735 694 687 861 END
START 928 12768 -13412 -42 -672 -892 666 738 694 686 860 END
START 2560 12288 -12400 -128 -1056 -349 665 737 694 686 860 END
START 792 12816 -13028 597 -3002 -510 665 739 693 686 861 END
START 1040 12212 -13344 -175 -236 -315 665 739 694 686 861 END
START 1896 12420 -13068 -574 -2942 260 665 738 693 686 861 END
START 1188 12336 -13072 -1274 859 523 665 738 694 686 860 END
START 1332 13080 -12552 -728 -2133 -272 664 738 694 686 860 END
START 496 14080 -12624 -496 -1825 -571 665 738 694 686 860 END
START 392 13556 -12068 -1219 -4051 -822 665 739 696 686 860 END
START 152 12524 -11660 -1201 -1800 -327 665 740 696 687 860 END
START 1032 12872 -11316 -491 -2190 -112 665 740 696 686 860 END
START 188 13444 -12024 -435 -2152 -117 665 740 696 687 859 END
START -152 13884 -12076 -663 -838 -238 665 739 696 686 861 END
START 456 13596 -10900 -691 -1708 -582 664 740 697 686 860 END
START 228 13160 -11488 -83 716 -1175 664 739 696 685 861 END
START -8 13244 -11752 582 638 -1493 664 740 697 686 861 END
START -320 13484 -12260 540 999 -1775 665 742 699 686 860 END
START -328 13800 -11684 177 -132 -1812 664 740 699 687 862 END
START -968 13348 -11484 -53 -169 -2074 664 740 698 686 860 END
START -1204 13348 -11780 -231 981 -1806 664 738 695 686 860 END
START -784 13472 -11844 -270 993 -1612 665 738 700 686 859 END
START -996 13512 -11816 -268 988 -900 663 740 699 686 859 END
START -968 13656 -11432 -451 763 -260 663 739 700 685 861 END
START -512 13652 -11436 -387 891 -121 663 742 698 683 861 END
START -564 13696 -11592 -481 1151 -378 663 737 698 684 859 END
START -852 13792 -11372 -450 1301 -838 662 739 701 686 861 END
START -268 13796 -11260 60 967 -1240 662 742 701 682 861 END
START -380 13624 -11312 365 1140 -1519 660 738 702 685 861 END
START -220 13584 -11416 250 1352 -1672 663 742 704 687 860 END
START -1204 13472 -11680 457 936 -2194 662 742 702 684 861 END
START -1376 13688 -11368 337 266 -1927 661 740 700 684 859 END
START -1064 12492 -11376 240 -360 -894 662 740 702 683 859 END
START -1456 13088 -12172 1083 -762 220 662 740 701 686 859 END
START -1660 14288 -12488 784 -1819 588 663 738 702 683 860 END
START -1312 13776 -11136 -633 -1946 498 663 739 701 684 861 END
START -848 13056 -10624 -127 -1443 237 662 738 703 685 858 END
START -1004 13352 -12044 628 -1153 -138 662 740 701 684 859 END
START -1668 14152 -11948 339 -664 -477 660 741 701 687 855 END
START -1320 12980 -11080 -466 -1201 -382 662 739 701 684 856 END
START -1460 12352 -11520 747 -811 664 663 738 700 681 860 END
START -2416 14012 -12432 821 -1226 870 661 739 701 684 858 END
START -1488 14072 -11668 -1096 -2069 1613 661 738 700 684 856 END
START -376 12944 -10704 -982 -1660 1416 661 737 700 682 858 END
START -252 13600 -10316 -10 -926 608 662 739 700 683 858 END
START -480 13592 -11016 484 -64 -375 662 740 697 684 858 END
START -772 13264 -11324 750 299 -1006 662 740 702 686 862 END
START -1388 13892 -11456 734 353 -911 662 739 703 691 865 END
START -1500 13584 -11828 -63 437 -334 664 739 704 694 867 END
START -1688 13376 -11952 436 242 274 664 739 702 693 865 END
START -1124 13692 -11692 412 -185 550 663 740 701 692 866 END
START -912 13684 -11952 53 -312 491 664 740 702 692 866 END
START -900 13648 -11488 11 167 433 664 738 703 692 868 END
START -792 13828 -11328 -75 -190 244 667 736 702 692 868 END
START -516 13624 -11436 81 -100 94 665 740 702 693 868 END
START -640 13776 -11452 -78 187 6 667 742 702 693 867 END
START -236 13676 -11612 -211 -158 -201 667 739 700 693 868 END
START -308 13124 -10972 174 383 -59 664 739 703 692 867 END
START -904 13772 -11284 543 222 -190 667 742 703 693 868 END
START -972 13844 -11700 58 -361 -141 667 739 704 692 866 END
START -548 13332 -11360 247 -437 -286 666 742 702 690 864 END
START -372 13620 -11608 716 211 -116 665 741 701 692 865 END
START -752 13656 -11872 78 -413 -29 666 740 702 692 865 END
START -548 13560 -11120 134 -551 117 667 742 700 693 867 END
START -860 13404 -10928 1138 -975 447 666 740 701 692 866 END
START -396 13232 -10880 2443 -2264 492 665 740 702 694 865 END
START 180 13116 -11604 3146 -1497 11 666 741 702 693 865 END
START 268 12948 -12436 3170 1307 -763 665 735 702 693 864 END
START -520 13248 -12624 3152 263 -1778 666 741 703 694 865 END
START -1216 12516 -13248 3009 -1137 -749 666 742 702 693 866 END
START -1400 11532 -14228 2280 -720 587 666 741 700 693 866 END
START -392 12300 -13960 1524 1213 395 666 742 700 693 865 END
START -576 12088 -13864 1122 -1913 -471 664 741 702 692 866 END
START -708 11540 -14152 733 436 -875 664 739 700 691 865 END
START -944 11852 -14476 653 5 -449 666 743 704 692 865 END
START -772 12044 -13468 -13 -1378 316 666 742 702 691 868 END
START -300 12008 -13148 -162 562 1101 666 741 701 692 865 END
START -4 11360 -13200 379 269 582 665 741 702 690 865 END
START -128 11800 -13948 1162 2472 -189 666 741 702 692 865 END
START -284 11864 -13960 954 804 -767 665 742 702 691 866 END
START -1004 11012 -14176 1061 483 -506 667 744 702 691 862 END
START -252 12128 -14360 1081 1542 555 666 741 702 693 865 END
START 432 11952 -14664 404 950 953 666 742 702 691 866 END
START 1164 10636 -14488 50 1535 741 665 742 702 691 866 END
START 824 11496 -14272 630 309 -114 667 741 702 690 864 END
START 552 11496 -14504 522 978 -710 666 742 702 690 865 END
START 280 11116 -14620 215 -243 -664 666 741 702 691 866 END
START 344 11356 -14280 111 -94 -742 665 741 701 691 866 END
START 648 12028 -14044 266 412 -315 665 741 702 691 864 END
START 972 10872 -14544 -53 764 16 667 742 702 690 864 END
START 1076 10696 -14448 166 324 -172 669 740 701 689 863 END
START 364 11840 -14344 504 -214 -581 667 738 702 689 863 END
START 912 11392 -14456 562 470 -838 666 742 700 689 863 END
START 1520 11280 -14992 1595 2389 -1227 666 740 699 688 862 END
START 1944 11472 -15108 2727 4722 -3153 665 739 700 688 863 END
START 172 9208 -15128 3599 267 -7047 666 740 703 687 863 END
START -52 8572 -15008 4173 605 -5561 666 740 701 686 863 END
START 2348 8524 -15292 4563 3908 -1414 666 740 700 687 863 END
START 276 7384 -16752 6913 4547 -2704 666 739 700 688 863 END
START 1608 6720 -16728 8564 4246 -5247 666 740 700 687 863 END
START 2380 7356 -18156 7805 6978 -3580 666 738 700 686 863 END
START 2872 7244 -18032 5170 7289 -980 661 738 700 687 863 END
START 2780 8160 -17864 3095 6353 1139 668 742 700 687 860 END
START 1620 7880 -17988 2086 634 1988 666 739 700 687 862 END
START 2808 6580 -19416 2936 1442 1073 667 739 700 688 862 END
START 4632 5400 -17556 2194 -891 322 665 738 700 687 862 END
START 4324 4904 -17720 2273 1208 -86 667 737 699 686 862 END
START 4600 4796 -18324 2493 597 -1074 667 738 699 687 862 END
START 3844 4516 -18756 1889 -725 -1357 667 737 699 686 862 END
START 4280 3672 -18800 941 -336 -1032 667 739 699 686 862 END
START 3580 3672 -18560 1047 -2011 -833 668 737 699 687 861 END
START 2748 4256 -18748 842 -3329 -917 668 741 699 686 862 END
START 3276 4224 -17924 1018 -379 -1214 672 736 698 684 855 END
START 2988 4216 -18912 965 -3000 -1448 671 733 692 678 844 END
START 3140 3856 -18020 633 -1880 -784 671 732 693 677 842 END
START 2032 3308 -19120 898 -1179 -1002 670 732 693 677 843 END
START 2812 3656 -18736 929 500 -899 668 732 693 678 845 END
START 1908 3604 -19736 54 -1428 -820 668 731 694 681 845 END
START 2280 3004 -19860 20 -1513 -450 672 731 692 681 840 END
START 2300 3504 -18912 -66 -1572 -387 671 729 691 680 838 END
START 1784 3944 -18448 -136 -448 -307 671 730 690 681 837 END
START 1760 3580 -18404 -146 -565 -404 671 728 691 682 837 END
START 1960 3708 -19296 223 -1429 -964 672 729 690 680 832 END
START 1576 3664 -19160 -188 -946 -1138 671 728 690 680 833 END
START 1496 3240 -18968 -475 -1558 -751 674 728 691 682 832 END
START 1068 3800 -18972 -146 -1165 -538 671 728 690 681 833 END
START 1192 4156 -18988 -593 -931 -329 671 728 690 679 830 END
START 1000 3560 -19240 -934 -1800 -347 670 728 690 679 831 END
START 496 4092 -18704 -227 -2881 -752 669 727 690 677 831 END
START 388 4116 -18944 -14 -2717 -1202 667 726 691 677 831 END
START 460 3496 -18476 207 -1639 -1121 667 727 691 674 829 END
START -8 3748 -18828 631 -1664 -556 668 731 688 673 828 END
START -636 4304 -19028 -233 -707 217 668 729 690 671 831 END
START -416 4428 -18528 -1134 -319 614 668 726 689 671 830 END
START -404 4768 -18588 -1079 -875 77 667 729 692 669 830 END
START 448 4864 -18536 -802 -882 -626 667 729 691 670 829 END
START -596 3908 -18768 -648 -2437 -1000 665 730 691 670 829 END
START -1080 4204 -18524 -140 -1323 -1128 668 734 693 675 832 END
START -320 4512 -18336 8 455 -846 667 734 694 680 831 END
START -740 4620 -18036 -172 -1295 -388 670 734 694 679 831 END
START -1908 4440 -18980 144 47 -108 671 735 697 680 831 END
START -1528 5452 -18396 331 571 14 671 734 695 680 831 END
START -944 5540 -18564 -402 550 61 670 734 697 682 833 END
START -1276 4280 -18880 -567 -2054 50 665 739 698 687 835 END
START -680 4568 -17868 123 -3118 201 668 742 710 690 841 END
START -1412 4444 -18480 278 276 92 666 745 721 689 841 END
START -248 4628 -18124 667 -1875 -505 665 747 723 688 844 END
START -2952 4512 -19076 620 -2308 75 666 747 723 686 842 END
START -2128 4752 -18584 62 962 702 665 748 726 685 843 END
START -892 4904 -17828 80 -116 1086 664 748 725 684 845 END
START -2172 5664 -17620 468 -598 847 665 751 727 684 849 END
START -632 5432 -18432 -33 -130 -121 663 751 727 683 850 END
START -632 4540 -18004 32 -128 -592 663 751 725 683 853 END
START -1488 4340 -18056 458 678 -803 661 753 724 682 851 END
START -1872 4184 -19024 1091 2614 -407 665 749 724 681 848 END
START -1348 4812 -19284 616 2615 -45 665 747 722 678 849 END
START -1568 4704 -18996 -186 -335 122 664 748 722 682 849 END
START -460 4568 -18284 -146 -382 153 662 748 722 683 848 END
START -396 4836 -18504 77 -231 -12 663 748 723 683 850 END
START -340 4860 -18516 15 41 -333 662 752 724 687 850 END
START -484 4628 -18748 -203 552 -157 664 747 724 687 852 END
START -344 4636 -18808 -115 345 -141 664 751 724 689 851 END
START 324 4760 -17996 -276 1397 140 665 749 725 692 851 END
START -88 4220 -17776 650 1778 214 663 749 722 694 852 END
START 52 4576 -19156 1675 1944 841 662 749 723 694 852 END
START 764 5128 -19400 413 901 340 664 748 724 693 851 END
START 800 4796 -19076 -353 299 -60 663 749 723 694 851 END
START 1064 4760 -18340 -383 886 -280 663 748 723 693 851 END
START 1020 4908 -18504 -259 654 -98 661 748 725 694 850 END
START 1084 4712 -18388 -370 947 68 664 749 722 693 850 END
START 616 4332 -19152 -131 1387 -232 663 747 725 693 848 END
START 1220 4760 -18912 339 -199 -626 661 747 722 693 850 END
START 872 4840 -19116 190 -176 -696 663 748 721 692 850 END
START 1232 4904 -19104 -112 -1355 -410 664 743 722 693 849 END
START 1508 4840 -18368 -700 -634 64 660 745 721 693 848 END
START 1492 4952 -18316 -705 -32 263 665 748 720 693 848 END
START 1292 5216 -18064 -540 -82 -12 661 747 717 693 849 END
START 1796 5284 -18116 -86 -1074 -650 663 750 724 696 852 END
START 1204 4668 -18100 318 -1168 -524 662 746 720 696 849 END
START 556 5028 -18836 768 298 -570 660 745 719 694 849 END
START 828 5300 -18992 328 -351 -481 663 743 720 694 851 END
START 300 4900 -18472 -109 -1559 40 663 743 719 692 848 END
START 1084 4712 -17944 151 -1991 -157 663 741 718 691 847 END
START 524 5268 -18348 618 166 -250 661 739 715 693 847 END
START 660 5336 -18852 183 449 -258 661 741 716 690 846 END
START 408 5232 -18640 -47 -1161 -55 657 739 715 689 846 END
START 1208 5288 -18636 141 -6147 -519 664 741 717 689 843 END
START 280 4692 -18112 217 -278 -596 663 740 716 691 845 END
START -36 4848 -18256 641 -797 -911 657 740 715 690 845 END
START -696 5556 -19212 118 37 -501 662 741 715 690 846 END
START -380 5320 -18836 -923 531 92 662 740 715 689 846 END
START -336 4960 -18584 -1217 38 54 663 739 714 689 846 END
START 124 4992 -18304 -875 40 413 661 741 716 689 845 END
START 268 5444 -17244 -685 329 244 660 740 716 689 845 END
START 612 5780 -17404 236 1483 74 661 741 715 689 846 END
START 928 5800 -18596 493 1381 -838 662 740 716 689 846 END
START 596 5100 -19016 229 -367 -1658 661 743 715 689 846 END
START -316 4680 -18560 679 -1020 -1251 664 741 715 689 846 END
START -428 5228 -17892 708 -269 85 664 740 715 689 847 END
START 456 5976 -17844 828 -682 530 663 740 716 688 846 END
START 260 5856 -18280 401 505 -53 663 740 716 689 846 END
START 236 5200 -18356 282 -49 -893 663 742 714 689 841 END
START -204 4660 -18932 652 -517 -1072 665 739 715 689 846 END
START -16 4768 -18504 692 -1502 -335 664 740 715 689 846 END
START 164 4744 -18104 381 -848 32 665 738 717 690 847 END
START -132 4932 -18556 456 -54 167 665 738 715 688 847 END
START -12 5348 -18504 428 138 232 665 739 713 688 846 END
START -220 5088 -18964 -134 -69 186 665 739 714 688 846 END
START 268 4936 -18396 -89 -413 328 665 740 715 689 846 END
START 240 5272 -18436 8 -63 227 664 741 715 688 846 END
START 128 5456 -18380 -89 -323 -122 665 739 715 688 846 END
START 180 5060 -18432 139 -6 -555 664 740 713 688 846 END
START 284 4808 -18520 330 -45 -529 665 740 715 688 845 END
START -12 4924 -18308 447 -5 -429 664 740 714 688 846 END
START -104 5024 -18792 635 215 -468 664 739 714 688 847 END
START -128 5020 -18608 284 -110 -449 665 740 715 688 847 END
START -176 4960 -18684 -70 -15 -2 664 739 714 688 846 END
START 60 5172 -18512 -217 -334 201 665 739 715 689 845 END
START 172 4888 -18372 -45 -5 12 664 740 714 688 845 END
START 388 4620 -18436 355 -51 -164 663 740 714 688 846 END
START 24 5096 -18816 381 -162 63 666 737 714 688 844 END
START -136 5144 -18468 80 -57 383 664 740 715 688 846 END
START 324 5388 -18296 -155 -164 474 664 740 714 688 845 END
START 396 5032 -18552 -79 144 199 665 739 714 688 845 END
START 504 4880 -18232 232 -206 -462 664 740 715 688 845 END
START 496 4404 -18404 452 -230 -629 664 739 716 688 846 END
START -152 5016 -18952 640 -439 -578 661 738 716 689 846 END
START -4 5768 -18948 -96 -683 -132 664 739 714 689 845 END
START 364 4632 -17848 -560 98 -51 666 740 714 688 845 END
START 624 4292 -18160 225 201 -367 663 740 714 688 845 END
START 304 5184 -18860 563 141 -532 663 741 714 688 845 END
START -368 5624 -18816 -237 -524 -366 661 740 715 688 845 END
START 4 4964 -17944 -249 -218 -17 665 740 716 688 841 END
START 1048 4760 -18104 490 263 -101 664 739 714 688 845 END
START 364 4868 -18920 379 188 -462 664 739 714 687 844 END
START 216 5044 -18764 91 -201 -676 664 739 714 688 844 END
START 248 5228 -18536 99 -383 -385 663 740 714 688 845 END
START 228 5020 -18416 185 -230 -267 664 740 714 688 845 END
START 404 4960 -18340 208 -238 -414 664 740 713 689 843 END
START 276 5240 -18372 184 -288 -396 666 739 714 688 846 END
START -20 5036 -18420 62 -210 -478 664 739 714 684 844 END
START 272 5036 -18404 223 63 -355 663 740 714 688 845 END
START 372 4988 -18448 115 81 -415 665 741 713 688 844 END
START 464 4804 -18424 -4 144 -238 665 739 715 687 844 END
START 360 4992 -18608 152 279 0 662 740 711 687 845 END
START 528 5328 -18452 46 -295 74 664 740 714 687 843 END
START 412 5072 -18316 3 -100 -132 667 739 714 687 845 END
START 624 4676 -18416 443 179 -502 665 739 714 688 844 END
START 296 5120 -18844 336 -168 -454 665 740 711 688 846 END
START 160 5432 -18412 -196 -302 3 664 739 714 688 845 END
START 476 4976 -18296 -436 -49 226 665 740 714 688 845 END
START 668 4896 -18536 26 -242 -86 665 741 713 688 845 END
START 404 5256 -18572 81 -192 -307 667 742 714 687 845 END
START 324 4968 -18656 -111 -323 -295 665 740 712 688 846 END
START 500 4976 -18360 123 -412 -30 664 740 714 687 848 END
START 320 5296 -18772 61 -307 -17 665 740 713 688 846 END
START 340 5264 -18488 -308 -308 20 664 739 713 688 846 END
START 556 5392 -18204 12 -154 -133 665 740 713 687 846 END
START 500 5356 -18092 156 -226 -364 665 740 711 687 846 END
START 292 5380 -18496 238 -171 -520 665 740 713 687 849 END
START 304 5312 -18644 170 -137 -447 665 743 714 687 843 END
START 304 5004 -18500 -138 -411 -370 664 740 714 687 845 END
START 232 5200 -18460 -138 -314 -251 664 742 711 689 846 END
START 484 5344 -18412 46 -104 -158 662 739 714 689 845 END
START 456 5496 -17916 188 30 -513 664 740 714 688 846 END
START 572 5340 -18544 215 -155 -770 664 740 714 688 846 END
START 256 5124 -18424 -19 -21 -605 663 741 714 685 846 END
START 368 5160 -18596 -83 -334 -310 664 740 714 688 847 END
START 412 5424 -18676 -84 -355 -73 664 740 713 687 846 END
START 564 5616 -18440 -412 -539 -214 664 740 715 688 846 END
START 452 5456 -18172 -194 -353 -409 665 740 713 688 847 END
START 140 5260 -18120 110 -205 -554 664 739 714 687 846 END
START -12 5388 -18284 350 -32 -337 663 739 711 685 845 END
START 116 5664 -18528 311 -254 -84 663 740 714 687 846 END
START 620 5328 -18460 -6 -209 80 666 742 714 687 847 END
START 688 5340 -18192 201 57 -38 666 739 713 687 846 END
START 292 5824 -18464 198 -308 -467 664 739 713 687 847 END
START 324 5620 -18224 -95 -1 -228 663 740 713 687 846 END
START 256 5144 -18208 -54 -366 -80 664 739 713 687 845 END
START 180 5476 -18028 212 -331 95 664 738 715 689 846 END
START 544 5644 -18152 416 64 -227 664 739 714 687 846 END
START 576 5312 -18532 390 -214 -595 664 739 713 686 847 END
START 92 5704 -18592 311 -286 -557 666 741 712 687 844 END
START 248 5676 -18224 -303 -150 -47 663 739 712 687 846 END
START 384 4852 -18144 -93 -255 -252 663 740 713 687 846 END
START 364 5348 -18196 624 -130 -229 664 739 714 687 845 END
START 372 5560 -18536 522 -117 -439 665 741 713 687 846 END
START 312 5396 -18444 250 -44 -451 663 739 714 688 846 END
START 216 5612 -18544 181 -196 -194 664 739 713 687 846 END
START 616 5752 -18288 -339 49 24 664 739 713 688 845 END
START 484 5112 -18192 -319 -149 -300 664 741 713 687 845 END
START 508 5096 -18368 404 -165 -342 662 739 714 685 844 END
START 292 5464 -18088 367 -256 -472 663 739 713 687 844 END
START 276 5300 -18372 493 -88 -234 663 740 714 687 843 END
START 368 5484 -18640 634 -120 -84 664 740 713 687 845 END
START 436 6064 -18476 -40 -295 -98 665 739 715 688 844 END
START 632 5332 -18160 -694 -326 -298 663 741 713 688 843 END
START 536 4792 -18356 37 -364 -528 663 740 713 687 844 END
START 72 5012 -18436 466 -271 -373 663 740 713 687 845 END
START -136 5112 -18056 311 -303 141 664 739 713 687 845 END
START 284 5524 -18388 580 181 547 663 740 713 687 844 END
START 624 6060 -18656 318 112 -100 663 740 713 687 845 END
START 744 5984 -18364 -454 -14 -140 664 740 715 687 846 END
START 528 5340 -18196 -374 -19 -465 664 740 714 687 844 END
START 616 5268 -18092 70 -96 -674 664 739 714 688 844 END
START 320 4840 -18344 459 -259 -738 664 739 713 687 845 END
START 304 4812 -18724 548 -306 -465 663 739 712 687 845 END
START 504 5144 -18412 406 -46 351 664 739 712 686 843 END
START 584 5556 -18592 379 92 501 663 736 714 688 844 END
START 412 6096 -18408 -106 -178 7 663 738 714 687 845 END
START 608 6228 -18196 -363 -60 -103 663 738 715 687 845 END
START 836 5140 -18656 -888 -480 -54 665 738 713 687 845 END
START 576 4796 -17720 -883 23 612 662 740 712 687 845 END
START 844 4916 -17856 48 -51 645 662 738 709 687 844 END
START 776 5492 -18248 365 -417 737 663 738 714 686 845 END
START 712 6084 -18492 222 -734 863 665 738 714 687 846 END
START 648 5900 -18092 -141 -501 1140 663 739 713 687 845 END
START 944 5924 -18012 -107 -233 1080 663 739 714 686 845 END
START 1064 6240 -18216 178 -141 209 663 739 713 687 844 END
START 1108 6316 -18328 -154 -48 -669 663 734 714 687 846 END
START 1032 5704 -18020 -117 -134 -1170 664 740 712 688 845 END
START 840 5032 -17888 497 -165 -1390 663 738 713 688 844 END
START 512 5000 -18428 1219 5 -1408 663 739 713 687 845 END
START 384 5508 -18448 936 -172 -900 663 738 712 687 844 END
START 412 5428 -18608 354 -323 -222 663 738 713 687 844 END
START 676 5800 -18324 77 -257 245 662 739 712 687 845 END
START 792 6104 -18384 -131 -84 -234 663 738 713 687 845 END
START 896 6000 -18284 -381 -95 -850 663 739 713 688 847 END
START 768 5392 -18216 -200 21 -1214 663 736 713 687 844 END
START 532 5164 -17900 178 132 -1139 662 738 714 687 844 END
START 556 4996 -17928 583 -139 -856 664 738 712 683 844 END
START 228 5276 -18460 508 -217 -371 663 736 713 687 845 END
START 420 5612 -18508 217 -293 398 663 738 713 686 844 END
START 692 5860 -18324 -131 -291 740 662 739 713 688 844 END
START 1180 5904 -17940 -303 -29 450 660 738 712 687 844 END
START 868 5884 -18368 -145 -120 -169 661 736 713 689 842 END
START 692 5944 -18012 -149 21 -344 662 738 714 689 844 END
START 832 5352 -18048 13 -168 -631 663 738 713 687 844 END
START 724 5048 -18156 446 -123 -404 664 739 714 688 845 END
