START -5844 13572 -8420 4 -110 -155 648 748 701 705 878 END
START -5760 13544 -8408 30 -231 -211 647 748 699 706 876 END
START -5652 13456 -8684 285 -226 -279 648 747 700 704 877 END
START -5784 13904 -8996 151 -240 -96 649 750 699 703 877 END
START -5228 13472 -8860 155 95 -29 650 744 700 705 877 END
START -5560 13228 -9044 129 172 -616 649 745 700 704 877 END
START -6276 13876 -8716 -179 -10 -763 649 749 701 704 877 END
START -5960 13320 -8296 -100 -258 -331 649 747 699 704 877 END
START -5700 13472 -8484 390 -393 -313 648 747 699 703 876 END
START -5828 14072 -9052 318 -298 -130 648 746 700 704 876 END
START -4900 13284 -8672 43 153 -238 649 747 699 704 875 END
START -5516 13376 -8880 245 205 -940 649 747 700 703 876 END
START -6372 13708 -8936 -109 161 -886 650 747 700 703 879 END
START -5328 13232 -8200 30 1742 -865 650 746 699 704 877 END
START -5380 13344 -8780 538 2655 -1409 648 747 699 704 877 END
START -6196 13408 -9020 1131 4609 -1446 649 745 698 703 876 END
START -5168 13212 -9040 1664 6474 -552 649 740 693 704 878 END
START -5988 12764 -10200 2318 5563 -99 647 736 692 702 875 END
START -5268 13196 -11284 2190 5198 -421 645 733 690 700 874 END
START -4756 12884 -11604 1458 3230 141 641 732 688 699 873 END
START -3972 12388 -12304 1236 3066 269 650 732 688 699 869 END
START -4020 12752 -12240 901 4722 691 657 731 685 700 872 END
START -3052 12944 -12100 766 3540 788 658 731 686 698 872 END
START -2088 13012 -12468 347 2945 937 661 730 685 699 872 END
START -2204 12624 -12736 288 2886 639 660 729 684 702 872 END
START -2172 12816 -12112 808 758 273 665 731 681 701 873 END
START -2040 12720 -13112 142 838 -413 668 727 671 702 873 END
START -1900 12708 -11908 -18 1091 -515 672 725 667 702 876 END
START -2756 12900 -12604 -94 -652 -495 669 720 657 706 879 END
START -2748 12748 -12928 -275 -378 -410 662 718 642 708 878 END
START -1524 12660 -12608 -162 453 -158 660 718 638 709 879 END
START -1624 12592 -12244 -242 -220 17 659 718 638 710 878 END
START -1772 12556 -12296 -7 -66 -46 659 720 647 710 879 END
START -2552 12960 -12564 81 948 -249 662 728 660 709 879 END
START -1588 12860 -11820 311 -167 -183 657 741 681 711 879 END
START -2184 12756 -12260 144 -685 -632 654 751 693 711 878 END
START -2344 12616 -13028 88 491 129 656 749 704 710 877 END
START -948 13184 -12032 -341 73 69 654 752 706 710 876 END
START -1260 12720 -12088 -118 178 171 651 754 708 711 875 END
START -1512 12564 -12772 337 1061 51 651 753 709 710 876 END
START -1524 13012 -12596 -77 1903 6 651 752 712 711 874 END
START -884 12728 -11208 484 -676 184 655 750 715 709 875 END
START -1856 12960 -13004 585 -1099 -132 659 753 719 712 876 END
START -676 13204 -12472 -373 1246 -167 658 754 721 712 876 END
START -948 12668 -11924 -211 1635 158 658 753 720 713 874 END
START -1356 13044 -12216 480 -60 -424 657 749 717 715 874 END
START -1772 12992 -12960 234 -88 -408 657 748 714 715 876 END
START -1328 12864 -12312 192 18 -369 658 753 717 715 875 END
START -968 12784 -12472 329 144 -192 658 751 714 717 874 END
START -1396 12700 -12640 285 744 -22 655 749 713 714 876 END
START -32 13112 -12192 286 -276 -74 655 747 711 716 877 END
START -1100 12648 -13008 371 -574 -261 654 746 708 715 876 END
START -904 12708 -12912 229 449 -841 653 745 705 715 876 END
START -1272 12932 -12604 26 -650 -1341 651 746 704 714 874 END
START -1376 12580 -12528 -79 187 -749 653 749 706 713 876 END
START -1016 12980 -12420 276 26 -319 654 747 701 714 877 END
START -1448 13080 -12964 -231 -410 25 657 746 702 715 879 END
START -820 12336 -12308 -230 345 37 658 749 700 716 879 END
START -1100 12724 -12620 241 -1067 -266 658 746 700 715 879 END
START -1840 12928 -12668 99 -727 -428 658 745 703 714 878 END
START -1304 12744 -12176 159 167 -130 659 750 700 715 881 END
START -1048 12956 -12700 441 -853 -3 660 747 700 715 879 END
START -924 13272 -12980 -312 259 444 658 746 699 714 879 END
START -864 12876 -11968 -214 437 779 657 743 697 714 877 END
START -468 13148 -12480 456 -645 24 655 742 696 715 877 END
START -1460 13032 -12956 4 -517 -259 656 742 697 713 878 END
START -972 12932 -11632 131 144 -184 651 742 693 714 877 END
START -1076 12820 -12476 528 -330 -48 652 739 696 711 875 END
START -1016 12996 -13308 -17 -911 -174 647 737 690 707 871 END
START -212 12836 -11484 -196 296 142 644 729 689 706 871 END
START -320 12804 -12384 250 -163 -627 645 723 683 702 869 END
START -936 13000 -12940 186 -666 -1204 645 724 678 700 869 END
START -1652 12452 -12040 -28 581 -1396 653 728 675 696 869 END
START -1176 12972 -11172 714 378 -600 651 726 673 697 870 END
START -1228 13224 -12704 803 -812 -408 651 726 672 698 872 END
START -1056 12872 -13272 -322 -242 492 652 727 672 699 873 END
START -480 12332 -12384 -219 1048 57 653 728 673 700 872 END
START -1140 12972 -12420 202 978 -562 653 726 674 700 872 END
START -1136 12428 -13020 -259 -509 -814 657 733 671 699 872 END
START -924 12840 -12100 255 -464 -553 659 733 669 698 871 END
START -1324 13368 -12956 389 -208 181 661 732 667 697 871 END
START -984 13076 -12584 -574 574 703 660 732 668 693 870 END
START -264 12684 -11924 -520 -1218 903 659 733 672 695 870 END
START -516 12360 -12728 247 -361 -9 654 734 675 695 868 END
START -492 12780 -12248 613 343 -979 653 733 675 693 868 END
START -1088 13420 -12048 498 446 -1351 650 733 677 694 868 END
START -1312 13344 -12416 365 349 -1 643 733 673 694 868 END
START -792 12924 -12868 64 37 440 640 731 671 694 868 END
START -148 12524 -11916 18 1244 74 638 729 668 693 867 END
START -436 12960 -12264 744 47 -927 636 728 658 693 867 END
START -360 12848 -12800 829 962 -1095 633 724 651 692 866 END
START -1168 13116 -13016 702 1682 -1065 634 723 654 692 866 END
START -1160 13232 -13112 -74 -171 -402 634 728 676 694 864 END
START -316 12440 -12560 -1204 157 653 642 736 693 692 865 END
START 148 12144 -12980 -2015 670 1189 646 737 699 693 866 END
START 76 12192 -12584 -952 2251 1095 648 738 696 693 866 END
START -100 13012 -12624 245 432 676 651 738 696 693 868 END
START 504 13996 -12088 -197 -400 265 652 739 695 693 867 END
START 508 14220 -11888 -1036 -13 -374 654 732 691 694 867 END
START 280 13676 -11548 -1702 1487 -1660 655 731 688 696 867 END
START 244 12788 -11264 -635 915 -1834 656 726 687 694 867 END
START 400 12688 -10936 320 2042 -1359 660 732 686 694 863 END
START -236 12972 -11176 1495 3959 -951 660 728 682 695 867 END
START 600 13536 -11956 2074 1360 -1072 661 728 686 694 865 END
START 780 13396 -12548 1753 2522 -1408 663 729 685 694 866 END
START 832 13324 -12532 1329 495 -1911 666 730 686 694 866 END
START 736 12900 -12368 316 2505 -1942 670 732 685 692 865 END
START 464 12644 -12824 446 1643 -1909 671 732 682 694 865 END
START 128 12552 -13072 621 2450 -2140 673 732 679 695 865 END
START -4 13300 -12724 421 1078 -2108 673 730 677 693 865 END
START -152 13216 -12800 -312 1366 -1703 674 731 676 694 865 END
START 52 12492 -12916 -376 1623 -1331 675 731 675 693 864 END
START -352 12864 -12140 52 333 -1286 677 731 676 694 865 END
START 672 12588 -12040 -389 887 -233 675 730 677 693 865 END
START 196 12484 -12632 388 1390 -94 674 725 672 693 866 END
START 468 13452 -12372 721 414 -166 674 719 669 692 864 END
START 748 12792 -13424 -54 -304 -351 674 717 666 693 865 END
START -732 12948 -12192 -99 1346 -591 668 720 679 693 864 END
START 1096 13268 -12200 -211 -339 -1227 661 729 690 693 864 END
START 12 12616 -12536 69 668 -920 659 734 693 693 864 END
START 200 13136 -11872 623 575 -789 658 738 694 693 858 END
START 116 12856 -12668 355 -146 -409 660 739 696 693 864 END
START -100 12704 -12796 -61 946 -211 660 740 695 695 865 END
START 340 12652 -12412 261 -990 -57 661 739 693 693 864 END
START 260 12952 -12468 471 -1390 212 659 737 691 693 864 END
START -4 12720 -12708 497 -989 -91 663 734 686 692 863 END
START 172 12816 -12652 336 -1328 301 664 727 677 693 864 END
START 84 12676 -12740 577 -1145 728 662 716 666 691 863 END
START -172 12736 -13132 656 -1865 797 663 713 666 690 863 END
START -72 13028 -13092 523 -1114 673 660 711 664 693 863 END
START 484 12520 -12384 358 -2357 527 658 710 662 688 861 END
START 228 11852 -12440 751 -1504 958 657 714 664 691 863 END
START 388 13028 -13736 1169 -1586 1078 657 716 666 691 861 END
START 8 13148 -13180 339 -1426 558 658 719 668 691 863 END
START 348 12796 -12780 16 -1090 302 655 721 670 692 863 END
START 116 12616 -13180 167 -21 -281 654 723 673 691 863 END
START 1128 12388 -12912 723 -241 -560 653 725 678 693 863 END
START -828 12660 -13268 619 1474 -751 649 726 687 693 863 END
START -380 13092 -12988 -258 965 -551 647 728 691 694 863 END
START 208 11968 -12592 -303 -574 -699 648 730 693 693 863 END
START 860 11528 -12780 886 809 -579 650 730 693 692 863 END
START 160 12900 -13948 1179 228 -321 653 731 695 694 863 END
START -396 13436 -14336 -978 689 252 658 736 696 695 865 END
START 88 12200 -13308 -1693 60 196 660 737 694 694 864 END
START 356 12032 -12588 -790 -272 -278 662 738 695 695 865 END
START 140 12480 -12896 118 75 97 662 738 693 696 865 END
START 772 12672 -12796 272 -200 -371 665 738 694 695 861 END
START 280 13280 -12792 30 -1051 -481 663 740 697 696 866 END
START -156 13112 -12964 -312 -219 -628 663 741 700 697 865 END
START 616 12536 -12452 -176 -341 -806 661 742 701 698 865 END
START 56 12428 -12392 186 358 -1012 658 742 700 697 864 END
START -212 12964 -13056 626 -539 -1315 663 742 698 698 865 END
START -556 11960 -13104 192 203 -1235 662 743 699 697 865 END
START -500 13076 -12404 784 339 -967 661 741 699 698 864 END
START -1040 13932 -13564 -525 -108 -1080 660 741 698 698 865 END
START 8 11780 -12788 -956 -942 -600 660 740 697 697 864 END
START -296 12452 -13040 -745 -722 -547 661 741 696 699 864 END
START -476 12980 -12856 -901 -502 -774 658 739 695 700 866 END
START -824 12968 -12456 -926 -897 -922 660 742 696 699 865 END
START -956 12972 -11968 -386 -411 -662 660 739 695 700 865 END
START -648 12904 -11728 141 -638 -775 660 741 693 699 863 END
START -804 12916 -12040 733 -1823 -556 663 740 698 701 867 END
START -828 13012 -12444 689 -2016 -427 664 742 702 701 868 END
START -1084 12996 -12708 180 -1070 -322 664 741 700 702 865 END
START -1536 13108 -12368 92 -698 -578 663 740 699 702 868 END
START -1736 12876 -12260 420 -1513 -668 662 740 699 701 867 END
START -2016 12620 -12844 -474 -645 52 663 740 698 702 868 END
START -1312 10956 -12200 923 -821 514 663 741 698 701 865 END
START -1928 14496 -12820 1403 -1723 470 664 742 699 702 865 END
START -1552 13136 -12992 -215 -716 395 664 743 699 703 866 END
START -492 12260 -11768 -351 -999 -63 663 743 698 702 866 END
START -1112 12552 -12360 613 -282 -49 666 740 698 698 866 END
START -1360 12856 -12884 659 -601 -260 663 742 697 699 865 END
START -1848 13220 -12948 -432 -152 -130 663 742 698 702 865 END
START -1828 12840 -12300 -614 -640 87 661 742 698 702 866 END
START -1016 12992 -12240 -192 -589 494 667 747 702 706 865 END
START -1188 12492 -11956 110 -275 -11 665 746 703 703 866 END
START -1060 12688 -12252 438 -153 -238 666 744 702 705 863 END
START -1316 12792 -12892 575 -439 -514 665 747 702 703 865 END
START -1608 13284 -12560 260 -71 -361 663 746 702 705 861 END
START -1684 13704 -12356 -259 -308 -108 663 747 701 703 865 END
START -1136 12628 -11704 -485 -302 -53 664 746 702 703 865 END
START -1148 12048 -12484 467 29 241 663 745 702 701 864 END
START -1492 13388 -12824 599 -30 423 662 742 701 703 865 END
START -1516 13360 -12520 -390 -403 19 663 745 701 702 865 END
START -1412 13264 -11504 -462 -301 35 663 744 701 702 865 END
START -1080 13224 -11696 -224 14 245 663 744 701 702 865 END
START -852 12800 -12152 198 322 625 664 745 700 702 865 END
START -960 12168 -12788 663 -228 581 664 745 700 702 865 END
START -976 13416 -12816 264 -287 99 662 746 700 703 865 END
START -1580 13308 -12796 -143 -1549 78 663 746 700 701 863 END
START -1516 13152 -11876 0 -514 928 663 745 699 703 866 END
START -384 13060 -12236 -187 -464 1040 664 744 699 702 863 END
START -312 12588 -12320 177 -219 436 663 745 700 701 864 END
START -420 13520 -12520 262 130 -225 664 744 699 702 864 END
START -564 13364 -12040 -459 -214 -637 661 745 698 701 864 END
START -284 12932 -11620 -252 448 -483 663 745 699 701 866 END
START -956 13208 -11936 60 745 -828 664 745 699 701 864 END
START -1116 12848 -11988 607 -151 -763 660 744 698 701 864 END
START -720 13216 -12548 1009 -376 -226 662 744 699 702 864 END
START -684 13360 -12668 372 -888 -292 663 744 698 701 864 END
START -408 13280 -12168 118 -1008 -348 663 745 698 700 864 END
START -260 12736 -11672 273 -873 -966 663 744 699 701 863 END
START -772 12528 -12300 1112 -324 -982 663 742 698 701 866 END
START -1748 13108 -12768 991 -750 -1850 663 744 699 701 864 END
START -1828 13144 -12228 429 -615 -1411 664 744 698 701 863 END
START -1260 13056 -12552 453 -12 -1027 663 742 698 702 863 END
START -1332 12396 -12940 209 6 -1008 663 743 697 701 864 END
START -1484 12396 -12968 578 257 -1275 662 743 698 701 863 END
START -2260 12844 -12948 188 -190 -1563 664 743 698 701 864 END
START -2120 12460 -12704 150 -640 -883 663 742 698 700 867 END
START -2204 12536 -12688 -162 -696 -335 663 742 698 701 864 END
START -1968 12820 -12536 -8 -627 -29 663 743 699 701 863 END
START -1836 12496 -12672 106 -382 38 665 743 698 701 863 END
START -1812 12616 -12112 -193 -62 13 662 743 698 701 866 END
START -3012 12852 -12392 -288 -3038 -318 662 743 698 702 863 END
START 136 13188 -10480 152 -1053 -782 661 741 700 703 864 END
START -2716 12496 -12216 189 -1589 -746 658 744 703 705 865 END
START -2756 12384 -12172 609 417 -495 657 744 703 703 865 END
START -2936 12616 -12660 724 655 79 658 742 703 704 864 END
START -2552 12592 -12848 629 -544 91 658 742 700 703 864 END
START -2248 12672 -12624 293 100 280 657 742 699 702 865 END
START -2464 12524 -12376 48 -676 545 658 742 700 702 864 END
START -1716 12468 -12388 276 -141 77 656 742 702 701 863 END
START -2568 13352 -12644 114 -820 -541 658 741 698 703 865 END
START -1964 12916 -12632 -764 -541 -975 658 739 698 702 865 END
START -2676 12316 -11944 -363 494 -629 656 738 697 703 864 END
START -2696 12060 -12544 386 -154 -453 656 737 696 702 865 END
START -2564 12472 -12576 426 -322 -307 656 737 696 701 860 END
START -2308 12944 -12448 -99 -617 -466 656 737 695 702 864 END
START -2284 12688 -12236 -172 168 -388 656 736 696 701 864 END
START -2376 12464 -12268 -168 -237 -101 658 737 696 701 864 END
START -2340 12412 -12120 259 -167 164 658 732 696 701 864 END
START -2576 12724 -12308 219 -206 -365 659 739 698 702 864 END
START -2244 13188 -11984 111 -65 -284 661 745 702 703 864 END
START -2696 12856 -12372 34 -92 -233 662 743 702 703 864 END
START -2620 12312 -12288 -63 170 0 662 745 703 703 866 END
START -2120 12476 -12288 362 -62 340 662 746 703 705 864 END
START -2264 12736 -12556 283 -473 -288 662 744 702 704 864 END
START -2172 13244 -12568 114 -289 -505 661 745 702 704 864 END
START -2596 12804 -12496 -297 204 -194 662 744 701 701 864 END
START -2452 12720 -11880 -9 -170 -126 662 745 702 703 865 END
START -2316 12544 -12332 82 101 107 660 742 701 704 864 END
START -2216 12744 -12484 151 -701 -217 659 744 701 703 864 END
START -2192 12924 -12156 166 -1465 -601 662 743 702 705 863 END
START -2508 12560 -12204 17 -31 -689 661 744 699 702 866 END
START -2792 12616 -12032 270 -521 -269 660 743 700 705 865 END
START -2416 12896 -12320 383 -214 26 658 743 701 703 865 END
START -2468 12860 -12268 314 151 -42 658 742 701 702 865 END
START -2208 12628 -12252 418 3 -194 658 740 699 701 864 END
START -2392 12788 -12468 548 -109 -493 658 738 698 701 866 END
START -2900 12668 -12160 607 -199 -492 659 736 695 702 864 END
START -2572 12720 -12328 597 -253 -349 659 732 692 698 863 END
START -2704 12476 -12660 356 -324 118 660 731 689 700 865 END
START -2376 12532 -12340 397 -47 90 659 729 688 701 866 END
START -2096 12344 -12672 522 -407 10 659 729 689 700 865 END
START -2372 12632 -12524 406 -499 -250 660 728 687 699 865 END
START -2560 12720 -12616 160 -202 -339 658 728 685 701 865 END
START -2596 12792 -12572 86 -174 -244 659 729 687 702 866 END
START -2012 12352 -12416 212 -88 -146 659 728 685 704 866 END
START -2256 12112 -12560 593 -433 -619 659 728 684 703 865 END
START -2752 12464 -12784 642 -294 -813 657 727 685 702 866 END
START -2608 12788 -12324 535 -778 -654 653 727 685 702 866 END
START -3868 12364 -12968 572 -5 -359 644 723 689 703 867 END
START -2032 11812 -12540 613 -2112 -401 636 724 688 702 866 END
START -3092 12180 -13192 337 -26 253 628 726 689 701 868 END
START -2156 12532 -12588 185 455 411 625 728 690 700 868 END
START -2488 11832 -13168 320 -301 90 624 732 692 698 868 END
START -2348 12664 -12812 336 1489 -233 630 732 695 699 866 END
START -2264 12756 -12312 -249 520 -271 641 733 692 700 870 END
START -2248 12084 -12624 -144 361 -285 644 734 690 702 867 END
START -2084 12352 -13048 340 866 -532 642 732 689 700 867 END
START -2276 12596 -12728 411 -119 -140 642 733 687 701 867 END
START -2376 12176 -13220 -218 -765 -249 642 731 687 701 867 END
START -2368 11936 -12720 193 -196 -66 643 731 687 700 865 END
START -1804 12812 -12964 434 -261 -278 639 731 686 700 866 END
START -2916 12760 -13052 -383 -1382 -856 632 731 685 700 866 END
START -1876 11776 -11448 -64 -637 -613 639 731 685 700 865 END
START -2452 11924 -13128 1017 -1180 -464 635 733 685 701 866 END
START -3520 12608 -12472 1310 868 -214 637 735 686 702 866 END
START -2752 12544 -13556 -80 -228 -295 638 734 687 702 867 END
START -2800 12280 -13056 -556 -570 190 648 734 687 702 866 END
START -2476 11824 -12604 57 -772 216 650 733 686 702 865 END
START -2624 12040 -12872 1124 -95 20 649 732 682 701 866 END
START -2852 12308 -13400 779 273 -143 648 731 687 700 867 END
START -2500 12112 -13176 264 -516 -391 649 730 686 699 866 END
START -2852 12012 -12732 439 -253 -202 648 729 688 698 866 END
START -2552 11996 -12872 681 -102 209 648 730 687 698 866 END
START -2764 12140 -12888 918 -547 152 651 726 687 698 864 END
START -2196 12164 -13272 718 141 246 645 726 687 698 864 END
START -1984 12140 -13268 303 292 -43 645 725 687 697 864 END
START -2304 12020 -13464 -588 323 -858 641 731 687 696 863 END
START -2488 12048 -12712 -301 944 -679 639 732 685 695 861 END
START -2104 11844 -12940 58 856 -169 637 732 685 695 860 END
START -2540 12000 -12920 56 1251 315 637 731 683 695 861 END
START -1760 12364 -13292 22 1297 278 634 730 685 694 859 END
START -1912 12064 -13320 -66 -258 241 633 730 683 694 861 END
START -1660 12068 -13280 -71 940 -109 638 726 684 693 858 END
START -1504 12208 -13240 10 1548 152 640 729 684 693 861 END
START -1456 12340 -13184 -224 412 118 649 729 687 693 863 END
START -1668 12576 -13044 -489 811 -126 655 731 685 692 861 END
START -1224 12320 -14100 -894 4061 -31 663 729 680 693 861 END
START -432 12264 -12208 586 -1837 71 662 725 679 695 862 END
START -1556 12152 -13824 604 -404 -162 663 720 675 687 862 END
START -676 11928 -13952 509 567 -345 665 718 671 688 861 END
START -1204 12184 -13256 618 -783 -471 674 717 668 686 863 END
START -580 12320 -12328 756 712 -222 687 718 668 688 864 END
START -1504 12300 -13756 179 -233 -11 686 721 669 687 864 END
START -1888 12448 -13284 90 -1525 -429 685 724 669 684 861 END
START -948 12132 -13188 -153 -1441 -279 681 728 671 681 864 END
START -948 12144 -13432 -374 -1198 -62 678 730 669 680 861 END
START -708 12336 -12736 -659 -2232 -369 677 729 667 680 864 END
START -1312 12592 -13084 -520 -674 -337 669 727 666 677 864 END
START -1636 11952 -12416 -59 1118 -281 663 721 661 675 865 END
START -816 11928 -13572 -151 -644 -666 664 727 678 671 865 END
START -2068 12620 -12760 -148 396 -608 665 746 702 680 864 END
START -2104 12400 -13076 -381 25 -779 666 752 707 680 867 END
START -1944 12380 -12372 186 -1123 -369 668 757 707 683 869 END
START -1760 12700 -13148 514 -453 68 668 760 709 686 870 END
START -1484 12156 -13076 928 -636 393 668 760 707 685 870 END
START -1644 12468 -12816 678 1651 208 668 758 707 685 868 END
START -2080 12204 -13600 573 -436 203 666 759 705 685 869 END
START -1516 11928 -12960 634 -720 187 667 760 706 682 868 END
START -1752 12656 -13372 667 146 558 664 759 707 683 867 END
START -1364 12604 -13484 1 1959 969 666 757 705 684 868 END
START -940 11788 -13692 426 -1992 381 666 756 705 684 869 END
START -1508 12492 -13116 -545 1290 98 668 753 704 686 869 END
START -112 12392 -12032 -621 244 297 670 754 703 695 869 END
START -1484 11940 -14020 143 -1092 51 664 744 699 695 869 END
START -952 12760 -13232 668 -205 447 662 731 684 692 867 END
START 128 12464 -13276 80 -933 866 663 721 675 690 873 END
START -1132 12140 -13540 -578 -1908 292 664 713 665 691 873 END
START -656 12436 -12788 94 295 -315 662 711 663 683 870 END
START -864 12452 -13540 61 -1930 -680 661 711 664 673 867 END
START -1516 12188 -13028 -76 629 -638 659 713 667 670 866 END
START -1008 12296 -13296 319 -696 -586 659 714 669 668 865 END
START -1196 12524 -13128 56 -235 -78 659 716 671 667 862 END
START -844 12600 -12784 13 213 160 659 716 672 667 862 END
START -736 12268 -13228 100 663 100 659 719 674 666 862 END
START -520 12408 -12996 477 2333 -82 660 720 677 667 864 END
START -1044 12132 -13472 559 926 -193 660 721 682 667 863 END
START -936 12384 -13268 626 611 -81 658 725 685 668 863 END
START -572 12428 -13876 -19 -101 -172 657 731 692 669 864 END
START -316 12584 -13300 -92 -316 -399 653 729 693 668 863 END
START -44 12556 -13052 -157 -931 -617 657 730 690 667 862 END
START 164 12344 -12552 494 -93 -899 657 730 692 667 863 END
START 20 12272 -13068 789 -215 -1437 657 733 694 668 863 END
START -1032 12156 -13524 703 1159 -1623 657 740 697 668 862 END
START -988 12044 -13472 457 1710 -2042 659 745 704 668 865 END
START -1460 11972 -13936 524 1054 -1346 660 747 708 669 864 END
START -1084 12312 -13364 52 1358 -617 659 747 706 668 860 END
START -848 12420 -13336 -111 482 22 661 746 705 671 866 END
START -240 11948 -13212 -241 1097 212 658 746 706 674 864 END
START -668 11956 -13776 -8 480 -459 663 746 707 674 866 END
START -184 12120 -13132 98 1645 -665 659 751 710 674 866 END
START 16 12160 -13320 210 2665 -779 656 748 709 671 862 END
START -56 12148 -14176 -77 5400 -517 660 753 710 673 864 END
START 208 12488 -14052 -506 7266 -946 660 753 709 674 866 END
START 1684 12644 -13120 -828 4831 -978 662 751 709 672 864 END
START 628 12036 -12844 -784 1800 -424 660 754 709 673 864 END
START 1964 12572 -12576 111 140 -600 659 752 710 673 865 END
START 1336 12228 -13004 278 -777 -687 660 752 710 672 862 END
START 1076 12236 -13380 469 -910 -806 659 752 708 673 863 END
START 952 12712 -13904 377 -1900 -422 660 751 708 673 863 END
START 300 12868 -13588 -404 -3728 -139 659 751 708 674 863 END
START 700 12076 -12656 -477 -2946 -1 658 751 708 673 863 END
START 68 12320 -13380 832 -8901 -383 658 750 708 674 864 END
START 532 12376 -12936 540 -36 -961 660 751 706 672 863 END
START -1248 12056 -13240 422 -3904 -814 660 749 708 673 863 END
START -1100 12388 -13384 564 -3173 -573 659 749 707 672 863 END
START -1788 12764 -13552 277 -2432 51 658 748 707 672 864 END
START -1792 12264 -13024 -103 -3104 584 661 748 704 672 863 END
START -848 12084 -12484 1298 -8738 630 659 747 706 672 864 END
START -2116 12260 -13296 1496 -5228 -100 660 746 705 671 864 END
START -2804 11876 -13272 1871 -13390 -805 661 745 704 669 864 END
START -4204 11772 -12396 1290 -13243 -1694 662 745 702 666 865 END
START -6556 11960 -12460 263 -15672 -908 663 741 701 664 864 END
START -6620 11828 -10840 -694 -13649 187 664 742 701 664 865 END
START -7168 12036 -9472 -352 -7985 597 663 741 699 661 864 END
START -7800 11896 -9448 -506 -4478 -176 663 742 699 665 864 END
START -8068 12056 -8904 -713 -5130 -366 663 742 699 663 865 END
START -8544 11796 -8316 -1051 -6212 -359 663 741 697 663 864 END
START -8660 11796 -7340 -1148 -8996 -246 664 741 699 665 865 END
START -9316 12420 -6492 -556 -6580 -389 662 742 699 663 865 END
START -9704 12124 -5544 651 -4506 79 662 742 698 665 866 END
START -9808 11784 -5952 1615 -4353 1166 662 741 698 665 865 END
START -9260 12116 -6272 1281 -4043 855 662 743 698 665 866 END
START -9396 12444 -6032 228 -3587 708 664 740 699 664 865 END
START -8632 12272 -5460 -865 -2621 -33 662 741 698 665 865 END
START -9912 12404 -5436 -1304 -4040 58 664 741 698 664 864 END
START -9352 12784 -4604 -1879 -3470 258 662 741 697 663 864 END
START -9196 12580 -3744 -1436 -2400 535 662 741 697 666 865 END
START -9036 12436 -3264 -1188 -819 267 662 741 697 665 866 END
START -9032 12604 -2964 -688 -60 -81 661 739 697 664 865 END
START -9180 12616 -2944 10 515 -442 662 739 698 666 866 END
START -9460 12424 -3320 456 -660 -513 663 738 697 666 865 END
START -9936 12608 -3440 298 -2735 -425 662 740 696 667 866 END
START -9776 12904 -3256 -49 -2690 300 660 739 696 665 866 END
START -8748 12580 -3052 -214 -2096 548 661 739 696 665 866 END
START -8560 12736 -2728 -299 -269 -79 661 737 696 665 866 END
START -9372 12696 -2656 -611 -1535 -764 661 739 695 666 867 END
START -9152 12444 -2432 -837 -779 -785 661 738 694 665 866 END
START -9728 12372 -2132 -431 219 -675 662 738 694 667 866 END
START -9272 12516 -1720 337 899 -175 661 738 695 666 864 END
START -9236 12616 -2060 1303 5410 322 661 737 694 666 865 END
START -8480 12728 -3380 1820 9961 672 661 738 694 666 865 END
START -8012 12644 -4824 1917 15538 382 661 739 695 666 863 END
START -8900 12900 -6460 1446 13819 113 661 738 694 665 867 END
START -8688 12464 -7516 1148 6028 361 661 739 694 664 867 END
START -7808 12556 -7376 1491 2792 521 661 739 694 665 866 END
START -8536 12848 -8312 1773 1492 1361 661 739 694 665 867 END
START -7364 12924 -7940 1797 -729 2339 661 739 694 665 867 END
START -6660 12752 -8604 2404 -101 2270 660 739 694 665 866 END
START -6040 13076 -8704 1498 -396 1466 661 739 694 665 866 END
START -5548 12956 -8920 1243 115 660 661 738 695 666 866 END
START -6232 13176 -9604 869 106 -400 659 738 696 667 866 END
START -7212 13096 -9696 -700 -715 -1119 662 737 696 665 866 END
START -6504 13216 -8700 -1377 126 -897 661 739 694 666 865 END
START -6476 13116 -8388 -594 410 -763 662 741 695 667 866 END
START -6816 12972 -8568 73 2922 -504 661 739 695 666 865 END
START -6476 12808 -9104 363 3760 -534 662 740 694 666 865 END
START -6832 13116 -9328 31 5392 -706 661 737 694 665 866 END
START -6124 12920 -9032 156 7656 -44 658 738 695 665 865 END
START -5976 12972 -10532 -273 5746 794 657 738 695 667 865 END
START -4844 12936 -10136 316 4695 35 656 737 695 666 865 END
START -4884 13096 -10776 96 2446 218 653 733 695 666 862 END
START -4408 13016 -10784 -65 3085 340 655 733 693 667 863 END
START -4108 13116 -10532 68 657 92 655 731 690 666 863 END
START -4112 13476 -10744 -116 -475 -211 654 729 688 666 864 END
START -4048 13164 -10260 20 310 -389 655 728 688 665 861 END
START -4044 13448 -10948 125 -653 -35 653 727 686 671 866 END
START -3852 13324 -10580 -463 315 44 653 727 686 682 868 END
START -4188 13552 -10300 -363 509 -321 653 727 686 686 872 END
START -3668 13132 -10644 -158 781 -748 653 726 686 698 875 END
START -4248 13192 -10712 267 1656 -528 656 722 687 699 872 END
START -3984 13188 -10052 344 1064 -131 654 728 685 702 876 END
START -4080 13044 -10500 403 1143 -87 658 726 687 706 878 END
START -3992 12876 -11152 1057 3780 -107 660 727 686 709 879 END
START -3660 13376 -11456 880 4269 270 661 728 686 711 878 END
START -2860 13308 -11660 448 5454 341 661 722 684 713 882 END
START -2084 13336 -11256 320 5015 152 661 726 682 715 882 END
START -2044 13184 -11936 498 4232 339 660 725 680 714 880 END
START -1208 12944 -12356 540 2219 -24 661 726 676 715 878 END
START -1056 13128 -12404 630 2017 -462 661 726 680 716 881 END
START -992 13048 -12320 338 1321 -918 661 726 679 716 880 END
START -1508 13080 -12184 104 119 -1038 660 727 679 717 879 END
START -1648 13012 -12148 146 428 -1144 664 726 679 715 880 END
START -1628 12852 -12276 115 183 -1032 663 726 678 711 880 END
START -1752 12796 -12108 372 -447 -1174 659 727 679 715 878 END
START -1692 12844 -12292 542 403 -1265 665 730 679 714 878 END
START -888 12968 -12036 559 891 -669 669 733 681 712 879 END
START -2076 12952 -12404 494 1905 -444 669 736 685 716 878 END
START -1464 12908 -12692 221 534 -511 668 736 686 717 882 END
START -1364 12756 -12312 195 765 -389 667 736 686 716 879 END
START -1520 12708 -12336 395 1179 -420 668 737 686 717 880 END
START -1420 12644 -12720 581 9 -620 668 737 687 716 879 END
START -1808 12700 -12972 59 635 -545 669 738 687 717 878 END
START -1156 12928 -12504 -562 -247 -268 669 739 688 716 878 END
START -1520 12640 -12204 -605 -760 -249 669 739 689 716 878 END
START -816 12772 -12044 -189 1040 -421 669 743 688 716 877 END
START -1024 12792 -12308 99 -479 -242 669 740 686 715 878 END
START -928 12528 -12848 804 574 -247 669 738 685 715 875 END
START -1356 12708 -13184 687 316 -108 669 737 687 715 879 END
START -1740 12940 -12476 -45 -868 163 667 736 686 714 878 END
START -740 12672 -12104 182 -262 208 666 735 686 714 878 END
START -792 12508 -12376 660 -676 -110 665 738 686 715 876 END
START -1260 13232 -12280 497 -2 -105 665 735 685 714 877 END
START -1220 12716 -13112 -14 -133 -205 664 735 687 713 876 END
START -1336 12504 -12816 10 153 -228 665 734 685 713 876 END
START -800 12604 -12452 57 1974 126 666 734 685 713 876 END
START 1956 12936 -12444 -602 12767 364 666 735 685 717 874 END
START 388 12840 -13568 -1357 16752 25 666 735 683 718 877 END
START 2488 13000 -12176 -925 9914 -275 665 735 684 716 877 END
START 2336 12980 -12100 -790 9227 -140 667 736 685 716 876 END
START 4700 13052 -11164 -487 10038 -426 665 734 685 717 877 END
START 4284 13232 -11256 -43 5943 135 665 735 684 717 876 END
START 4520 13096 -11304 223 6198 -271 666 735 684 716 877 END
START 5348 13276 -11064 311 6128 -364 666 735 685 714 877 END
START 6392 13200 -10712 533 7160 -543 665 735 686 716 876 END
START 7048 13100 -11200 -297 10104 -476 665 735 687 714 878 END
START 6960 13488 -10724 -1272 8093 -874 661 734 687 715 878 END
START 6764 13672 -9468 -1725 3791 -1911 666 734 688 714 876 END
START 8072 13500 -8832 -1403 2803 -2408 665 735 686 715 876 END
START 7436 14200 -8376 -1838 2317 -4288 665 733 687 715 876 END
START 6868 14224 -7572 -2083 3577 -5757 667 734 686 714 873 END
START 6612 13928 -6812 -911 3627 -5464 666 734 686 715 876 END
START 7324 14600 -6880 -144 488 -4397 665 734 686 714 875 END
START 3864 14940 -7096 62 2975 -5007 665 734 685 714 876 END
START 3096 14752 -7012 515 4732 -4086 665 734 686 714 876 END
START 2260 14800 -7548 1030 1518 -1279 667 733 686 714 876 END
START 3572 14896 -7548 290 -443 557 665 732 687 713 876 END
START 4720 15264 -7200 -177 -609 456 666 735 686 712 875 END
START 4740 15192 -6552 -290 -539 -235 666 733 685 713 875 END
START 4320 14844 -6588 457 -260 -297 665 732 686 714 875 END
START 3168 15120 -7104 927 -1631 -68 667 733 687 713 875 END
START 4848 15084 -7160 1372 1212 449 669 733 686 713 876 END
START 5180 15136 -7608 582 -439 -211 667 733 687 713 876 END
START 4360 14780 -7580 691 -28 -35 667 734 687 715 875 END
START 4152 15064 -7300 489 -421 31 668 732 688 714 876 END
START 3160 14716 -7124 951 -1763 347 668 733 687 712 874 END
START 4880 14588 -7768 1928 -1940 1613 667 732 687 712 875 END
START 4880 14676 -8604 1491 -3417 1960 667 734 686 712 875 END
START 4768 14596 -9092 437 -878 1401 667 732 687 713 875 END
START 5512 14704 -8936 2 -584 1044 668 733 687 712 875 END
START 5464 14556 -8344 -320 -1209 578 668 733 687 712 874 END
START 4532 14500 -8040 -301 -651 709 667 734 686 712 875 END
START 5332 14608 -8412 -529 721 924 668 733 686 712 876 END
START 5676 14316 -8488 -390 -1444 638 667 733 686 712 873 END
START 5724 14376 -8112 -300 -249 503 667 733 687 711 874 END
START 5960 14736 -7916 -680 -537 163 667 733 686 711 874 END
START 5744 14168 -7620 -220 -1196 163 667 733 686 711 874 END
START 5640 14464 -7692 575 -1867 496 666 733 687 711 874 END
START 5616 14240 -8408 877 -2467 334 666 732 687 713 874 END
START 5784 14348 -8668 1081 -2039 71 667 732 686 711 873 END
START 5772 14332 -8964 979 -2255 -210 668 732 686 712 874 END
START 4884 14116 -9184 816 -1380 -228 666 732 686 711 874 END
START 5604 14184 -9136 574 -25 40 666 732 686 710 874 END
START 5716 14260 -8944 628 -840 254 664 727 688 710 874 END
START 5864 14324 -9060 210 1982 165 665 732 686 711 873 END
START 5624 14132 -9068 236 890 -148 666 733 686 711 874 END
START 5644 14232 -9424 -156 543 -243 665 730 687 711 876 END
START 5892 14100 -9088 297 -1233 -373 665 733 687 710 874 END
START 5808 14180 -8832 529 -1165 -359 666 732 686 711 874 END
START 5628 14012 -8768 227 -506 -466 665 732 686 711 874 END
START 5612 13928 -9528 175 323 -579 667 733 686 710 872 END
START 5504 14352 -9260 -164 342 -1007 664 733 686 711 875 END
START 5276 14316 -9040 -1099 895 -1179 667 732 687 711 874 END
START 4908 14124 -7784 -1077 674 -1998 665 733 686 710 874 END
START 6016 14244 -7824 1354 -1033 -2134 666 731 686 710 872 END
START 5032 14636 -8964 1545 1376 -2098 666 736 686 711 872 END
START 5204 14100 -9252 1243 3084 -2614 666 736 684 710 872 END
START 4004 14152 -9168 1726 2612 -2026 666 735 685 707 871 END
START 2980 14300 -9472 1887 1531 -862 666 736 685 709 871 END
START 4264 14104 -10148 1857 -325 654 668 733 686 709 871 END
START 4580 14360 -10116 1021 -2631 723 666 733 685 710 871 END
START 4296 14028 -9876 391 -1003 1154 662 734 683 706 872 END
START 4740 14060 -9484 443 -1508 976 665 734 685 709 872 END
START 5276 13852 -9928 531 -320 943 666 734 684 709 871 END
START 5396 13788 -10100 889 -986 690 665 734 685 709 871 END
START 4836 13992 -10460 553 -346 529 666 733 685 709 871 END
START 5576 13936 -10148 242 -1040 141 667 733 684 708 871 END
START 5072 13596 -10296 150 -1008 99 666 733 685 709 872 END
START 4972 13936 -10120 97 -3270 -180 666 731 686 709 871 END
START 3428 13368 -9660 581 -1647 188 667 732 684 709 870 END
START 5004 14032 -10372 1203 -2431 498 665 733 684 709 872 END
START 4892 13576 -11192 544 -1153 46 668 730 683 708 871 END
START 4448 13468 -11088 548 -3382 -92 669 728 682 708 869 END
START 3740 13172 -10948 779 -4105 31 668 727 682 708 870 END
START 3624 13216 -11544 2228 -12961 217 669 727 683 708 871 END
START 2908 13104 -12564 2627 -18212 1591 670 723 681 708 872 END
START 620 13128 -14164 1877 -29448 1365 670 722 680 707 873 END
START 180 13176 -12824 794 -19085 906 670 717 676 703 873 END
START -2560 12568 -12280 328 -8917 996 671 717 673 700 873 END
START -2068 12684 -11760 1089 -11874 1385 670 715 671 697 874 END
START -1920 13016 -11296 1209 -3248 617 669 714 671 692 872 END
START -3192 12984 -11800 718 -2124 640 665 712 670 684 872 END
START -1900 12872 -11780 684 4676 102 665 710 668 683 871 END
START -2024 12708 -12296 635 10621 321 666 703 664 684 870 END
START -1948 12644 -13012 667 6746 475 664 704 665 686 871 END
START -1964 12568 -13620 624 4204 587 663 704 666 685 872 END
START -220 12740 -12988 187 -1359 346 661 705 665 686 873 END
START -1380 12448 -12852 50 -647 70 660 705 665 686 874 END
START 484 12928 -12724 -192 -666 -26 657 709 666 683 874 END
START -444 12476 -13320 -406 -1518 -252 656 709 664 679 871 END
START -684 12668 -12428 -104 174 -226 654 709 667 673 871 END
START -648 12648 -12700 -209 -676 132 653 714 669 652 862 END
START -1064 12952 -12320 -127 384 -232 651 721 675 651 862 END
START -760 12756 -12536 -244 1043 -98 651 732 686 655 863 END
START -860 12684 -12884 -97 -1743 -196 651 740 696 663 865 END
START -880 12792 -12516 -3 255 -2 652 745 701 677 870 END
START -1008 12824 -13056 537 -1189 -245 654 745 701 680 867 END
START -924 12640 -13484 295 -2424 -667 657 741 701 678 869 END
START -900 13008 -13020 -715 -906 -869 658 740 698 680 869 END
START -1208 12988 -11420 -459 367 432 657 738 698 681 872 END
START -916 12740 -12664 41 1018 176 656 735 696 682 871 END
START -724 12768 -12776 239 -808 100 654 733 695 682 871 END
START -768 13124 -12240 13 1416 -206 649 732 694 683 871 END
START -712 13140 -12536 -602 878 279 654 734 693 684 872 END
START -800 13012 -12436 -383 -721 -339 656 731 690 691 873 END
START -240 12756 -12048 33 -112 -50 656 730 688 691 874 END
START -180 12056 -12424 315 -575 218 657 727 687 691 874 END
START -772 12856 -12896 942 399 -540 657 727 686 695 874 END
START -1316 14468 -13548 31 -961 -946 658 728 685 700 878 END
START -1028 12040 -11732 -619 -1419 -630 658 728 685 701 878 END
START -888 12740 -11712 904 122 167 658 726 685 701 878 END
START -848 12920 -13176 760 -1602 463 657 727 685 702 878 END
START -744 12744 -12824 255 -3366 335 657 727 685 702 877 END
START -1516 12796 -12432 -157 -311 278 658 727 685 702 877 END
START -936 13224 -11892 -223 453 -109 658 727 684 702 877 END
START -660 13348 -12312 -748 428 -116 658 727 684 702 877 END
START -860 12788 -11732 -176 1719 45 659 727 683 702 879 END
START -664 12580 -11680 608 53 -502 655 728 684 702 877 END
START -828 13224 -12564 837 83 -1174 657 729 683 703 879 END
START -1176 13000 -12736 960 416 -1701 657 727 683 702 877 END
START -1436 12776 -13452 894 66 -1512 657 728 684 704 877 END
START -1848 12244 -13276 321 413 -663 657 728 684 704 876 END
START -1328 13148 -12448 -432 -1240 662 657 728 684 704 876 END
START -980 12776 -12428 -577 -818 924 657 728 684 705 876 END
START -284 13016 -11844 -359 -1589 500 657 728 684 704 876 END
START -724 12876 -12064 171 -331 -606 658 728 684 704 877 END
START -808 12908 -12276 642 651 -1084 658 728 684 704 875 END
START -1180 12580 -12712 67 1602 -1209 657 730 685 703 877 END
START -1620 12968 -12352 224 504 -1114 655 728 685 702 875 END
START -1912 13092 -12352 -531 562 -635 660 727 682 702 875 END
START -1168 12564 -12112 -1005 -634 -370 658 726 682 704 876 END
START -952 13112 -12752 2 1121 -398 661 724 682 704 876 END
START -1204 12680 -12720 459 1084 -390 659 724 681 706 877 END
START -804 12660 -12052 622 529 -133 660 724 682 704 876 END
START -1204 13204 -12928 377 358 337 659 724 681 705 876 END
START -708 13416 -12712 -53 -468 -15 657 723 680 704 876 END
START -624 12684 -11824 -402 529 30 658 724 681 705 874 END
START -688 12988 -11892 148 1219 -111 659 724 680 705 875 END
START -572 13504 -12464 328 239 -153 659 724 681 705 874 END
START -580 13016 -12772 -158 384 -405 659 724 680 705 876 END
START -864 12812 -12464 -283 -84 -1151 658 724 680 704 875 END
START -1080 13448 -12184 -72 -172 -1067 654 726 682 703 875 END
START -604 12132 -12344 -299 -127 -279 653 723 682 698 871 END
START -424 13044 -12908 569 -652 -774 651 720 679 694 873 END
START -1068 12988 -12808 -208 -474 -1104 648 716 676 691 871 END
START -1408 12780 -12196 -181 -1036 -727 648 717 676 691 871 END
START -1884 13208 -12080 -161 -141 173 648 717 676 690 870 END
START -1068 13196 -11932 93 -1126 361 647 717 675 689 871 END
START -748 12612 -11988 131 -223 462 648 716 676 688 870 END
START -424 13092 -12288 752 -504 -66 650 714 672 689 870 END
START -940 13396 -12484 114 -101 -278 652 712 671 689 871 END
START -1272 12992 -12072 -163 -188 -578 651 712 673 688 871 END
START -1136 12992 -12156 -156 -100 -228 651 712 667 688 870 END
START -1172 13084 -12448 -220 -484 -274 651 710 671 691 871 END
START -1256 13232 -12528 -596 -513 -245 649 710 671 692 869 END
START -1268 13220 -11740 -772 170 -59 649 711 671 692 870 END
START -1176 13176 -11512 -492 -17 185 649 716 675 692 867 END
START -848 13236 -11548 -470 -681 121 649 722 681 690 868 END
START -680 13212 -11924 55 149 -429 648 725 685 692 868 END
START -708 13332 -12012 53 -360 -888 648 728 685 691 867 END
START -1240 13348 -11432 26 -191 -892 647 731 689 691 868 END
START -1052 13620 -11580 238 -138 -609 648 731 692 692 868 END
START -1480 13508 -11976 418 -998 -127 647 733 692 690 869 END
START -1456 13296 -11764 -62 724 -17 648 734 693 691 867 END
START -1124 13040 -11452 423 -1217 23 648 734 691 692 868 END
START -1372 13084 -12212 1139 -2349 -241 649 734 691 692 868 END
START -844 13448 -11808 1087 -4494 -742 654 732 690 690 868 END
START -2368 13164 -12180 -196 282 -475 656 734 690 691 868 END
START -2220 12932 -11968 101 -700 -408 656 734 690 690 868 END
START -1672 13152 -11488 177 -610 573 655 734 690 689 869 END
START -1656 13132 -11420 416 -717 1000 655 735 691 690 868 END
START -1304 13304 -11912 429 -1161 894 654 735 691 690 868 END
START -904 13232 -11932 175 -398 604 652 735 690 690 868 END
START -1568 13192 -11936 -46 -892 367 650 735 689 691 867 END
START -1076 13520 -11884 -216 -190 273 649 736 689 691 867 END
START -1060 13352 -11704 88 -1217 57 646 737 686 691 867 END
START -1164 13448 -11932 28 100 -97 646 735 688 691 866 END
START -1212 13024 -11732 255 482 -297 647 736 687 691 868 END
START -1428 13304 -11980 870 -382 -601 648 734 688 691 865 END
START -1856 13332 -12104 304 -1432 -1051 646 735 689 690 864 END
START -1900 13564 -11712 -1224 -16 -430 646 734 685 689 866 END
START -1816 13452 -11488 -448 -888 -79 649 734 681 689 866 END
START -1500 13340 -11352 -368 -448 488 649 733 681 688 867 END
START -1384 13352 -11268 161 -568 389 651 732 680 688 867 END
START -2000 13592 -12012 453 -1544 -427 651 733 681 688 866 END
START -3476 13620 -12820 -620 -7569 -1029 649 731 680 687 866 END
START -2376 13372 -10720 -511 -13014 -1648 648 730 679 688 866 END
START -4376 13492 -10716 -577 -10267 -1372 647 728 677 689 866 END
START -4420 13196 -9276 -151 -14492 -326 647 727 675 688 865 END
START -6076 13412 -9004 239 -17423 396 648 725 676 688 865 END
START -3996 13948 -6540 -147 -12441 -772 644 720 673 687 865 END
START -7720 13468 -7432 -303 -4758 385 649 722 669 688 865 END
START -6308 12904 -5644 493 1913 442 648 719 674 688 864 END
START -7392 13356 -6924 960 -894 82 647 718 670 688 865 END
START -5148 13872 -6256 140 7849 -91 648 719 673 687 864 END
START -5604 13440 -7572 65 10972 665 647 718 674 688 865 END
START -5296 13736 -8812 80 15709 24 647 718 674 688 864 END
START -3044 13656 -9436 1726 14299 -573 648 718 674 688 863 END
START -3780 13212 -11432 2802 12651 84 650 719 675 689 865 END
START -2776 13224 -12212 1438 11078 -890 652 719 678 689 866 END
START -3312 13216 -11012 1760 10200 -2810 654 715 676 686 862 END
START -2288 13292 -12116 1448 4757 -1736 650 705 659 687 863 END
START -1432 12752 -11896 1026 2904 -813 650 702 652 684 864 END
START -1284 12840 -11920 403 6133 98 650 703 654 684 864 END
START -1128 12640 -11656 721 6889 -744 651 708 657 684 863 END
START -1544 12908 -13456 106 3999 -2252 651 706 654 681 860 END
START -148 13136 -12808 -509 -2422 -1271 650 701 646 671 853 END
START -940 13128 -12244 -56 -1455 -600 649 702 647 666 850 END
START -144 12512 -12628 410 -3665 300 646 701 647 665 849 END
START -1376 13084 -12696 385 -1883 60 644 699 646 665 848 END
START -848 12976 -12428 162 -433 -402 643 700 645 669 849 END
START -472 12800 -12096 573 -869 -186 640 702 648 684 853 END
START -2136 12524 -12584 1151 162 -122 639 701 650 692 857 END
START -908 12896 -13280 640 1651 156 641 705 658 692 858 END
START -604 12820 -12608 557 449 476 642 716 664 691 860 END
START -860 12404 -12628 322 2656 591 650 726 672 692 860 END
START -924 12720 -12624 874 -254 444 652 732 672 691 862 END
START -72 12512 -12616 691 1165 317 652 733 678 691 861 END
START -236 12316 -12824 1019 -326 398 656 736 683 692 863 END
START -332 12940 -13436 460 2558 581 662 741 694 692 862 END
START -272 12836 -13792 222 561 708 663 743 699 691 863 END
START 1060 12184 -12540 460 -130 248 663 745 701 693 863 END
START 256 12880 -13708 341 869 -109 662 747 701 693 863 END
START 496 12080 -13076 810 -2230 -532 659 741 700 692 859 END
START -436 12196 -13380 741 -1686 -557 663 745 699 692 862 END
START -612 12404 -13880 577 -1294 -273 663 741 698 688 863 END
START -3344 12436 -15404 410 -15551 508 663 739 697 689 862 END
START -1968 12132 -13684 123 -24396 985 663 740 697 689 862 END
START -2648 12196 -12844 1092 -30171 -127 663 739 698 692 863 END
START -3400 12276 -9636 -1094 -10380 -1589 663 737 697 690 864 END
START -8032 12096 -10240 -1928 1518 -1788 663 737 694 687 866 END
START -7048 12324 -9372 -1731 1877 -1457 663 737 694 688 867 END
START -2332 12280 -9376 -1449 31668 -1037 664 736 692 689 866 END
START -7168 11728 -13980 -1108 29301 1039 663 734 693 689 866 END
START -1308 12412 -13396 204 17541 1123 663 734 690 689 866 END
START 812 12248 -13988 43 12111 949 663 731 689 691 864 END
START 1400 12412 -13404 -818 5236 953 661 726 682 689 861 END
START 1664 12280 -12784 415 3590 632 647 720 667 687 857 END
START 3016 12948 -13448 20 2940 518 646 722 669 684 857 END
START 3228 12900 -12636 -671 -2861 -109 650 724 675 683 859 END
START 2200 12308 -12536 -568 -891 -2 652 727 677 686 858 END
START 2836 13112 -12700 -290 1480 -221 656 729 677 685 859 END
START 2612 12492 -12336 -406 -817 -430 654 731 676 684 860 END
START 2724 12684 -12400 122 -388 -546 652 730 676 684 859 END
START 2932 13196 -12568 279 -702 -241 654 730 677 684 858 END
START 2888 12772 -12324 -242 -183 -184 652 731 677 681 857 END
START 2884 12496 -12088 63 -1250 -129 652 732 678 682 857 END
START 2228 13148 -13016 441 -349 -670 652 732 679 683 857 END
START 2760 12600 -12464 -203 -34 -704 654 734 679 682 857 END
START 2028 12616 -12252 202 -655 -442 653 733 679 683 857 END
START 2124 13340 -12920 491 -1675 76 652 733 680 683 859 END
START 2620 12560 -12856 -118 -3178 157 652 733 679 683 857 END
START 1140 12224 -13376 1452 -8611 -298 651 732 681 682 856 END
START 3348 13156 -11992 847 -4877 -1143 651 732 685 681 858 END
START -712 12460 -12840 207 -5608 -898 652 732 688 681 857 END
START -176 12340 -13028 592 -533 -772 655 732 686 681 856 END
START -156 12976 -13152 758 -3785 42 655 732 686 680 858 END
START 412 12172 -12212 633 -1905 360 656 732 685 680 858 END
START -252 12512 -13052 1047 -1228 196 658 733 685 680 858 END
START -828 12504 -13648 359 -313 -440 658 732 687 680 858 END
START -516 12160 -13164 271 19 -486 659 732 686 682 859 END
START -652 12556 -13672 281 -855 -240 660 732 684 680 859 END
START -504 12112 -13428 -442 -20 143 659 732 685 681 860 END
START 180 12016 -12540 480 56 241 659 732 683 680 861 END
START -780 12792 -13448 913 -293 -510 659 733 685 680 860 END
START -660 12312 -13320 94 -173 -681 659 734 684 680 858 END
START -700 12080 -13324 401 -152 -656 657 733 685 680 858 END
START -752 12584 -13748 115 -9 -388 657 733 684 680 858 END
START -752 12412 -13088 -468 22 50 658 732 685 681 858 END
START -340 12244 -13336 -403 150 553 658 735 684 679 859 END
START -660 12500 -13288 -441 -301 -115 658 733 686 680 860 END
START -112 12112 -13484 -111 -273 -762 657 732 685 679 858 END
START -476 12192 -13064 -68 23 -928 658 733 684 681 858 END
START -648 12416 -13040 71 141 -783 659 733 683 681 857 END
START -788 12880 -13104 166 64 -333 661 732 684 681 858 END
START -536 12556 -12984 -101 -58 114 658 733 683 681 858 END
START -516 12420 -13100 -190 -527 167 657 729 682 682 857 END
START -644 12160 -13268 -193 -829 -245 653 726 678 680 858 END
START -612 12344 -12560 321 -2485 -1006 652 723 675 679 857 END
START -1040 12512 -12708 703 269 -939 652 720 674 679 860 END
START -1484 12112 -13448 660 -1088 -499 651 720 675 677 861 END
START -1560 12200 -13324 704 -2660 67 651 715 673 674 863 END
START -776 12980 -13108 586 -3978 122 647 710 673 670 858 END
START -1504 12564 -12828 -706 -596 360 644 702 670 661 855 END
START -1604 11756 -12876 213 -314 -226 641 698 665 659 851 END
START -1788 12076 -13128 954 392 -579 638 696 663 658 848 END
START -1880 12512 -13248 615 -555 -271 639 697 661 659 850 END
START -1912 12332 -13204 317 -1113 -139 638 696 662 661 851 END
START -1520 12480 -13088 288 -904 537 641 696 660 667 856 END
START -1268 12548 -12964 -195 -366 856 640 696 660 678 861 END
START -1128 12508 -12988 -183 534 639 642 697 660 685 865 END
START -1112 12232 -13396 -88 84 104 648 697 660 690 868 END
START -1108 12252 -12984 176 101 -571 651 698 659 690 873 END
START -1672 12312 -13244 -187 -534 -653 649 697 659 690 873 END
START -1288 12348 -13192 -289 161 -699 651 696 659 693 873 END
START -1580 12152 -12836 -37 -597 -343 651 696 659 693 872 END
START -1256 11976 -12860 446 -329 -311 656 697 657 694 873 END
START -1376 12984 -13208 104 332 -282 659 698 660 692 872 END
START -1180 12688 -12552 -457 1288 124 655 700 660 687 871 END
START -1308 12304 -12772 -215 276 -29 650 711 661 686 870 END
START -1108 12240 -13084 -238 63 -328 653 723 677 686 870 END
START -956 12476 -12452 -20 293 -433 652 727 686 687 870 END
START -1752 12436 -12964 136 214 -660 653 735 692 687 871 END
START -1980 12356 -13028 273 67 -661 654 737 696 686 871 END
START -1384 12552 -12788 138 317 -152 657 739 697 687 869 END
START -1204 12724 -12836 411 -261 200 655 739 701 687 870 END
START -644 12688 -13220 -42 4 122 655 743 703 689 868 END
START -876 12268 -13008 -711 -98 -123 650 741 702 688 867 END
START -1112 11872 -12524 40 58 -603 655 741 702 689 864 END
START -1136 12364 -13184 505 328 -468 653 740 700 688 866 END
START -1360 12504 -13488 258 1491 -557 651 740 697 689 864 END
START -2032 12716 -13452 -212 -644 -270 656 741 701 688 864 END
START -1044 12952 -12428 -229 70 175 660 743 705 689 862 END
START -788 12704 -12908 -192 -161 691 658 743 704 687 864 END
START -208 12292 -13020 -301 -600 301 663 745 704 689 864 END
START -1584 12424 -12552 -14 1336 47 659 744 705 688 862 END
START -1164 12976 -12308 535 -471 -320 655 743 703 686 861 END
START -828 12924 -13016 359 -257 -41 650 736 702 685 860 END
START -1464 12808 -13468 39 788 459 641 729 694 686 860 END
START -4 12620 -12552 225 -879 810 636 729 690 686 861 END
START -260 12792 -13128 184 25 185 641 727 689 690 865 END
START 76 12672 -13004 -83 588 -684 646 727 690 693 865 END
START -808 12568 -12516 129 914 -1163 652 730 692 696 870 END
START -500 12372 -12636 531 595 -486 655 733 694 697 871 END
START -44 12796 -13084 349 -1529 -217 657 734 697 699 875 END
START -924 12588 -13128 39 -1114 -66 655 732 692 704 878 END
START 160 12588 -11852 111 -1292 -78 654 733 698 710 879 END
START -428 12652 -12532 118 -1591 -265 658 733 697 711 880 END
START -724 12584 -12912 7 265 44 658 729 694 713 877 END
START -784 12884 -13232 211 -269 15 653 730 695 713 876 END
START -876 12728 -12744 722 -3785 -105 647 726 694 711 874 END
START -308 12300 -12144 435 473 266 650 723 684 701 876 END
START -920 12520 -13204 929 -827 -378 652 720 680 697 875 END
START -1016 12444 -12840 283 426 -903 656 722 680 696 874 END
START -1324 12416 -12756 688 -83 -377 659 721 680 696 874 END
START -812 12756 -13240 194 536 -57 660 721 679 696 875 END
START -500 12720 -13332 -370 -252 230 664 723 679 700 879 END
START -288 12412 -12536 -321 15 -104 663 722 680 705 881 END
START -544 12568 -12676 262 -1792 -527 666 729 685 709 882 END
START -1116 12284 -12912 61 318 -1149 667 732 688 708 882 END
START -960 12200 -13000 283 415 -1076 666 729 686 707 882 END
START -1356 12680 -13080 445 -403 -385 665 731 684 706 881 END
START -480 12796 -12892 207 -488 94 664 729 684 705 879 END
START -340 12516 -12972 138 1401 617 670 729 685 703 881 END
START -232 12704 -12968 332 -407 133 667 726 682 703 880 END
START -424 12444 -12996 -59 -672 -810 665 724 680 702 878 END
START -1256 12132 -12600 311 -134 -1040 663 719 680 699 877 END
START -1208 12524 -13092 413 -160 -757 661 723 679 698 876 END
START -1284 12808 -13240 -272 42 -348 663 726 680 700 876 END
START -556 12192 -12500 -66 254 375 668 726 678 696 876 END
START -324 12676 -12892 572 -715 47 673 729 681 701 874 END
START -744 12688 -13260 15 119 -176 674 733 685 699 874 END
START -768 12320 -12648 -109 0 -663 675 732 686 698 872 END
START -1020 12292 -13008 184 344 -649 675 732 687 696 874 END
START -1344 12656 -12956 473 -453 -547 675 733 685 698 874 END
START -1144 12360 -13276 102 -243 -180 676 734 685 698 873 END
START -664 12476 -12760 322 138 -42 675 733 683 698 874 END
START -864 12660 -13068 62 -356 -122 676 732 684 698 874 END
START -1052 12368 -12924 -25 171 -77 673 729 683 698 873 END
START -456 12580 -12980 246 -176 -81 670 725 681 699 872 END
START -908 12484 -13248 154 -536 -180 672 721 679 698 872 END
START -732 12532 -12980 -52 132 -214 671 719 676 698 870 END
START -496 12340 -13176 168 -235 -413 670 718 676 696 870 END
START -888 12620 -13392 97 202 -567 671 720 676 693 870 END
START -804 12588 -12692 12 -336 -495 673 722 683 696 872 END
START -1060 12428 -13116 -23 -584 -394 675 732 690 697 869 END
