START 0 0 0 0 0 0 726 761 722 737 874 END
START 0 0 0 0 0 0 726 761 722 736 874 END
START 0 0 0 0 0 0 726 761 722 737 874 END
START 0 0 0 0 0 0 726 762 721 736 874 END
START 0 0 0 0 0 0 727 762 722 737 875 END
START 0 0 0 0 0 0 726 762 722 737 875 END
START 0 0 0 0 0 0 726 762 723 738 875 END
START 0 0 0 0 0 0 726 763 723 738 877 END
START 0 0 0 0 0 0 725 762 724 738 879 END
START 0 0 0 0 0 0 724 763 724 739 879 END
START 0 0 0 0 0 0 722 762 724 740 881 END
START 0 0 0 0 0 0 723 763 724 740 881 END
START 0 0 0 0 0 0 720 763 724 740 884 END
START 0 0 0 0 0 0 719 763 724 740 885 END
START 0 0 0 0 0 0 719 764 724 740 887 END
START 0 0 0 0 0 0 718 763 725 740 887 END
START 0 0 0 0 0 0 716 764 726 741 888 END
START 0 0 0 0 0 0 716 764 727 742 893 END
START 0 0 0 0 0 0 716 764 726 742 889 END
START 0 0 0 0 0 0 717 764 726 742 889 END
START 0 0 0 0 0 0 716 765 726 742 889 END
START 0 0 0 0 0 0 716 765 726 742 888 END
START 0 0 0 0 0 0 717 766 727 743 885 END
START 0 0 0 0 0 0 717 768 727 742 888 END
START 0 0 0 0 0 0 718 771 728 743 887 END
START 0 0 0 0 0 0 718 774 727 743 887 END
START 0 0 0 0 0 0 717 776 728 743 887 END
START 0 0 0 0 0 0 718 776 727 743 887 END
START 0 0 0 0 0 0 717 777 728 742 887 END
START 0 0 0 0 0 0 718 777 728 743 887 END
START 0 0 0 0 0 0 717 776 729 743 887 END
START 0 0 0 0 0 0 718 774 731 743 888 END
START 0 0 0 0 0 0 720 767 733 746 891 END
START 0 0 0 0 0 0 722 767 733 745 891 END
START 0 0 0 0 0 0 725 767 734 745 891 END
START 0 0 0 0 0 0 729 768 733 744 890 END
START 0 0 0 0 0 0 735 770 732 744 890 END
START 0 0 0 0 0 0 737 771 731 743 889 END
START 0 0 0 0 0 0 735 770 731 742 888 END
START 0 0 0 0 0 0 733 771 731 743 887 END
START 0 0 0 0 0 0 730 771 731 743 888 END
START 0 0 0 0 0 0 724 770 733 744 889 END
START 0 0 0 0 0 0 719 769 734 746 889 END
START 0 0 0 0 0 0 719 769 736 746 889 END
START 0 0 0 0 0 0 721 778 738 747 889 END
START 0 0 0 0 0 0 722 784 738 747 889 END
START 0 0 0 0 0 0 727 787 738 747 889 END
START 0 0 0 0 0 0 728 786 739 746 889 END
START 0 0 0 0 0 0 728 786 742 747 889 END
START 0 0 0 0 0 0 725 783 744 749 889 END
START 0 0 0 0 0 0 721 779 742 749 888 END
START 0 0 0 0 0 0 719 776 742 752 890 END
START 0 0 0 0 0 0 719 772 738 751 895 END
START 0 0 0 0 0 0 719 771 738 749 895 END
START 0 0 0 0 0 0 720 773 736 748 894 END
START 0 0 0 0 0 0 725 777 734 747 892 END
START 0 0 0 0 0 0 726 779 733 746 891 END
START 0 0 0 0 0 0 726 781 732 746 889 END
START 0 0 0 0 0 0 726 781 732 745 888 END
START 0 0 0 0 0 0 724 780 735 746 887 END
START 0 0 0 0 0 0 723 777 736 747 890 END
START 0 0 0 0 0 0 723 776 735 747 893 END
START 0 0 0 0 0 0 719 773 734 747 893 END
START 0 0 0 0 0 0 718 770 731 746 892 END
START 0 0 0 0 0 0 717 770 730 745 891 END
START 0 0 0 0 0 0 718 772 730 745 888 END
START 0 0 0 0 0 0 722 774 729 744 888 END
START 0 0 0 0 0 0 726 772 728 743 887 END
START 0 0 0 0 0 0 728 771 727 743 885 END
START 0 0 0 0 0 0 728 770 727 743 885 END
START 0 0 0 0 0 0 727 769 726 741 884 END
START 0 0 0 0 0 0 727 768 724 740 882 END
START 0 0 0 0 0 0 725 767 723 739 882 END
START 0 0 0 0 0 0 725 767 724 740 883 END
START 0 0 0 0 0 0 724 768 724 741 884 END
START 0 0 0 0 0 0 723 768 726 743 885 END
START 0 0 0 0 0 0 723 768 726 743 885 END
START 0 0 0 0 0 0 723 769 726 743 884 END
START 0 0 0 0 0 0 724 768 725 742 883 END
START 0 0 0 0 0 0 723 768 725 742 884 END
START 0 0 0 0 0 0 723 768 725 742 882 END
START 0 0 0 0 0 0 722 768 726 742 883 END
START 0 0 0 0 0 0 721 768 726 742 883 END
START 0 0 0 0 0 0 722 768 726 742 883 END
START 0 0 0 0 0 0 722 768 726 742 883 END
START 0 0 0 0 0 0 722 769 727 742 883 END
START 0 0 0 0 0 0 721 768 726 743 883 END
START 0 0 0 0 0 0 722 769 726 742 883 END
START 0 0 0 0 0 0 721 768 727 743 882 END
START 0 0 0 0 0 0 722 769 727 743 883 END
START 0 0 0 0 0 0 721 769 727 743 883 END
START 0 0 0 0 0 0 721 770 727 742 883 END
START 0 0 0 0 0 0 721 769 727 743 883 END
START 0 0 0 0 0 0 722 769 726 743 883 END
START 0 0 0 0 0 0 723 770 726 742 883 END
START 0 0 0 0 0 0 724 770 726 742 882 END
START 0 0 0 0 0 0 725 773 727 742 882 END
START 0 0 0 0 0 0 725 776 729 743 882 END
START 0 0 0 0 0 0 726 776 732 744 882 END
START 0 0 0 0 0 0 723 775 735 745 883 END
START 0 0 0 0 0 0 723 774 734 745 883 END
START 0 0 0 0 0 0 721 773 732 745 885 END
START 0 0 0 0 0 0 722 772 731 745 889 END
START 0 0 0 0 0 0 720 770 728 744 890 END
START 0 0 0 0 0 0 720 771 728 744 888 END
START 0 0 0 0 0 0 722 778 729 744 887 END
START 0 0 0 0 0 0 722 783 728 743 885 END
START 0 0 0 0 0 0 723 786 729 743 884 END
START 0 0 0 0 0 0 723 787 732 743 884 END
START 0 0 0 0 0 0 724 785 738 746 883 END
START 0 0 0 0 0 0 724 783 741 748 883 END
START 0 0 0 0 0 0 724 782 743 751 883 END
START 0 0 0 0 0 0 723 779 742 751 887 END
START 0 0 0 0 0 0 723 777 741 750 890 END
START 0 0 0 0 0 0 721 776 738 749 891 END
START 0 0 0 0 0 0 721 775 736 747 889 END
START 0 0 0 0 0 0 722 774 734 745 887 END
START 0 0 0 0 0 0 722 773 732 744 885 END
START 0 0 0 0 0 0 724 772 728 742 883 END
START 0 0 0 0 0 0 724 773 725 740 881 END
START 0 0 0 0 0 0 724 773 725 739 879 END
START 0 0 0 0 0 0 725 772 724 739 879 END
START 0 0 0 0 0 0 726 772 723 738 877 END
START 0 0 0 0 0 0 726 772 722 737 877 END
START 0 0 0 0 0 0 724 773 721 737 876 END
START 0 0 0 0 0 0 725 770 721 737 876 END
START 0 0 0 0 0 0 724 770 720 737 875 END
START 0 0 0 0 0 0 724 770 720 736 875 END
START 0 0 0 0 0 0 725 770 720 736 875 END
START 0 0 0 0 0 0 723 770 720 736 875 END
START 0 0 0 0 0 0 723 769 720 736 874 END
START 0 0 0 0 0 0 724 769 720 736 875 END
START 0 0 0 0 0 0 723 769 719 736 874 END
START 0 0 0 0 0 0 723 769 720 736 874 END
START 0 0 0 0 0 0 723 769 720 736 875 END
START 0 0 0 0 0 0 722 769 720 736 874 END
START 0 0 0 0 0 0 723 769 719 736 875 END
START 0 0 0 0 0 0 722 769 719 736 875 END
START 0 0 0 0 0 0 722 769 720 737 876 END
START 0 0 0 0 0 0 722 767 721 738 879 END
START 0 0 0 0 0 0 721 766 722 739 882 END
START 0 0 0 0 0 0 722 765 722 740 883 END
START 0 0 0 0 0 0 720 764 723 740 883 END
START 0 0 0 0 0 0 721 763 723 740 883 END
START 0 0 0 0 0 0 720 763 723 740 885 END
START 0 0 0 0 0 0 720 763 723 740 884 END
START 0 0 0 0 0 0 721 764 724 740 884 END
START 0 0 0 0 0 0 720 767 724 740 882 END
START 0 0 0 0 0 0 721 771 725 740 881 END
START 0 0 0 0 0 0 720 773 725 740 881 END
START 0 0 0 0 0 0 720 775 726 740 880 END
START 0 0 0 0 0 0 720 775 728 741 880 END
START 0 0 0 0 0 0 720 774 730 741 881 END
START 0 0 0 0 0 0 720 773 730 741 881 END
START 0 0 0 0 0 0 720 773 729 741 881 END
START 0 0 0 0 0 0 721 774 729 741 881 END
START 0 0 0 0 0 0 720 773 728 740 880 END
START 0 0 0 0 0 0 720 773 728 739 880 END
START 0 0 0 0 0 0 720 772 728 740 880 END
START 0 0 0 0 0 0 720 772 728 741 881 END
START 0 0 0 0 0 0 719 772 728 740 880 END
START 0 0 0 0 0 0 720 772 728 740 881 END
START 0 0 0 0 0 0 720 772 728 740 880 END
START 0 0 0 0 0 0 719 772 729 741 880 END
START 0 0 0 0 0 0 720 771 728 740 880 END
START 0 0 0 0 0 0 720 772 727 740 879 END
START 0 0 0 0 0 0 721 772 727 740 880 END
START 0 0 0 0 0 0 721 772 727 740 880 END
START 0 0 0 0 0 0 721 772 727 739 879 END
START 0 0 0 0 0 0 722 772 726 739 879 END
START 0 0 0 0 0 0 724 772 726 739 879 END
START 0 0 0 0 0 0 723 772 726 739 879 END
START 0 0 0 0 0 0 722 772 726 739 879 END
START 0 0 0 0 0 0 724 772 726 739 878 END
START 0 0 0 0 0 0 724 771 726 739 879 END
START 0 0 0 0 0 0 723 772 726 739 879 END
START 0 0 0 0 0 0 723 771 725 739 879 END
START 0 0 0 0 0 0 723 771 726 739 879 END
START 0 0 0 0 0 0 721 772 726 739 879 END
START 0 0 0 0 0 0 720 774 726 739 879 END
START 0 0 0 0 0 0 721 771 726 739 880 END
START 0 0 0 0 0 0 721 771 726 739 879 END
START 0 0 0 0 0 0 721 772 726 739 879 END
START 0 0 0 0 0 0 722 771 726 739 879 END
START 0 0 0 0 0 0 720 771 725 739 879 END
START 0 0 0 0 0 0 721 772 725 738 879 END
START 0 0 0 0 0 0 720 772 725 739 879 END
START 0 0 0 0 0 0 721 773 726 739 879 END
START 0 0 0 0 0 0 720 772 726 739 879 END
START 0 0 0 0 0 0 721 772 725 738 879 END
START 0 0 0 0 0 0 720 771 725 739 879 END
START 0 0 0 0 0 0 720 771 725 738 879 END
START 0 0 0 0 0 0 720 771 725 739 879 END
START 0 0 0 0 0 0 720 772 725 739 879 END
START 0 0 0 0 0 0 720 771 725 739 879 END
START 0 0 0 0 0 0 720 771 724 738 879 END
START 0 0 0 0 0 0 720 771 725 739 879 END
START 0 0 0 0 0 0 720 771 725 738 879 END
START 0 0 0 0 0 0 720 771 725 739 879 END
START 0 0 0 0 0 0 720 771 725 739 879 END
START 0 0 0 0 0 0 721 772 725 739 879 END
START 0 0 0 0 0 0 721 771 725 739 879 END
START 0 0 0 0 0 0 721 771 725 738 879 END
START 0 0 0 0 0 0 722 770 725 738 879 END
START 0 0 0 0 0 0 722 771 725 738 879 END
START 0 0 0 0 0 0 722 771 725 738 878 END
START 0 0 0 0 0 0 721 771 725 739 879 END
START 0 0 0 0 0 0 722 771 724 738 881 END
START 0 0 0 0 0 0 720 772 723 738 880 END
START 0 0 0 0 0 0 720 770 723 738 880 END
START 0 0 0 0 0 0 720 771 723 738 880 END
START 0 0 0 0 0 0 720 771 723 738 879 END
START 0 0 0 0 0 0 721 770 722 737 879 END
START 0 0 0 0 0 0 720 772 725 738 879 END
START 0 0 0 0 0 0 720 774 728 739 880 END
START 0 0 0 0 0 0 720 773 727 739 880 END
START 0 0 0 0 0 0 720 774 728 740 880 END
START 0 0 0 0 0 0 720 774 728 740 881 END
START 0 0 0 0 0 0 720 773 728 739 880 END
START 0 0 0 0 0 0 721 773 728 740 881 END
START 0 0 0 0 0 0 721 773 728 739 881 END
START 0 0 0 0 0 0 720 774 728 739 880 END
START 0 0 0 0 0 0 719 773 727 739 880 END
START 0 0 0 0 0 0 720 773 727 739 880 END
START 0 0 0 0 0 0 720 773 727 739 880 END
START 0 0 0 0 0 0 719 772 726 739 880 END
START 0 0 0 0 0 0 720 773 726 739 879 END
START 0 0 0 0 0 0 719 773 726 738 879 END
START 0 0 0 0 0 0 719 773 726 739 879 END
START 0 0 0 0 0 0 719 773 726 739 879 END
START 0 0 0 0 0 0 720 773 727 739 879 END
START 0 0 0 0 0 0 720 773 726 739 879 END
START 0 0 0 0 0 0 719 773 726 739 879 END
START 0 0 0 0 0 0 719 773 726 738 879 END
START 0 0 0 0 0 0 719 772 726 738 879 END
START 0 0 0 0 0 0 719 772 726 739 879 END
START 0 0 0 0 0 0 718 772 726 739 879 END
START 0 0 0 0 0 0 719 772 726 739 879 END
START 0 0 0 0 0 0 719 772 726 738 879 END
START 0 0 0 0 0 0 719 773 726 739 879 END
START 0 0 0 0 0 0 719 772 726 739 879 END
START 0 0 0 0 0 0 719 773 726 738 879 END
START 0 0 0 0 0 0 718 772 726 739 879 END
START 0 0 0 0 0 0 718 773 726 738 879 END
START 0 0 0 0 0 0 718 772 726 739 879 END
START 0 0 0 0 0 0 718 772 726 739 878 END
START 0 0 0 0 0 0 719 772 726 738 878 END
START 0 0 0 0 0 0 719 772 725 738 879 END
START 0 0 0 0 0 0 719 772 726 739 878 END
START 0 0 0 0 0 0 718 772 725 738 878 END
START 0 0 0 0 0 0 718 772 726 738 877 END
START 0 0 0 0 0 0 718 772 726 738 879 END
START 0 0 0 0 0 0 718 773 726 738 878 END
START 0 0 0 0 0 0 717 772 727 739 879 END
START 0 0 0 0 0 0 716 773 726 738 878 END
START 0 0 0 0 0 0 716 773 726 738 878 END
START 0 0 0 0 0 0 717 773 726 738 879 END
START 0 0 0 0 0 0 716 772 726 738 878 END
START 0 0 0 0 0 0 717 773 726 738 878 END
START 0 0 0 0 0 0 717 773 726 738 878 END
START 0 0 0 0 0 0 716 773 725 738 878 END
START 0 0 0 0 0 0 717 772 725 738 878 END
START 0 0 0 0 0 0 717 773 725 738 878 END
START 0 0 0 0 0 0 717 773 725 738 878 END
START 0 0 0 0 0 0 716 772 725 738 878 END
START 0 0 0 0 0 0 716 773 725 738 878 END
START 0 0 0 0 0 0 716 773 724 738 878 END
START 0 0 0 0 0 0 716 772 725 738 878 END
START 0 0 0 0 0 0 716 773 725 738 878 END
START 0 0 0 0 0 0 716 772 725 738 878 END
START 0 0 0 0 0 0 715 773 725 738 878 END
START 0 0 0 0 0 0 717 773 725 738 878 END
START 0 0 0 0 0 0 716 772 725 738 878 END
START 0 0 0 0 0 0 715 773 725 738 878 END
START 0 0 0 0 0 0 715 773 725 738 878 END
START 0 0 0 0 0 0 716 773 725 738 878 END
START 0 0 0 0 0 0 715 772 725 737 878 END
START 0 0 0 0 0 0 715 773 725 738 877 END
START 0 0 0 0 0 0 716 773 725 738 877 END
START 0 0 0 0 0 0 715 773 725 738 878 END
START 0 0 0 0 0 0 716 772 725 737 877 END
START 0 0 0 0 0 0 715 773 725 738 878 END
START 0 0 0 0 0 0 716 773 725 738 877 END
START 0 0 0 0 0 0 716 773 726 738 877 END
START 0 0 0 0 0 0 715 772 725 738 877 END
START 0 0 0 0 0 0 716 773 725 738 877 END
START 0 0 0 0 0 0 715 773 725 738 878 END
START 0 0 0 0 0 0 715 772 725 738 877 END
START 0 0 0 0 0 0 715 773 725 738 879 END
START 0 0 0 0 0 0 715 773 725 738 878 END
START 0 0 0 0 0 0 716 772 725 738 878 END
START 0 0 0 0 0 0 715 772 725 738 878 END
START 0 0 0 0 0 0 714 772 725 737 879 END
START 0 0 0 0 0 0 714 772 725 737 879 END
START 0 0 0 0 0 0 714 772 725 737 879 END
START 0 0 0 0 0 0 713 772 725 737 878 END
START 0 0 0 0 0 0 712 772 725 738 879 END
START 0 0 0 0 0 0 713 772 725 738 879 END
START 0 0 0 0 0 0 712 772 725 738 879 END
START 0 0 0 0 0 0 712 772 725 738 878 END
START 0 0 0 0 0 0 713 772 726 738 878 END
START 0 0 0 0 0 0 715 770 725 738 879 END
START 0 0 0 0 0 0 714 770 725 738 878 END
START 0 0 0 0 0 0 714 771 725 738 878 END
START 0 0 0 0 0 0 714 770 725 738 877 END
START 0 0 0 0 0 0 714 771 725 738 877 END
START 0 0 0 0 0 0 713 771 725 738 877 END
START 0 0 0 0 0 0 713 771 725 738 878 END
START 0 0 0 0 0 0 713 772 725 738 878 END
START 0 0 0 0 0 0 713 771 725 737 877 END
START 0 0 0 0 0 0 714 772 725 737 876 END
START 0 0 0 0 0 0 716 772 725 737 877 END
START 0 0 0 0 0 0 715 772 725 738 878 END
START 0 0 0 0 0 0 715 771 725 737 878 END
START 0 0 0 0 0 0 716 772 725 738 878 END
START 0 0 0 0 0 0 715 771 725 738 878 END
START 0 0 0 0 0 0 715 772 725 737 877 END
START 0 0 0 0 0 0 715 772 725 737 877 END
START 0 0 0 0 0 0 715 771 725 737 877 END
START 0 0 0 0 0 0 715 771 725 738 878 END
START 0 0 0 0 0 0 716 770 725 738 878 END
START 0 0 0 0 0 0 716 771 726 738 878 END
START 0 0 0 0 0 0 717 771 726 737 877 END
START 0 0 0 0 0 0 716 771 726 738 877 END
START 0 0 0 0 0 0 717 771 726 738 877 END
START 0 0 0 0 0 0 716 771 725 738 878 END
START 0 0 0 0 0 0 716 771 726 738 877 END
START 0 0 0 0 0 0 715 771 726 738 878 END
START 0 0 0 0 0 0 716 771 726 738 878 END
START 0 0 0 0 0 0 715 771 726 738 878 END
START 0 0 0 0 0 0 716 771 726 737 877 END
START 0 0 0 0 0 0 715 772 726 738 878 END
START 0 0 0 0 0 0 715 771 726 738 877 END
START 0 0 0 0 0 0 714 771 726 738 878 END
START 0 0 0 0 0 0 714 771 726 738 878 END
START 0 0 0 0 0 0 715 771 726 737 878 END
START 0 0 0 0 0 0 714 771 726 738 878 END
START 0 0 0 0 0 0 714 771 726 738 877 END
START 0 0 0 0 0 0 714 771 726 738 878 END
START 0 0 0 0 0 0 714 771 726 738 878 END
START 0 0 0 0 0 0 715 771 726 738 878 END
START 0 0 0 0 0 0 714 771 726 737 878 END
START 0 0 0 0 0 0 713 771 727 738 878 END
START 0 0 0 0 0 0 713 771 726 738 877 END
START 0 0 0 0 0 0 713 771 726 737 878 END
START 0 0 0 0 0 0 714 770 726 738 877 END
START 0 0 0 0 0 0 713 771 726 738 877 END
START 0 0 0 0 0 0 714 771 726 738 879 END
START 0 0 0 0 0 0 713 771 726 738 878 END
START 0 0 0 0 0 0 714 771 726 738 877 END
START 0 0 0 0 0 0 713 771 726 738 877 END
START 0 0 0 0 0 0 713 771 726 738 877 END
START 0 0 0 0 0 0 713 771 726 737 876 END
START 0 0 0 0 0 0 713 771 726 738 877 END
START 0 0 0 0 0 0 713 771 726 738 877 END
START 0 0 0 0 0 0 712 771 726 738 877 END
START 0 0 0 0 0 0 712 771 726 737 876 END
START 0 0 0 0 0 0 712 770 726 738 877 END
START 0 0 0 0 0 0 712 771 726 737 877 END
START 0 0 0 0 0 0 713 771 726 738 877 END
START 0 0 0 0 0 0 712 771 726 738 877 END
START 0 0 0 0 0 0 713 771 726 738 877 END
START 0 0 0 0 0 0 712 771 726 738 876 END
START 0 0 0 0 0 0 712 771 726 738 876 END
START 0 0 0 0 0 0 713 771 726 737 876 END
START 0 0 0 0 0 0 712 773 726 738 876 END
START 0 0 0 0 0 0 712 771 726 737 877 END
START 0 0 0 0 0 0 713 771 726 737 876 END
START 0 0 0 0 0 0 713 771 726 737 877 END
START 0 0 0 0 0 0 713 771 726 737 876 END
START 0 0 0 0 0 0 712 771 726 738 876 END
START 0 0 0 0 0 0 712 772 726 738 877 END
START 0 0 0 0 0 0 712 772 726 738 876 END
START 0 0 0 0 0 0 712 772 726 738 877 END
START 0 0 0 0 0 0 712 772 726 738 877 END
START 0 0 0 0 0 0 713 772 726 738 876 END
START 0 0 0 0 0 0 712 772 726 738 876 END
START 0 0 0 0 0 0 712 771 726 737 876 END
START 0 0 0 0 0 0 712 772 726 738 876 END
START 0 0 0 0 0 0 712 771 726 738 877 END
START 0 0 0 0 0 0 712 772 726 737 876 END
START 0 0 0 0 0 0 712 772 726 737 876 END
START 0 0 0 0 0 0 712 771 726 737 876 END
START 0 0 0 0 0 0 712 771 726 738 877 END
START 0 0 0 0 0 0 711 772 726 738 877 END
START 0 0 0 0 0 0 712 772 727 738 876 END
START 0 0 0 0 0 0 711 772 726 738 876 END
START 0 0 0 0 0 0 712 773 727 738 876 END
START 0 0 0 0 0 0 711 772 726 738 876 END
START 0 0 0 0 0 0 712 772 727 738 877 END
START 0 0 0 0 0 0 711 771 726 738 876 END
START 0 0 0 0 0 0 711 772 726 738 876 END
START 0 0 0 0 0 0 712 772 726 738 876 END
START 0 0 0 0 0 0 711 772 726 738 876 END
START 0 0 0 0 0 0 711 772 726 738 876 END
START 0 0 0 0 0 0 712 772 727 737 876 END
START 0 0 0 0 0 0 711 772 727 738 876 END
START 0 0 0 0 0 0 711 771 726 737 876 END
START 0 0 0 0 0 0 712 771 726 738 876 END
