START 0 0 0 0 0 0 644 576 704 713 858 END
START 0 0 0 0 0 0 643 576 704 713 858 END
START 0 0 0 0 0 0 643 576 703 713 858 END
START 0 0 0 0 0 0 644 576 703 712 857 END
START 0 0 0 0 0 0 643 576 703 712 857 END
START 0 0 0 0 0 0 644 576 703 712 858 END
START 0 0 0 0 0 0 643 576 702 712 858 END
START 0 0 0 0 0 0 643 576 701 712 858 END
START 0 0 0 0 0 0 642 576 701 712 858 END
START 0 0 0 0 0 0 640 576 701 712 858 END
START 0 0 0 0 0 0 638 576 700 710 860 END
START 0 0 0 0 0 0 635 576 700 709 861 END
START 0 0 0 0 0 0 632 576 699 708 861 END
START 0 0 0 0 0 0 629 576 699 708 860 END
START 0 0 0 0 0 0 632 576 699 708 859 END
START 0 0 0 0 0 0 640 576 699 708 859 END
START 0 0 0 0 0 0 647 577 699 709 859 END
START 0 0 0 0 0 0 655 576 700 709 859 END
START 0 0 0 0 0 0 660 577 698 709 859 END
START 0 0 0 0 0 0 662 577 697 709 857 END
START 0 0 0 0 0 0 664 577 696 707 857 END
START 0 0 0 0 0 0 660 577 694 707 856 END
START 0 0 0 0 0 0 659 577 693 706 856 END
START 0 0 0 0 0 0 657 577 693 705 855 END
START 0 0 0 0 0 0 654 577 692 704 856 END
START 0 0 0 0 0 0 649 577 692 703 855 END
START 0 0 0 0 0 0 643 577 692 702 855 END
START 0 0 0 0 0 0 641 577 693 702 855 END
START 0 0 0 0 0 0 641 578 696 703 855 END
START 0 0 0 0 0 0 641 578 696 704 855 END
START 0 0 0 0 0 0 642 578 696 705 856 END
START 0 0 0 0 0 0 645 578 696 706 856 END
START 0 0 0 0 0 0 651 578 696 707 857 END
START 0 0 0 0 0 0 656 578 696 708 857 END
START 0 0 0 0 0 0 658 579 696 708 857 END
START 0 0 0 0 0 0 659 578 696 709 858 END
START 0 0 0 0 0 0 659 579 696 710 858 END
START 0 0 0 0 0 0 659 579 696 709 857 END
START 0 0 0 0 0 0 658 579 696 709 857 END
START 0 0 0 0 0 0 658 579 696 710 857 END
START 0 0 0 0 0 0 657 579 696 709 857 END
START 0 0 0 0 0 0 657 579 696 710 858 END
START 0 0 0 0 0 0 655 579 697 710 858 END
START 0 0 0 0 0 0 655 579 696 710 857 END
START 0 0 0 0 0 0 654 579 697 710 858 END
START 0 0 0 0 0 0 652 579 697 709 857 END
START 0 0 0 0 0 0 650 579 697 709 858 END
START 0 0 0 0 0 0 651 579 698 710 857 END
START 0 0 0 0 0 0 651 579 699 710 857 END
START 0 0 0 0 0 0 657 578 702 714 858 END
START 0 0 0 0 0 0 666 579 704 717 858 END
START 0 0 0 0 0 0 671 579 706 721 859 END
START 0 0 0 0 0 0 674 579 706 722 859 END
START 0 0 0 0 0 0 676 579 706 722 859 END
START 0 0 0 0 0 0 679 579 706 724 860 END
START 0 0 0 0 0 0 681 580 708 726 866 END
START 0 0 0 0 0 0 680 580 709 727 864 END
START 0 0 0 0 0 0 676 580 707 725 863 END
START 0 0 0 0 0 0 671 580 705 722 865 END
START 0 0 0 0 0 0 664 580 702 718 859 END
START 0 0 0 0 0 0 656 580 699 711 856 END
START 0 0 0 0 0 0 647 580 698 708 853 END
START 0 0 0 0 0 0 642 579 697 706 853 END
START 0 0 0 0 0 0 637 580 698 707 853 END
START 0 0 0 0 0 0 634 579 699 708 852 END
START 0 0 0 0 0 0 635 580 701 710 853 END
START 0 0 0 0 0 0 644 580 702 713 855 END
START 0 0 0 0 0 0 654 580 702 715 859 END
START 0 0 0 0 0 0 661 580 702 716 861 END
START 0 0 0 0 0 0 661 579 701 717 860 END
START 0 0 0 0 0 0 659 580 701 718 858 END
START 0 0 0 0 0 0 656 579 701 716 857 END
START 0 0 0 0 0 0 653 580 701 716 854 END
START 0 0 0 0 0 0 651 579 701 714 852 END
START 0 0 0 0 0 0 648 580 702 715 852 END
START 0 0 0 0 0 0 647 580 703 715 855 END
START 0 0 0 0 0 0 648 580 702 715 856 END
START 0 0 0 0 0 0 648 580 703 716 855 END
START 0 0 0 0 0 0 649 580 703 716 855 END
START 0 0 0 0 0 0 651 580 704 718 857 END
START 0 0 0 0 0 0 653 579 706 723 864 END
START 0 0 0 0 0 0 656 580 706 726 871 END
START 0 0 0 0 0 0 656 580 706 727 875 END
START 0 0 0 0 0 0 656 580 705 731 877 END
START 0 0 0 0 0 0 655 580 705 730 875 END
START 0 0 0 0 0 0 655 580 705 729 873 END
START 0 0 0 0 0 0 656 580 704 726 870 END
START 0 0 0 0 0 0 654 580 704 725 868 END
START 0 0 0 0 0 0 654 580 705 724 867 END
START 0 0 0 0 0 0 656 581 709 723 869 END
START 0 0 0 0 0 0 656 587 709 724 868 END
START 0 0 0 0 0 0 656 590 710 724 868 END
START 0 0 0 0 0 0 656 586 709 723 868 END
START 0 0 0 0 0 0 656 584 709 723 866 END
START 0 0 0 0 0 0 656 583 709 723 866 END
START 0 0 0 0 0 0 657 582 709 723 866 END
START 0 0 0 0 0 0 656 582 709 724 865 END
START 0 0 0 0 0 0 656 582 710 722 864 END
START 0 0 0 0 0 0 656 583 710 723 863 END
START 0 0 0 0 0 0 657 583 711 722 863 END
START 0 0 0 0 0 0 658 585 712 723 863 END
START 0 0 0 0 0 0 657 586 712 722 862 END
START 0 0 0 0 0 0 657 586 712 723 862 END
START 0 0 0 0 0 0 657 586 711 723 860 END
START 0 0 0 0 0 0 656 587 711 723 859 END
START 0 0 0 0 0 0 656 585 711 722 858 END
START 0 0 0 0 0 0 655 583 709 720 857 END
START 0 0 0 0 0 0 654 583 708 719 857 END
START 0 0 0 0 0 0 653 582 707 717 856 END
START 0 0 0 0 0 0 652 585 707 715 858 END
START 0 0 0 0 0 0 652 590 705 715 857 END
START 0 0 0 0 0 0 651 590 706 714 856 END
START 0 0 0 0 0 0 652 590 705 714 856 END
START 0 0 0 0 0 0 652 590 705 714 856 END
START 0 0 0 0 0 0 651 589 704 713 856 END
START 0 0 0 0 0 0 651 588 700 713 855 END
START 0 0 0 0 0 0 652 586 697 713 856 END
START 0 0 0 0 0 0 652 584 694 712 855 END
START 0 0 0 0 0 0 652 584 694 710 854 END
START 0 0 0 0 0 0 652 581 701 708 852 END
START 0 0 0 0 0 0 651 581 708 707 852 END
START 0 0 0 0 0 0 651 580 717 708 856 END
START 0 0 0 0 0 0 651 580 715 709 857 END
START 0 0 0 0 0 0 650 580 713 709 859 END
START 0 0 0 0 0 0 650 581 711 710 864 END
START 0 0 0 0 0 0 649 581 709 709 868 END
START 0 0 0 0 0 0 648 581 707 709 868 END
START 0 0 0 0 0 0 647 582 705 707 862 END
START 0 0 0 0 0 0 647 582 702 702 857 END
START 0 0 0 0 0 0 644 581 700 695 852 END
START 0 0 0 0 0 0 640 582 696 688 849 END
START 0 0 0 0 0 0 637 582 694 683 848 END
START 0 0 0 0 0 0 633 583 693 681 848 END
START 0 0 0 0 0 0 630 584 693 679 849 END
START 0 0 0 0 0 0 630 584 692 679 850 END
START 0 0 0 0 0 0 635 585 694 687 853 END
START 0 0 0 0 0 0 644 585 698 697 856 END
START 0 0 0 0 0 0 652 585 701 704 857 END
START 0 0 0 0 0 0 662 585 704 710 858 END
START 0 0 0 0 0 0 672 585 706 715 860 END
START 0 0 0 0 0 0 680 586 711 723 866 END
START 0 0 0 0 0 0 686 587 715 729 868 END
START 0 0 0 0 0 0 687 588 716 731 868 END
START 0 0 0 0 0 0 688 589 718 732 869 END
START 0 0 0 0 0 0 688 589 718 731 867 END
START 0 0 0 0 0 0 689 590 717 731 866 END
START 0 0 0 0 0 0 689 589 715 729 865 END
START 0 0 0 0 0 0 690 589 715 730 865 END
START 0 0 0 0 0 0 691 589 717 730 865 END
START 0 0 0 0 0 0 690 589 716 730 864 END
START 0 0 0 0 0 0 689 589 713 725 864 END
START 0 0 0 0 0 0 688 589 705 715 859 END
START 0 0 0 0 0 0 687 589 697 703 854 END
START 0 0 0 0 0 0 687 589 694 701 852 END
START 0 0 0 0 0 0 686 589 692 699 852 END
START 0 0 0 0 0 0 685 589 691 698 851 END
START 0 0 0 0 0 0 688 589 691 698 849 END
START 0 0 0 0 0 0 690 589 693 699 849 END
START 0 0 0 0 0 0 689 589 695 703 850 END
START 0 0 0 0 0 0 692 588 699 709 852 END
START 0 0 0 0 0 0 691 588 703 714 855 END
START 0 0 0 0 0 0 696 588 704 715 855 END
START 0 0 0 0 0 0 696 588 703 714 854 END
START 0 0 0 0 0 0 699 588 704 716 854 END
START 0 0 0 0 0 0 698 588 705 715 854 END
START 0 0 0 0 0 0 700 589 705 717 855 END
START 0 0 0 0 0 0 702 589 706 718 856 END
START 0 0 0 0 0 0 703 589 707 720 858 END
START 0 0 0 0 0 0 701 589 708 721 859 END
START 0 0 0 0 0 0 699 589 707 719 858 END
START 0 0 0 0 0 0 689 589 703 715 855 END
START 0 0 0 0 0 0 680 589 702 713 854 END
START 0 0 0 0 0 0 672 590 700 709 852 END
START 0 0 0 0 0 0 664 591 699 705 851 END
START 0 0 0 0 0 0 654 591 696 701 849 END
START 0 0 0 0 0 0 649 592 695 697 847 END
START 0 0 0 0 0 0 644 592 694 696 847 END
START 0 0 0 0 0 0 642 592 695 696 847 END
START 0 0 0 0 0 0 641 592 696 697 848 END
START 0 0 0 0 0 0 642 592 698 698 849 END
START 0 0 0 0 0 0 649 592 701 701 856 END
START 0 0 0 0 0 0 660 593 702 707 859 END
START 0 0 0 0 0 0 671 593 706 713 859 END
START 0 0 0 0 0 0 675 592 709 717 860 END
START 0 0 0 0 0 0 679 593 713 720 857 END
START 0 0 0 0 0 0 683 594 715 723 859 END
START 0 0 0 0 0 0 688 594 718 727 857 END
START 0 0 0 0 0 0 694 594 721 730 859 END
START 0 0 0 0 0 0 699 595 725 735 861 END
START 0 0 0 0 0 0 701 596 726 736 862 END
START 0 0 0 0 0 0 703 597 728 738 863 END
START 0 0 0 0 0 0 704 597 729 738 860 END
START 0 0 0 0 0 0 704 597 728 737 859 END
START 0 0 0 0 0 0 700 597 727 735 858 END
START 0 0 0 0 0 0 695 597 725 733 856 END
START 0 0 0 0 0 0 683 597 724 732 855 END
START 0 0 0 0 0 0 672 598 721 729 851 END
START 0 0 0 0 0 0 661 598 716 723 849 END
START 0 0 0 0 0 0 657 599 714 720 846 END
START 0 0 0 0 0 0 665 598 713 718 846 END
START 0 0 0 0 0 0 678 598 712 717 844 END
START 0 0 0 0 0 0 687 598 711 717 845 END
START 0 0 0 0 0 0 694 598 711 717 844 END
START 0 0 0 0 0 0 698 598 713 719 845 END
START 0 0 0 0 0 0 704 598 717 725 849 END
START 0 0 0 0 0 0 707 599 719 730 851 END
START 0 0 0 0 0 0 711 601 728 737 856 END
START 0 0 0 0 0 0 713 603 734 741 863 END
START 0 0 0 0 0 0 713 604 737 745 864 END
START 0 0 0 0 0 0 714 605 738 746 864 END
START 0 0 0 0 0 0 711 607 737 746 866 END
START 0 0 0 0 0 0 710 608 737 747 868 END
START 0 0 0 0 0 0 698 608 736 745 868 END
START 0 0 0 0 0 0 693 609 733 742 866 END
START 0 0 0 0 0 0 684 609 728 737 862 END
START 0 0 0 0 0 0 676 609 723 732 859 END
START 0 0 0 0 0 0 666 609 719 725 856 END
START 0 0 0 0 0 0 657 609 716 719 851 END
START 0 0 0 0 0 0 651 610 713 715 851 END
START 0 0 0 0 0 0 645 611 710 711 850 END
START 0 0 0 0 0 0 641 612 709 708 850 END
START 0 0 0 0 0 0 638 613 707 704 850 END
START 0 0 0 0 0 0 635 613 707 701 852 END
START 0 0 0 0 0 0 637 612 707 699 854 END
START 0 0 0 0 0 0 641 613 708 703 855 END
START 0 0 0 0 0 0 651 612 712 713 861 END
START 0 0 0 0 0 0 657 612 714 719 866 END
START 0 0 0 0 0 0 665 611 717 724 866 END
START 0 0 0 0 0 0 669 612 719 727 866 END
START 0 0 0 0 0 0 669 612 720 728 866 END
START 0 0 0 0 0 0 669 612 718 724 861 END
START 0 0 0 0 0 0 665 613 715 720 860 END
START 0 0 0 0 0 0 660 612 710 712 854 END
START 0 0 0 0 0 0 656 612 705 707 850 END
START 0 0 0 0 0 0 652 611 701 702 848 END
START 0 0 0 0 0 0 649 610 700 700 847 END
START 0 0 0 0 0 0 648 611 700 699 846 END
START 0 0 0 0 0 0 651 610 701 700 847 END
START 0 0 0 0 0 0 655 611 702 703 850 END
START 0 0 0 0 0 0 668 610 707 711 856 END
START 0 0 0 0 0 0 683 611 716 720 864 END
START 0 0 0 0 0 0 691 612 720 728 869 END
START 0 0 0 0 0 0 693 612 721 733 873 END
START 0 0 0 0 0 0 691 613 721 735 874 END
START 0 0 0 0 0 0 681 612 717 729 868 END
START 0 0 0 0 0 0 674 612 715 724 865 END
START 0 0 0 0 0 0 667 612 713 719 857 END
START 0 0 0 0 0 0 656 613 705 712 854 END
START 0 0 0 0 0 0 644 613 697 703 849 END
START 0 0 0 0 0 0 637 613 693 697 846 END
START 0 0 0 0 0 0 633 614 692 693 845 END
START 0 0 0 0 0 0 632 616 694 691 843 END
START 0 0 0 0 0 0 637 618 695 692 845 END
START 0 0 0 0 0 0 647 620 698 695 848 END
START 0 0 0 0 0 0 659 628 704 701 855 END
START 0 0 0 0 0 0 673 633 711 710 864 END
START 0 0 0 0 0 0 684 634 717 720 870 END
START 0 0 0 0 0 0 690 635 719 730 870 END
START 0 0 0 0 0 0 691 636 720 738 872 END
START 0 0 0 0 0 0 692 636 721 742 872 END
START 0 0 0 0 0 0 692 637 721 741 871 END
START 0 0 0 0 0 0 690 637 721 740 870 END
START 0 0 0 0 0 0 687 637 720 736 868 END
START 0 0 0 0 0 0 682 636 719 734 863 END
START 0 0 0 0 0 0 677 635 717 731 860 END
START 0 0 0 0 0 0 672 634 714 728 863 END
START 0 0 0 0 0 0 668 632 711 724 861 END
START 0 0 0 0 0 0 665 630 710 722 859 END
START 0 0 0 0 0 0 661 631 706 718 859 END
START 0 0 0 0 0 0 657 630 705 716 854 END
START 0 0 0 0 0 0 656 630 705 715 852 END
START 0 0 0 0 0 0 655 630 705 712 851 END
START 0 0 0 0 0 0 652 631 704 709 847 END
START 0 0 0 0 0 0 651 630 704 707 844 END
START 0 0 0 0 0 0 651 630 705 706 843 END
START 0 0 0 0 0 0 653 629 706 707 841 END
START 0 0 0 0 0 0 657 628 708 709 841 END
START 0 0 0 0 0 0 663 628 711 714 844 END
START 0 0 0 0 0 0 671 628 714 720 846 END
START 0 0 0 0 0 0 670 628 715 723 846 END
START 0 0 0 0 0 0 672 628 717 726 850 END
START 0 0 0 0 0 0 679 629 718 731 861 END
START 0 0 0 0 0 0 676 630 719 729 862 END
START 0 0 0 0 0 0 673 632 715 723 859 END
START 0 0 0 0 0 0 666 633 712 713 853 END
START 0 0 0 0 0 0 659 634 709 705 849 END
START 0 0 0 0 0 0 649 634 704 699 845 END
START 0 0 0 0 0 0 636 635 701 693 844 END
START 0 0 0 0 0 0 622 636 698 688 847 END
START 0 0 0 0 0 0 613 636 698 684 846 END
START 0 0 0 0 0 0 607 636 696 682 843 END
START 0 0 0 0 0 0 605 635 696 683 843 END
START 0 0 0 0 0 0 608 635 696 685 843 END
START 0 0 0 0 0 0 614 634 698 689 845 END
START 0 0 0 0 0 0 623 633 700 695 849 END
START 0 0 0 0 0 0 634 632 705 696 852 END
START 0 0 0 0 0 0 638 631 704 695 850 END
START 0 0 0 0 0 0 643 632 704 696 851 END
START 0 0 0 0 0 0 657 633 705 701 852 END
START 0 0 0 0 0 0 663 634 706 703 851 END
START 0 0 0 0 0 0 665 636 706 706 850 END
START 0 0 0 0 0 0 665 637 707 710 849 END
START 0 0 0 0 0 0 666 637 710 717 852 END
START 0 0 0 0 0 0 665 630 714 724 862 END
START 0 0 0 0 0 0 664 617 716 727 866 END
START 0 0 0 0 0 0 661 615 714 726 864 END
START 0 0 0 0 0 0 657 612 712 724 863 END
START 0 0 0 0 0 0 655 608 709 720 859 END
START 0 0 0 0 0 0 654 606 708 718 854 END
START 0 0 0 0 0 0 653 604 707 717 854 END
START 0 0 0 0 0 0 653 604 708 717 853 END
START 0 0 0 0 0 0 655 603 711 718 853 END
START 0 0 0 0 0 0 657 603 714 722 855 END
START 0 0 0 0 0 0 660 603 717 723 855 END
START 0 0 0 0 0 0 663 603 719 725 858 END
START 0 0 0 0 0 0 665 601 720 726 856 END
START 0 0 0 0 0 0 665 597 720 727 856 END
START 0 0 0 0 0 0 665 596 720 726 855 END
START 0 0 0 0 0 0 666 594 720 726 855 END
START 0 0 0 0 0 0 666 593 720 725 855 END
START 0 0 0 0 0 0 665 592 719 725 853 END
START 0 0 0 0 0 0 666 589 721 725 855 END
START 0 0 0 0 0 0 666 588 721 725 857 END
START 0 0 0 0 0 0 666 591 723 726 853 END
START 0 0 0 0 0 0 666 596 723 727 856 END
START 0 0 0 0 0 0 667 603 724 730 853 END
START 0 0 0 0 0 0 668 607 724 731 852 END
START 0 0 0 0 0 0 669 605 724 732 852 END
START 0 0 0 0 0 0 669 603 724 733 852 END
START 0 0 0 0 0 0 672 599 726 735 853 END
START 0 0 0 0 0 0 674 597 729 736 854 END
START 0 0 0 0 0 0 676 595 733 741 855 END
START 0 0 0 0 0 0 677 593 735 741 852 END
START 0 0 0 0 0 0 677 591 735 741 851 END
START 0 0 0 0 0 0 676 589 732 739 849 END
START 0 0 0 0 0 0 676 587 731 738 848 END
START 0 0 0 0 0 0 674 587 727 736 847 END
START 0 0 0 0 0 0 672 586 714 728 842 END
START 0 0 0 0 0 0 671 585 709 723 845 END
START 0 0 0 0 0 0 668 586 707 718 848 END
START 0 0 0 0 0 0 664 587 708 715 848 END
START 0 0 0 0 0 0 658 589 709 710 850 END
START 0 0 0 0 0 0 653 591 707 708 851 END
START 0 0 0 0 0 0 647 594 705 703 852 END
START 0 0 0 0 0 0 643 596 705 701 852 END
START 0 0 0 0 0 0 642 597 705 699 852 END
START 0 0 0 0 0 0 649 602 706 700 857 END
START 0 0 0 0 0 0 671 609 714 708 862 END
START 0 0 0 0 0 0 683 612 723 716 867 END
START 0 0 0 0 0 0 689 615 731 722 874 END
START 0 0 0 0 0 0 694 616 733 728 873 END
START 0 0 0 0 0 0 686 616 728 722 868 END
START 0 0 0 0 0 0 680 617 723 715 865 END
START 0 0 0 0 0 0 671 616 715 708 861 END
START 0 0 0 0 0 0 663 614 708 703 857 END
START 0 0 0 0 0 0 658 614 706 700 854 END
START 0 0 0 0 0 0 656 613 704 702 854 END
START 0 0 0 0 0 0 656 612 704 706 854 END
START 0 0 0 0 0 0 656 609 704 708 854 END
START 0 0 0 0 0 0 658 608 707 713 854 END
START 0 0 0 0 0 0 659 606 707 714 853 END
START 0 0 0 0 0 0 661 606 709 715 853 END
START 0 0 0 0 0 0 662 608 707 713 851 END
START 0 0 0 0 0 0 661 607 705 710 850 END
START 0 0 0 0 0 0 653 607 701 708 849 END
START 0 0 0 0 0 0 648 607 697 704 847 END
START 0 0 0 0 0 0 644 607 696 702 847 END
START 0 0 0 0 0 0 642 612 695 701 846 END
START 0 0 0 0 0 0 643 620 695 701 850 END
START 0 0 0 0 0 0 649 621 697 701 852 END
START 0 0 0 0 0 0 658 620 701 704 855 END
START 0 0 0 0 0 0 662 620 705 705 856 END
START 0 0 0 0 0 0 667 620 710 706 857 END
START 0 0 0 0 0 0 667 620 715 707 860 END
START 0 0 0 0 0 0 668 620 714 708 861 END
START 0 0 0 0 0 0 669 620 714 709 861 END
START 0 0 0 0 0 0 668 620 714 709 860 END
START 0 0 0 0 0 0 668 620 713 709 857 END
START 0 0 0 0 0 0 667 620 712 708 859 END
START 0 0 0 0 0 0 666 620 712 708 857 END
START 0 0 0 0 0 0 667 620 712 707 857 END
START 0 0 0 0 0 0 665 620 712 706 857 END
START 0 0 0 0 0 0 664 621 712 707 858 END
START 0 0 0 0 0 0 663 620 712 707 863 END
START 0 0 0 0 0 0 662 620 712 707 865 END
START 0 0 0 0 0 0 661 620 711 708 867 END
START 0 0 0 0 0 0 661 620 711 711 871 END
START 0 0 0 0 0 0 660 619 710 711 870 END
START 0 0 0 0 0 0 658 619 709 707 867 END
START 0 0 0 0 0 0 654 619 706 703 863 END
START 0 0 0 0 0 0 652 619 705 699 860 END
START 0 0 0 0 0 0 651 623 704 697 860 END
START 0 0 0 0 0 0 650 631 704 694 858 END
START 0 0 0 0 0 0 652 634 704 693 858 END
START 0 0 0 0 0 0 653 634 704 694 862 END
START 0 0 0 0 0 0 655 633 704 697 866 END
START 0 0 0 0 0 0 656 631 704 698 867 END
START 0 0 0 0 0 0 655 631 704 697 865 END
START 0 0 0 0 0 0 654 630 704 697 864 END
START 0 0 0 0 0 0 653 628 703 697 862 END
