START 0 0 0 0 0 0 663 782 783 746 653 END
START 0 0 0 0 0 0 662 781 783 745 653 END
START 0 0 0 0 0 0 663 781 783 745 653 END
START 0 0 0 0 0 0 662 781 783 746 653 END
START 0 0 0 0 0 0 662 781 783 745 654 END
START 0 0 0 0 0 0 662 782 783 745 654 END
START 0 0 0 0 0 0 662 781 783 745 654 END
START 0 0 0 0 0 0 662 781 783 745 656 END
START 0 0 0 0 0 0 661 781 783 746 658 END
START 0 0 0 0 0 0 660 782 783 747 656 END
START 0 0 0 0 0 0 658 781 783 748 656 END
START 0 0 0 0 0 0 660 781 782 747 656 END
START 0 0 0 0 0 0 660 782 783 748 656 END
START 0 0 0 0 0 0 659 781 782 747 655 END
START 0 0 0 0 0 0 659 781 782 746 655 END
START 0 0 0 0 0 0 659 781 782 746 655 END
START 0 0 0 0 0 0 659 781 782 747 655 END
START 0 0 0 0 0 0 659 780 783 746 655 END
START 0 0 0 0 0 0 660 781 782 746 655 END
START 0 0 0 0 0 0 659 780 782 745 655 END
START 0 0 0 0 0 0 660 781 782 746 656 END
START 0 0 0 0 0 0 660 781 782 745 656 END
START 0 0 0 0 0 0 660 780 782 746 657 END
START 0 0 0 0 0 0 658 780 781 745 657 END
START 0 0 0 0 0 0 659 780 782 746 657 END
START 0 0 0 0 0 0 659 780 782 746 657 END
START 0 0 0 0 0 0 659 780 781 746 658 END
START 0 0 0 0 0 0 659 780 781 746 658 END
START 0 0 0 0 0 0 658 780 781 745 658 END
START 0 0 0 0 0 0 660 780 782 746 659 END
START 0 0 0 0 0 0 659 780 781 746 659 END
START 0 0 0 0 0 0 659 780 781 745 659 END
START 0 0 0 0 0 0 658 780 781 745 659 END
START 0 0 0 0 0 0 658 779 781 745 659 END
START 0 0 0 0 0 0 658 780 781 745 660 END
START 0 0 0 0 0 0 659 780 781 745 660 END
START 0 0 0 0 0 0 659 780 781 745 661 END
START 0 0 0 0 0 0 658 780 782 745 661 END
START 0 0 0 0 0 0 659 780 781 746 663 END
START 0 0 0 0 0 0 659 779 781 745 664 END
START 0 0 0 0 0 0 659 779 780 745 665 END
START 0 0 0 0 0 0 658 778 780 745 667 END
START 0 0 0 0 0 0 659 779 781 745 667 END
START 0 0 0 0 0 0 658 779 781 745 667 END
START 0 0 0 0 0 0 658 780 781 746 669 END
START 0 0 0 0 0 0 658 780 781 747 674 END
START 0 0 0 0 0 0 658 780 781 747 675 END
START 0 0 0 0 0 0 657 780 780 746 675 END
START 0 0 0 0 0 0 657 779 781 746 675 END
START 0 0 0 0 0 0 657 781 781 746 677 END
START 0 0 0 0 0 0 657 780 781 746 678 END
START 0 0 0 0 0 0 657 780 780 747 678 END
START 0 0 0 0 0 0 656 779 780 746 678 END
START 0 0 0 0 0 0 657 780 780 746 678 END
START 0 0 0 0 0 0 656 779 780 746 679 END
START 0 0 0 0 0 0 657 780 780 746 679 END
START 0 0 0 0 0 0 656 780 780 746 680 END
START 0 0 0 0 0 0 656 780 780 746 681 END
START 0 0 0 0 0 0 657 780 780 746 682 END
START 0 0 0 0 0 0 656 780 781 746 682 END
START 0 0 0 0 0 0 656 779 780 746 683 END
START 0 0 0 0 0 0 657 780 780 746 685 END
START 0 0 0 0 0 0 657 779 780 746 684 END
START 0 0 0 0 0 0 657 778 780 746 685 END
START 0 0 0 0 0 0 656 781 780 746 685 END
START 0 0 0 0 0 0 656 779 779 745 685 END
START 0 0 0 0 0 0 656 779 780 746 685 END
START 0 0 0 0 0 0 656 780 780 745 686 END
START 0 0 0 0 0 0 656 779 779 745 688 END
START 0 0 0 0 0 0 656 779 780 745 688 END
START 0 0 0 0 0 0 656 779 779 745 688 END
START 0 0 0 0 0 0 656 778 779 745 688 END
START 0 0 0 0 0 0 655 779 779 745 689 END
START 0 0 0 0 0 0 656 779 779 745 689 END
START 0 0 0 0 0 0 656 779 779 745 689 END
START 0 0 0 0 0 0 656 778 779 745 689 END
START 0 0 0 0 0 0 655 779 779 744 688 END
START 0 0 0 0 0 0 656 778 779 745 690 END
START 0 0 0 0 0 0 655 778 778 745 690 END
START 0 0 0 0 0 0 655 779 778 745 690 END
START 0 0 0 0 0 0 654 782 778 744 691 END
START 0 0 0 0 0 0 655 779 779 744 694 END
START 0 0 0 0 0 0 656 778 778 744 695 END
START 0 0 0 0 0 0 655 778 778 744 697 END
START 0 0 0 0 0 0 656 778 778 744 695 END
START 0 0 0 0 0 0 655 778 778 745 693 END
START 0 0 0 0 0 0 655 778 778 744 692 END
START 0 0 0 0 0 0 655 778 778 744 691 END
START 0 0 0 0 0 0 655 778 777 744 691 END
START 0 0 0 0 0 0 655 778 778 744 691 END
START 0 0 0 0 0 0 655 778 777 744 692 END
START 0 0 0 0 0 0 655 779 778 744 692 END
START 0 0 0 0 0 0 655 778 777 744 693 END
START 0 0 0 0 0 0 655 778 778 744 693 END
START 0 0 0 0 0 0 655 778 778 744 693 END
START 0 0 0 0 0 0 655 778 778 744 694 END
START 0 0 0 0 0 0 655 779 777 744 694 END
START 0 0 0 0 0 0 655 778 777 744 695 END
START 0 0 0 0 0 0 655 778 777 744 695 END
START 0 0 0 0 0 0 655 778 777 744 696 END
START 0 0 0 0 0 0 655 778 777 744 695 END
START 0 0 0 0 0 0 655 778 777 744 696 END
START 0 0 0 0 0 0 655 778 777 743 696 END
START 0 0 0 0 0 0 655 778 777 744 697 END
START 0 0 0 0 0 0 655 778 777 744 697 END
START 0 0 0 0 0 0 655 778 777 744 697 END
START 0 0 0 0 0 0 654 778 777 744 698 END
START 0 0 0 0 0 0 655 778 777 744 698 END
START 0 0 0 0 0 0 655 777 777 744 699 END
START 0 0 0 0 0 0 654 777 776 744 699 END
START 0 0 0 0 0 0 655 778 777 743 700 END
START 0 0 0 0 0 0 655 777 777 745 701 END
START 0 0 0 0 0 0 655 778 777 743 702 END
START 0 0 0 0 0 0 655 777 777 743 702 END
START 0 0 0 0 0 0 655 777 777 744 702 END
START 0 0 0 0 0 0 654 778 776 743 702 END
START 0 0 0 0 0 0 655 777 777 743 695 END
START 0 0 0 0 0 0 655 777 777 743 693 END
START 0 0 0 0 0 0 654 777 777 743 692 END
START 0 0 0 0 0 0 654 777 776 742 692 END
START 0 0 0 0 0 0 654 778 776 742 693 END
START 0 0 0 0 0 0 655 778 776 742 695 END
START 0 0 0 0 0 0 655 777 776 742 697 END
START 0 0 0 0 0 0 655 778 776 741 697 END
START 0 0 0 0 0 0 655 777 775 741 697 END
START 0 0 0 0 0 0 655 777 776 741 696 END
START 0 0 0 0 0 0 655 777 775 742 696 END
START 0 0 0 0 0 0 654 777 775 742 697 END
START 0 0 0 0 0 0 654 777 775 742 697 END
START 0 0 0 0 0 0 655 778 775 742 699 END
START 0 0 0 0 0 0 655 777 775 742 701 END
START 0 0 0 0 0 0 653 777 775 741 702 END
START 0 0 0 0 0 0 655 777 775 742 702 END
START 0 0 0 0 0 0 655 777 775 741 702 END
START 0 0 0 0 0 0 654 777 775 741 702 END
START 0 0 0 0 0 0 654 777 775 741 702 END
START 0 0 0 0 0 0 654 777 774 740 702 END
START 0 0 0 0 0 0 654 777 775 741 702 END
START 0 0 0 0 0 0 654 776 774 741 702 END
START 0 0 0 0 0 0 655 777 775 741 701 END
START 0 0 0 0 0 0 655 777 775 740 702 END
START 0 0 0 0 0 0 654 777 774 740 702 END
START 0 0 0 0 0 0 654 777 775 740 701 END
START 0 0 0 0 0 0 654 776 774 740 701 END
START 0 0 0 0 0 0 654 776 774 741 703 END
START 0 0 0 0 0 0 654 777 773 742 705 END
START 0 0 0 0 0 0 654 776 774 740 709 END
START 0 0 0 0 0 0 654 777 774 740 710 END
START 0 0 0 0 0 0 654 777 774 740 711 END
START 0 0 0 0 0 0 654 776 774 740 709 END
START 0 0 0 0 0 0 654 776 774 740 709 END
START 0 0 0 0 0 0 653 775 775 740 709 END
START 0 0 0 0 0 0 654 777 774 740 709 END
START 0 0 0 0 0 0 654 777 774 740 708 END
START 0 0 0 0 0 0 653 776 774 740 708 END
START 0 0 0 0 0 0 654 776 774 741 709 END
START 0 0 0 0 0 0 654 776 774 740 709 END
START 0 0 0 0 0 0 653 776 774 740 708 END
START 0 0 0 0 0 0 654 776 774 740 708 END
START 0 0 0 0 0 0 654 777 774 740 709 END
START 0 0 0 0 0 0 654 776 773 740 709 END
START 0 0 0 0 0 0 654 776 773 740 709 END
START 0 0 0 0 0 0 653 776 773 741 709 END
START 0 0 0 0 0 0 653 776 774 740 709 END
START 0 0 0 0 0 0 654 777 774 740 710 END
START 0 0 0 0 0 0 654 776 773 740 710 END
START 0 0 0 0 0 0 654 776 774 740 710 END
START 0 0 0 0 0 0 654 776 774 740 710 END
START 0 0 0 0 0 0 654 776 773 739 711 END
START 0 0 0 0 0 0 653 776 774 740 711 END
START 0 0 0 0 0 0 653 776 774 740 711 END
START 0 0 0 0 0 0 653 776 773 740 712 END
START 0 0 0 0 0 0 654 776 774 741 712 END
START 0 0 0 0 0 0 653 776 773 740 712 END
START 0 0 0 0 0 0 653 776 774 740 714 END
START 0 0 0 0 0 0 653 776 773 741 718 END
START 0 0 0 0 0 0 653 776 774 742 718 END
START 0 0 0 0 0 0 654 776 774 741 717 END
START 0 0 0 0 0 0 653 776 773 741 718 END
START 0 0 0 0 0 0 653 775 774 741 718 END
START 0 0 0 0 0 0 653 776 773 741 718 END
START 0 0 0 0 0 0 653 776 773 741 719 END
START 0 0 0 0 0 0 653 775 773 741 720 END
START 0 0 0 0 0 0 653 775 773 741 720 END
START 0 0 0 0 0 0 653 776 773 741 721 END
START 0 0 0 0 0 0 653 776 774 742 722 END
START 0 0 0 0 0 0 653 775 773 741 723 END
START 0 0 0 0 0 0 653 774 775 742 724 END
START 0 0 0 0 0 0 653 776 773 741 725 END
START 0 0 0 0 0 0 652 775 773 742 726 END
START 0 0 0 0 0 0 653 775 773 741 725 END
START 0 0 0 0 0 0 652 775 773 741 724 END
START 0 0 0 0 0 0 653 776 774 741 723 END
START 0 0 0 0 0 0 653 776 773 741 723 END
START 0 0 0 0 0 0 652 775 772 741 721 END
START 0 0 0 0 0 0 653 776 773 741 721 END
START 0 0 0 0 0 0 653 776 773 741 720 END
START 0 0 0 0 0 0 652 775 773 741 721 END
START 0 0 0 0 0 0 653 776 773 740 721 END
START 0 0 0 0 0 0 653 776 773 740 722 END
START 0 0 0 0 0 0 652 775 773 740 722 END
START 0 0 0 0 0 0 653 776 773 741 723 END
START 0 0 0 0 0 0 653 775 773 740 723 END
START 0 0 0 0 0 0 653 776 773 740 723 END
START 0 0 0 0 0 0 652 776 773 740 724 END
START 0 0 0 0 0 0 653 776 773 740 725 END
START 0 0 0 0 0 0 653 776 773 740 725 END
START 0 0 0 0 0 0 653 776 773 740 727 END
START 0 0 0 0 0 0 652 775 773 740 727 END
START 0 0 0 0 0 0 652 775 773 740 727 END
START 0 0 0 0 0 0 653 775 773 740 727 END
START 0 0 0 0 0 0 652 775 773 740 726 END
START 0 0 0 0 0 0 653 776 773 739 726 END
START 0 0 0 0 0 0 652 775 773 740 726 END
START 0 0 0 0 0 0 652 775 773 740 726 END
START 0 0 0 0 0 0 652 774 773 740 727 END
START 0 0 0 0 0 0 653 775 773 740 726 END
START 0 0 0 0 0 0 653 775 773 739 726 END
START 0 0 0 0 0 0 652 775 772 739 726 END
START 0 0 0 0 0 0 653 775 773 740 725 END
START 0 0 0 0 0 0 652 775 773 739 726 END
START 0 0 0 0 0 0 652 775 773 740 726 END
START 0 0 0 0 0 0 653 775 772 740 726 END
START 0 0 0 0 0 0 652 775 773 739 726 END
START 0 0 0 0 0 0 653 775 773 740 726 END
START 0 0 0 0 0 0 653 775 773 740 726 END
START 0 0 0 0 0 0 653 775 774 740 725 END
START 0 0 0 0 0 0 653 775 773 739 726 END
START 0 0 0 0 0 0 652 775 773 739 726 END
START 0 0 0 0 0 0 653 776 773 740 726 END
START 0 0 0 0 0 0 652 775 772 739 725 END
START 0 0 0 0 0 0 653 776 773 740 726 END
START 0 0 0 0 0 0 652 775 773 739 725 END
START 0 0 0 0 0 0 652 775 773 739 727 END
START 0 0 0 0 0 0 653 775 773 739 727 END
START 0 0 0 0 0 0 653 775 772 739 728 END
START 0 0 0 0 0 0 653 775 772 739 728 END
START 0 0 0 0 0 0 653 775 772 739 727 END
START 0 0 0 0 0 0 653 775 773 739 727 END
START 0 0 0 0 0 0 652 775 772 738 728 END
START 0 0 0 0 0 0 652 775 772 739 728 END
START 0 0 0 0 0 0 652 775 772 739 728 END
START 0 0 0 0 0 0 652 775 773 739 729 END
START 0 0 0 0 0 0 652 775 772 739 729 END
START 0 0 0 0 0 0 653 775 773 739 729 END
START 0 0 0 0 0 0 653 775 773 739 729 END
START 0 0 0 0 0 0 652 775 772 738 728 END
START 0 0 0 0 0 0 653 776 773 739 729 END
START 0 0 0 0 0 0 653 775 772 739 728 END
START 0 0 0 0 0 0 652 775 772 739 728 END
START 0 0 0 0 0 0 653 776 773 739 729 END
START 0 0 0 0 0 0 652 775 772 738 728 END
START 0 0 0 0 0 0 653 775 772 739 729 END
START 0 0 0 0 0 0 652 774 772 739 729 END
START 0 0 0 0 0 0 653 774 772 739 728 END
START 0 0 0 0 0 0 652 774 772 738 728 END
START 0 0 0 0 0 0 652 774 772 739 728 END
START 0 0 0 0 0 0 652 775 772 739 728 END
START 0 0 0 0 0 0 652 776 772 738 728 END
START 0 0 0 0 0 0 653 775 772 738 728 END
START 0 0 0 0 0 0 653 775 772 738 728 END
START 0 0 0 0 0 0 652 775 772 738 728 END
START 0 0 0 0 0 0 652 776 772 738 728 END
START 0 0 0 0 0 0 653 775 772 739 728 END
START 0 0 0 0 0 0 652 775 772 738 727 END
START 0 0 0 0 0 0 652 775 772 739 727 END
START 0 0 0 0 0 0 652 775 773 739 728 END
START 0 0 0 0 0 0 652 775 772 738 727 END
START 0 0 0 0 0 0 652 774 772 738 727 END
START 0 0 0 0 0 0 652 775 772 738 727 END
START 0 0 0 0 0 0 652 775 772 738 727 END
START 0 0 0 0 0 0 652 774 772 738 728 END
START 0 0 0 0 0 0 653 775 772 738 729 END
START 0 0 0 0 0 0 652 775 772 737 729 END
START 0 0 0 0 0 0 652 775 772 738 731 END
START 0 0 0 0 0 0 653 775 772 737 731 END
START 0 0 0 0 0 0 652 775 772 737 735 END
START 0 0 0 0 0 0 652 774 772 737 735 END
START 0 0 0 0 0 0 652 775 772 737 735 END
START 0 0 0 0 0 0 652 774 772 737 735 END
START 0 0 0 0 0 0 652 775 772 737 734 END
START 0 0 0 0 0 0 653 775 772 737 734 END
START 0 0 0 0 0 0 652 775 771 737 733 END
START 0 0 0 0 0 0 653 774 772 738 732 END
START 0 0 0 0 0 0 652 774 772 737 727 END
START 0 0 0 0 0 0 652 775 772 737 725 END
START 0 0 0 0 0 0 652 775 772 737 725 END
START 0 0 0 0 0 0 651 773 771 738 724 END
START 0 0 0 0 0 0 651 777 771 737 724 END
START 0 0 0 0 0 0 652 774 772 736 725 END
START 0 0 0 0 0 0 652 773 771 737 725 END
START 0 0 0 0 0 0 652 773 771 737 725 END
START 0 0 0 0 0 0 652 774 771 736 725 END
START 0 0 0 0 0 0 651 774 772 738 725 END
START 0 0 0 0 0 0 652 774 772 737 725 END
START 0 0 0 0 0 0 652 774 772 737 724 END
START 0 0 0 0 0 0 652 774 771 737 725 END
START 0 0 0 0 0 0 652 774 772 737 725 END
START 0 0 0 0 0 0 653 773 771 737 725 END
START 0 0 0 0 0 0 652 774 771 737 725 END
START 0 0 0 0 0 0 652 774 771 737 725 END
START 0 0 0 0 0 0 651 774 771 737 725 END
START 0 0 0 0 0 0 652 774 771 737 725 END
START 0 0 0 0 0 0 652 774 772 737 726 END
START 0 0 0 0 0 0 652 774 771 737 725 END
START 0 0 0 0 0 0 652 773 771 737 725 END
START 0 0 0 0 0 0 652 774 772 737 725 END
START 0 0 0 0 0 0 651 774 771 737 726 END
START 0 0 0 0 0 0 652 774 771 738 726 END
START 0 0 0 0 0 0 652 774 771 737 724 END
START 0 0 0 0 0 0 652 774 771 737 718 END
START 0 0 0 0 0 0 651 774 771 737 719 END
START 0 0 0 0 0 0 651 773 771 737 720 END
START 0 0 0 0 0 0 652 773 770 737 725 END
START 0 0 0 0 0 0 652 774 771 737 744 END
START 0 0 0 0 0 0 652 774 771 737 755 END
START 0 0 0 0 0 0 652 775 771 738 758 END
START 0 0 0 0 0 0 652 773 771 737 759 END
START 0 0 0 0 0 0 652 774 772 737 761 END
START 0 0 0 0 0 0 652 773 771 737 759 END
START 0 0 0 0 0 0 652 775 771 737 760 END
START 0 0 0 0 0 0 652 774 771 737 761 END
START 0 0 0 0 0 0 652 774 770 737 758 END
START 0 0 0 0 0 0 652 773 771 740 743 END
START 0 0 0 0 0 0 651 773 770 740 739 END
START 0 0 0 0 0 0 652 774 771 740 740 END
START 0 0 0 0 0 0 652 773 770 740 746 END
START 0 0 0 0 0 0 652 773 770 741 753 END
START 0 0 0 0 0 0 652 773 770 740 759 END
START 0 0 0 0 0 0 652 773 770 739 769 END
START 0 0 0 0 0 0 652 774 770 739 784 END
START 0 0 0 0 0 0 652 774 770 738 798 END
START 0 0 0 0 0 0 651 773 769 739 803 END
START 0 0 0 0 0 0 652 773 770 738 799 END
START 0 0 0 0 0 0 652 773 770 738 781 END
START 0 0 0 0 0 0 652 773 770 738 768 END
START 0 0 0 0 0 0 652 773 770 738 765 END
START 0 0 0 0 0 0 652 773 770 738 765 END
START 0 0 0 0 0 0 651 774 770 739 769 END
START 0 0 0 0 0 0 651 774 770 738 773 END
START 0 0 0 0 0 0 652 773 770 738 772 END
START 0 0 0 0 0 0 652 773 770 739 765 END
START 0 0 0 0 0 0 651 773 770 739 773 END
START 0 0 0 0 0 0 651 772 769 739 785 END
START 0 0 0 0 0 0 652 773 769 739 779 END
START 0 0 0 0 0 0 651 773 769 739 766 END
START 0 0 0 0 0 0 652 773 770 739 760 END
START 0 0 0 0 0 0 652 773 770 740 763 END
START 0 0 0 0 0 0 651 772 770 740 770 END
START 0 0 0 0 0 0 651 773 769 738 767 END
START 0 0 0 0 0 0 651 773 770 738 763 END
START 0 0 0 0 0 0 652 773 770 739 771 END
START 0 0 0 0 0 0 651 772 769 738 785 END
START 0 0 0 0 0 0 652 772 769 739 778 END
START 0 0 0 0 0 0 651 773 770 738 765 END
START 0 0 0 0 0 0 651 772 770 738 762 END
START 0 0 0 0 0 0 651 772 769 738 762 END
START 0 0 0 0 0 0 652 773 769 738 765 END
START 0 0 0 0 0 0 651 772 770 739 766 END
START 0 0 0 0 0 0 651 772 770 738 766 END
START 0 0 0 0 0 0 652 773 770 738 766 END
START 0 0 0 0 0 0 653 773 769 738 766 END
START 0 0 0 0 0 0 652 773 770 738 767 END
START 0 0 0 0 0 0 653 773 770 737 788 END
START 0 0 0 0 0 0 652 774 770 738 793 END
START 0 0 0 0 0 0 653 774 770 738 787 END
START 0 0 0 0 0 0 654 774 770 738 776 END
START 0 0 0 0 0 0 653 774 770 738 774 END
START 0 0 0 0 0 0 653 774 770 738 780 END
START 0 0 0 0 0 0 653 774 770 739 785 END
START 0 0 0 0 0 0 653 774 770 738 781 END
START 0 0 0 0 0 0 652 773 770 738 773 END
START 0 0 0 0 0 0 653 774 770 738 769 END
START 0 0 0 0 0 0 654 773 770 738 767 END
START 0 0 0 0 0 0 654 773 769 738 765 END
START 0 0 0 0 0 0 653 773 770 738 765 END
START 0 0 0 0 0 0 654 773 770 738 763 END
START 0 0 0 0 0 0 654 772 769 737 760 END
START 0 0 0 0 0 0 654 772 769 738 757 END
START 0 0 0 0 0 0 654 771 769 738 754 END
START 0 0 0 0 0 0 654 772 769 737 751 END
START 0 0 0 0 0 0 654 772 769 738 751 END
START 0 0 0 0 0 0 654 772 769 738 750 END
START 0 0 0 0 0 0 654 771 769 738 748 END
START 0 0 0 0 0 0 654 772 770 738 742 END
START 0 0 0 0 0 0 654 772 769 738 731 END
START 0 0 0 0 0 0 654 772 770 738 728 END
START 0 0 0 0 0 0 655 772 769 738 727 END
START 0 0 0 0 0 0 654 772 770 738 725 END
START 0 0 0 0 0 0 656 772 770 739 726 END
START 0 0 0 0 0 0 655 772 769 738 725 END
START 0 0 0 0 0 0 654 772 769 738 725 END
START 0 0 0 0 0 0 654 772 769 737 726 END
START 0 0 0 0 0 0 654 772 769 738 724 END
START 0 0 0 0 0 0 654 772 769 738 724 END
START 0 0 0 0 0 0 654 772 769 737 723 END
START 0 0 0 0 0 0 654 772 770 737 723 END
START 0 0 0 0 0 0 655 772 770 738 723 END
START 0 0 0 0 0 0 653 771 769 737 722 END
START 0 0 0 0 0 0 654 771 769 737 722 END
