START 0 0 0 0 0 0 573 644 671 735 887 END
START 0 0 0 0 0 0 572 643 671 735 888 END
START 0 0 0 0 0 0 572 643 670 735 888 END
START 0 0 0 0 0 0 573 644 671 735 887 END
START 0 0 0 0 0 0 574 644 671 735 888 END
START 0 0 0 0 0 0 573 644 671 735 888 END
START 0 0 0 0 0 0 573 644 672 735 889 END
START 0 0 0 0 0 0 572 643 671 735 888 END
START 0 0 0 0 0 0 573 644 672 735 889 END
START 0 0 0 0 0 0 572 643 671 734 888 END
START 0 0 0 0 0 0 573 644 672 735 889 END
START 0 0 0 0 0 0 573 643 671 734 888 END
START 0 0 0 0 0 0 572 644 672 735 889 END
START 0 0 0 0 0 0 572 643 671 734 888 END
START 0 0 0 0 0 0 573 644 672 735 888 END
START 0 0 0 0 0 0 573 643 671 735 889 END
START 0 0 0 0 0 0 573 644 672 735 889 END
START 0 0 0 0 0 0 572 643 671 735 889 END
START 0 0 0 0 0 0 572 642 671 734 888 END
START 0 0 0 0 0 0 573 643 672 735 888 END
START 0 0 0 0 0 0 572 642 671 734 888 END
START 0 0 0 0 0 0 572 642 671 734 889 END
START 0 0 0 0 0 0 572 643 671 734 888 END
START 0 0 0 0 0 0 573 643 672 735 888 END
START 0 0 0 0 0 0 572 642 672 735 889 END
START 0 0 0 0 0 0 573 644 672 734 888 END
START 0 0 0 0 0 0 573 644 671 734 888 END
START 0 0 0 0 0 0 572 645 671 735 890 END
START 0 0 0 0 0 0 572 645 670 735 888 END
START 0 0 0 0 0 0 574 645 668 734 888 END
START 0 0 0 0 0 0 576 645 667 734 888 END
START 0 0 0 0 0 0 576 645 666 734 888 END
START 0 0 0 0 0 0 576 644 665 734 887 END
START 0 0 0 0 0 0 577 645 663 734 887 END
START 0 0 0 0 0 0 576 644 663 734 888 END
START 0 0 0 0 0 0 577 645 663 734 887 END
START 0 0 0 0 0 0 576 645 662 734 888 END
START 0 0 0 0 0 0 577 645 662 733 891 END
START 0 0 0 0 0 0 575 644 660 732 887 END
START 0 0 0 0 0 0 576 643 660 733 886 END
START 0 0 0 0 0 0 576 644 661 734 887 END
START 0 0 0 0 0 0 575 642 660 733 887 END
START 0 0 0 0 0 0 574 642 660 733 888 END
START 0 0 0 0 0 0 575 642 660 733 887 END
START 0 0 0 0 0 0 575 642 660 734 886 END
START 0 0 0 0 0 0 575 640 659 733 886 END
START 0 0 0 0 0 0 576 640 659 734 887 END
START 0 0 0 0 0 0 574 639 659 732 886 END
START 0 0 0 0 0 0 574 640 659 733 888 END
START 0 0 0 0 0 0 574 641 660 733 888 END
START 0 0 0 0 0 0 575 641 659 733 887 END
START 0 0 0 0 0 0 575 640 659 732 887 END
START 0 0 0 0 0 0 576 640 659 732 888 END
START 0 0 0 0 0 0 575 639 658 732 886 END
START 0 0 0 0 0 0 576 639 658 732 887 END
START 0 0 0 0 0 0 576 639 657 732 887 END
START 0 0 0 0 0 0 576 639 657 732 887 END
START 0 0 0 0 0 0 576 638 657 731 887 END
START 0 0 0 0 0 0 579 640 658 731 887 END
START 0 0 0 0 0 0 583 640 657 731 886 END
START 0 0 0 0 0 0 589 641 657 729 887 END
START 0 0 0 0 0 0 596 646 660 730 891 END
START 0 0 0 0 0 0 597 651 662 728 891 END
START 0 0 0 0 0 0 597 653 662 727 890 END
START 0 0 0 0 0 0 595 653 662 727 892 END
START 0 0 0 0 0 0 596 655 663 727 894 END
START 0 0 0 0 0 0 598 657 663 725 894 END
START 0 0 0 0 0 0 599 662 664 723 895 END
START 0 0 0 0 0 0 598 667 665 722 893 END
START 0 0 0 0 0 0 593 670 667 722 893 END
START 0 0 0 0 0 0 591 670 665 722 893 END
START 0 0 0 0 0 0 593 670 661 721 891 END
START 0 0 0 0 0 0 596 670 658 721 891 END
START 0 0 0 0 0 0 596 669 656 722 891 END
START 0 0 0 0 0 0 597 667 656 721 890 END
START 0 0 0 0 0 0 596 664 656 722 890 END
START 0 0 0 0 0 0 596 662 657 722 890 END
START 0 0 0 0 0 0 595 659 659 723 890 END
START 0 0 0 0 0 0 593 651 661 725 891 END
START 0 0 0 0 0 0 593 645 662 725 890 END
START 0 0 0 0 0 0 591 636 663 725 890 END
START 0 0 0 0 0 0 592 628 664 725 890 END
START 0 0 0 0 0 0 593 622 664 724 889 END
START 0 0 0 0 0 0 592 618 664 724 888 END
START 0 0 0 0 0 0 593 612 664 725 888 END
START 0 0 0 0 0 0 593 614 665 726 888 END
START 0 0 0 0 0 0 592 621 665 726 888 END
START 0 0 0 0 0 0 593 624 665 725 887 END
START 0 0 0 0 0 0 592 624 665 726 888 END
START 0 0 0 0 0 0 591 622 665 724 887 END
START 0 0 0 0 0 0 592 625 665 724 887 END
START 0 0 0 0 0 0 590 620 664 724 887 END
START 0 0 0 0 0 0 591 620 664 724 887 END
START 0 0 0 0 0 0 592 631 664 724 887 END
START 0 0 0 0 0 0 591 632 664 723 886 END
START 0 0 0 0 0 0 591 632 663 723 886 END
START 0 0 0 0 0 0 590 631 663 724 887 END
START 0 0 0 0 0 0 591 624 663 724 886 END
START 0 0 0 0 0 0 591 621 664 724 887 END
START 0 0 0 0 0 0 591 626 663 724 886 END
START 0 0 0 0 0 0 589 636 663 725 887 END
START 0 0 0 0 0 0 590 639 663 725 886 END
START 0 0 0 0 0 0 589 630 662 724 887 END
START 0 0 0 0 0 0 590 623 663 724 887 END
START 0 0 0 0 0 0 590 619 663 724 886 END
START 0 0 0 0 0 0 589 623 663 724 887 END
START 0 0 0 0 0 0 590 626 662 723 886 END
START 0 0 0 0 0 0 590 628 663 724 886 END
START 0 0 0 0 0 0 590 622 663 723 885 END
START 0 0 0 0 0 0 591 614 663 724 886 END
START 0 0 0 0 0 0 589 609 663 723 885 END
START 0 0 0 0 0 0 590 609 662 723 885 END
START 0 0 0 0 0 0 588 611 658 722 885 END
START 0 0 0 0 0 0 589 613 658 724 887 END
START 0 0 0 0 0 0 590 615 657 722 885 END
START 0 0 0 0 0 0 589 616 657 722 885 END
START 0 0 0 0 0 0 589 618 658 722 886 END
START 0 0 0 0 0 0 593 618 658 722 887 END
START 0 0 0 0 0 0 605 620 660 722 885 END
START 0 0 0 0 0 0 608 620 660 722 884 END
START 0 0 0 0 0 0 611 622 661 723 885 END
START 0 0 0 0 0 0 611 626 660 724 887 END
START 0 0 0 0 0 0 611 633 660 726 889 END
START 0 0 0 0 0 0 609 633 659 727 890 END
START 0 0 0 0 0 0 608 629 659 727 894 END
START 0 0 0 0 0 0 607 627 659 728 896 END
START 0 0 0 0 0 0 604 627 658 726 900 END
START 0 0 0 0 0 0 603 628 658 725 902 END
START 0 0 0 0 0 0 601 627 657 725 901 END
START 0 0 0 0 0 0 602 628 658 725 901 END
START 0 0 0 0 0 0 607 628 660 725 901 END
START 0 0 0 0 0 0 608 628 662 725 902 END
START 0 0 0 0 0 0 609 629 664 726 902 END
START 0 0 0 0 0 0 606 628 672 726 901 END
START 0 0 0 0 0 0 604 627 671 726 901 END
START 0 0 0 0 0 0 602 626 667 726 900 END
START 0 0 0 0 0 0 600 625 665 726 900 END
START 0 0 0 0 0 0 600 624 664 727 900 END
START 0 0 0 0 0 0 598 622 663 726 899 END
START 0 0 0 0 0 0 598 621 661 726 899 END
START 0 0 0 0 0 0 598 619 658 726 899 END
START 0 0 0 0 0 0 601 618 655 726 898 END
START 0 0 0 0 0 0 605 618 655 727 899 END
START 0 0 0 0 0 0 602 616 655 727 899 END
START 0 0 0 0 0 0 600 617 656 728 899 END
START 0 0 0 0 0 0 595 618 658 728 898 END
START 0 0 0 0 0 0 593 618 659 728 899 END
START 0 0 0 0 0 0 591 617 659 728 899 END
START 0 0 0 0 0 0 590 615 660 729 899 END
START 0 0 0 0 0 0 590 614 659 728 899 END
START 0 0 0 0 0 0 589 612 660 729 899 END
START 0 0 0 0 0 0 588 611 660 728 900 END
START 0 0 0 0 0 0 587 616 660 728 898 END
START 0 0 0 0 0 0 586 620 660 728 899 END
START 0 0 0 0 0 0 587 629 660 727 897 END
START 0 0 0 0 0 0 585 641 661 728 899 END
START 0 0 0 0 0 0 585 641 661 727 898 END
START 0 0 0 0 0 0 584 649 661 727 898 END
START 0 0 0 0 0 0 583 651 661 727 898 END
START 0 0 0 0 0 0 583 651 661 726 897 END
START 0 0 0 0 0 0 583 645 660 726 897 END
START 0 0 0 0 0 0 584 635 661 727 898 END
START 0 0 0 0 0 0 583 623 660 726 897 END
START 0 0 0 0 0 0 582 620 661 726 896 END
START 0 0 0 0 0 0 584 627 662 727 897 END
START 0 0 0 0 0 0 583 634 662 727 897 END
START 0 0 0 0 0 0 584 642 663 727 898 END
START 0 0 0 0 0 0 585 647 662 727 897 END
START 0 0 0 0 0 0 584 646 663 727 897 END
START 0 0 0 0 0 0 584 643 663 727 897 END
START 0 0 0 0 0 0 583 640 661 727 897 END
START 0 0 0 0 0 0 584 639 660 727 897 END
START 0 0 0 0 0 0 582 635 659 726 897 END
START 0 0 0 0 0 0 583 636 660 727 897 END
START 0 0 0 0 0 0 583 644 660 727 897 END
START 0 0 0 0 0 0 583 655 661 727 896 END
START 0 0 0 0 0 0 583 652 660 726 896 END
START 0 0 0 0 0 0 582 643 660 727 897 END
START 0 0 0 0 0 0 583 627 661 727 897 END
START 0 0 0 0 0 0 584 614 661 727 896 END
START 0 0 0 0 0 0 582 609 661 727 898 END
START 0 0 0 0 0 0 583 619 661 727 897 END
START 0 0 0 0 0 0 582 632 662 727 896 END
START 0 0 0 0 0 0 583 647 662 726 896 END
START 0 0 0 0 0 0 583 640 661 726 896 END
START 0 0 0 0 0 0 582 624 660 726 896 END
START 0 0 0 0 0 0 583 615 661 727 896 END
START 0 0 0 0 0 0 583 611 661 726 895 END
START 0 0 0 0 0 0 582 611 661 726 896 END
START 0 0 0 0 0 0 583 612 660 726 896 END
START 0 0 0 0 0 0 583 622 662 727 897 END
START 0 0 0 0 0 0 583 633 661 727 896 END
START 0 0 0 0 0 0 582 622 660 726 896 END
START 0 0 0 0 0 0 583 609 660 728 896 END
START 0 0 0 0 0 0 584 608 661 727 896 END
START 0 0 0 0 0 0 583 620 661 726 896 END
START 0 0 0 0 0 0 583 633 661 726 896 END
START 0 0 0 0 0 0 581 630 661 727 896 END
START 0 0 0 0 0 0 583 618 661 727 895 END
START 0 0 0 0 0 0 582 614 660 726 896 END
START 0 0 0 0 0 0 583 613 661 726 896 END
START 0 0 0 0 0 0 582 617 661 726 896 END
START 0 0 0 0 0 0 582 630 661 726 895 END
START 0 0 0 0 0 0 583 638 660 725 895 END
START 0 0 0 0 0 0 581 638 660 725 895 END
START 0 0 0 0 0 0 582 638 660 725 895 END
START 0 0 0 0 0 0 583 639 661 726 896 END
START 0 0 0 0 0 0 582 638 659 725 896 END
START 0 0 0 0 0 0 582 638 659 725 895 END
START 0 0 0 0 0 0 581 640 660 725 895 END
START 0 0 0 0 0 0 585 641 659 724 895 END
START 0 0 0 0 0 0 593 647 661 724 897 END
START 0 0 0 0 0 0 601 658 661 724 897 END
START 0 0 0 0 0 0 605 661 661 723 899 END
START 0 0 0 0 0 0 608 662 662 724 899 END
START 0 0 0 0 0 0 612 663 662 725 899 END
START 0 0 0 0 0 0 610 664 662 725 899 END
START 0 0 0 0 0 0 613 666 662 725 899 END
START 0 0 0 0 0 0 615 669 661 725 898 END
START 0 0 0 0 0 0 611 671 662 727 899 END
START 0 0 0 0 0 0 606 672 662 726 897 END
START 0 0 0 0 0 0 604 669 664 726 898 END
START 0 0 0 0 0 0 603 658 664 725 898 END
START 0 0 0 0 0 0 601 650 664 724 897 END
START 0 0 0 0 0 0 599 647 663 725 897 END
START 0 0 0 0 0 0 598 645 663 725 897 END
START 0 0 0 0 0 0 599 645 663 725 896 END
START 0 0 0 0 0 0 596 643 661 725 897 END
START 0 0 0 0 0 0 596 642 661 725 896 END
START 0 0 0 0 0 0 596 641 660 725 897 END
START 0 0 0 0 0 0 597 637 661 725 897 END
START 0 0 0 0 0 0 597 633 663 726 897 END
START 0 0 0 0 0 0 595 631 662 725 897 END
START 0 0 0 0 0 0 596 634 662 725 897 END
START 0 0 0 0 0 0 596 642 663 725 896 END
START 0 0 0 0 0 0 596 646 663 724 896 END
START 0 0 0 0 0 0 596 652 665 725 897 END
START 0 0 0 0 0 0 596 659 666 723 896 END
START 0 0 0 0 0 0 597 669 666 724 897 END
START 0 0 0 0 0 0 597 668 666 723 896 END
START 0 0 0 0 0 0 598 671 667 724 896 END
START 0 0 0 0 0 0 597 665 666 723 896 END
START 0 0 0 0 0 0 597 655 667 724 896 END
START 0 0 0 0 0 0 597 648 666 724 896 END
START 0 0 0 0 0 0 595 641 666 723 896 END
START 0 0 0 0 0 0 595 639 666 723 895 END
START 0 0 0 0 0 0 595 631 666 724 895 END
START 0 0 0 0 0 0 596 627 667 723 895 END
START 0 0 0 0 0 0 595 620 667 725 895 END
START 0 0 0 0 0 0 594 618 667 726 896 END
START 0 0 0 0 0 0 593 617 666 726 895 END
START 0 0 0 0 0 0 594 619 666 725 895 END
START 0 0 0 0 0 0 593 620 666 725 895 END
START 0 0 0 0 0 0 593 629 666 726 895 END
START 0 0 0 0 0 0 591 643 667 725 896 END
START 0 0 0 0 0 0 592 636 666 724 895 END
START 0 0 0 0 0 0 592 627 667 724 895 END
START 0 0 0 0 0 0 593 627 667 724 895 END
START 0 0 0 0 0 0 592 628 666 724 895 END
START 0 0 0 0 0 0 591 632 666 724 895 END
START 0 0 0 0 0 0 591 631 665 724 894 END
START 0 0 0 0 0 0 591 634 665 724 894 END
START 0 0 0 0 0 0 591 632 664 724 895 END
START 0 0 0 0 0 0 591 633 664 724 895 END
START 0 0 0 0 0 0 590 633 663 723 894 END
START 0 0 0 0 0 0 591 636 663 723 894 END
START 0 0 0 0 0 0 590 636 663 724 894 END
START 0 0 0 0 0 0 592 638 665 724 894 END
START 0 0 0 0 0 0 591 639 664 723 893 END
START 0 0 0 0 0 0 591 647 664 724 895 END
START 0 0 0 0 0 0 592 647 664 723 894 END
START 0 0 0 0 0 0 592 647 664 723 893 END
START 0 0 0 0 0 0 591 641 664 723 893 END
START 0 0 0 0 0 0 591 640 664 724 894 END
START 0 0 0 0 0 0 591 650 665 724 894 END
START 0 0 0 0 0 0 591 661 665 724 894 END
START 0 0 0 0 0 0 591 665 665 723 894 END
START 0 0 0 0 0 0 592 665 665 723 893 END
START 0 0 0 0 0 0 591 665 665 723 893 END
START 0 0 0 0 0 0 592 662 665 723 894 END
START 0 0 0 0 0 0 591 659 665 723 894 END
START 0 0 0 0 0 0 592 660 665 723 893 END
START 0 0 0 0 0 0 592 658 664 723 893 END
START 0 0 0 0 0 0 592 654 664 723 893 END
START 0 0 0 0 0 0 592 652 664 722 893 END
START 0 0 0 0 0 0 592 651 664 723 894 END
START 0 0 0 0 0 0 592 653 664 723 893 END
START 0 0 0 0 0 0 591 658 664 722 893 END
START 0 0 0 0 0 0 591 665 664 723 894 END
START 0 0 0 0 0 0 592 663 664 723 893 END
START 0 0 0 0 0 0 592 659 664 723 893 END
START 0 0 0 0 0 0 590 653 663 722 894 END
START 0 0 0 0 0 0 591 648 663 722 893 END
START 0 0 0 0 0 0 590 643 663 722 893 END
START 0 0 0 0 0 0 590 642 663 722 893 END
START 0 0 0 0 0 0 592 642 664 723 893 END
START 0 0 0 0 0 0 591 642 664 723 893 END
START 0 0 0 0 0 0 590 641 663 722 893 END
START 0 0 0 0 0 0 591 643 664 723 894 END
START 0 0 0 0 0 0 592 644 663 722 893 END
START 0 0 0 0 0 0 591 645 663 722 893 END
START 0 0 0 0 0 0 591 648 664 722 893 END
START 0 0 0 0 0 0 592 652 663 723 893 END
START 0 0 0 0 0 0 591 652 663 722 893 END
START 0 0 0 0 0 0 592 652 663 723 893 END
START 0 0 0 0 0 0 590 649 663 722 893 END
START 0 0 0 0 0 0 591 649 663 723 893 END
START 0 0 0 0 0 0 591 648 663 723 893 END
START 0 0 0 0 0 0 590 648 663 722 893 END
START 0 0 0 0 0 0 590 647 663 722 892 END
START 0 0 0 0 0 0 591 649 663 722 893 END
START 0 0 0 0 0 0 590 649 663 722 893 END
START 0 0 0 0 0 0 589 652 663 722 894 END
START 0 0 0 0 0 0 589 651 663 723 893 END
START 0 0 0 0 0 0 589 651 663 721 893 END
START 0 0 0 0 0 0 587 651 663 721 893 END
START 0 0 0 0 0 0 587 653 664 722 893 END
START 0 0 0 0 0 0 586 654 663 722 893 END
START 0 0 0 0 0 0 587 655 663 722 891 END
START 0 0 0 0 0 0 586 654 662 721 891 END
START 0 0 0 0 0 0 587 653 663 721 890 END
START 0 0 0 0 0 0 587 654 663 722 890 END
START 0 0 0 0 0 0 587 656 663 721 890 END
START 0 0 0 0 0 0 587 662 663 722 890 END
START 0 0 0 0 0 0 586 663 662 722 891 END
START 0 0 0 0 0 0 587 659 663 721 892 END
START 0 0 0 0 0 0 588 650 663 722 891 END
START 0 0 0 0 0 0 587 645 664 723 892 END
START 0 0 0 0 0 0 587 646 664 722 891 END
START 0 0 0 0 0 0 586 657 664 722 891 END
START 0 0 0 0 0 0 588 670 664 722 890 END
START 0 0 0 0 0 0 587 670 664 722 890 END
START 0 0 0 0 0 0 587 661 664 722 890 END
START 0 0 0 0 0 0 587 650 664 722 891 END
START 0 0 0 0 0 0 587 646 664 722 889 END
START 0 0 0 0 0 0 587 647 665 722 891 END
START 0 0 0 0 0 0 588 659 665 722 890 END
START 0 0 0 0 0 0 587 665 664 722 890 END
START 0 0 0 0 0 0 587 664 664 721 890 END
START 0 0 0 0 0 0 587 662 663 722 890 END
START 0 0 0 0 0 0 588 661 663 722 889 END
START 0 0 0 0 0 0 587 658 662 722 890 END
START 0 0 0 0 0 0 588 659 661 722 891 END
START 0 0 0 0 0 0 586 659 658 722 891 END
START 0 0 0 0 0 0 585 659 656 722 891 END
START 0 0 0 0 0 0 584 659 655 721 891 END
START 0 0 0 0 0 0 585 660 653 721 892 END
START 0 0 0 0 0 0 587 662 653 721 892 END
START 0 0 0 0 0 0 587 661 653 721 892 END
START 0 0 0 0 0 0 591 661 655 722 893 END
START 0 0 0 0 0 0 590 659 655 722 892 END
START 0 0 0 0 0 0 591 660 657 721 892 END
START 0 0 0 0 0 0 591 660 658 721 892 END
START 0 0 0 0 0 0 591 661 659 721 892 END
START 0 0 0 0 0 0 591 661 659 721 892 END
START 0 0 0 0 0 0 590 662 660 721 892 END
START 0 0 0 0 0 0 590 663 659 720 892 END
START 0 0 0 0 0 0 590 663 661 720 892 END
START 0 0 0 0 0 0 589 664 662 720 893 END
START 0 0 0 0 0 0 589 666 662 720 893 END
START 0 0 0 0 0 0 591 669 662 720 893 END
START 0 0 0 0 0 0 592 674 664 721 895 END
START 0 0 0 0 0 0 594 675 664 720 893 END
START 0 0 0 0 0 0 594 675 664 720 894 END
START 0 0 0 0 0 0 596 675 663 719 893 END
START 0 0 0 0 0 0 599 675 660 719 892 END
START 0 0 0 0 0 0 598 675 660 719 892 END
START 0 0 0 0 0 0 597 676 659 719 893 END
START 0 0 0 0 0 0 598 677 661 719 893 END
START 0 0 0 0 0 0 595 677 664 719 892 END
START 0 0 0 0 0 0 593 677 665 719 892 END
START 0 0 0 0 0 0 593 677 663 719 891 END
START 0 0 0 0 0 0 594 675 659 719 891 END
START 0 0 0 0 0 0 592 674 660 719 893 END
START 0 0 0 0 0 0 594 675 663 719 892 END
START 0 0 0 0 0 0 597 675 665 719 892 END
START 0 0 0 0 0 0 597 678 667 719 892 END
START 0 0 0 0 0 0 598 682 668 719 893 END
START 0 0 0 0 0 0 598 682 668 718 892 END
START 0 0 0 0 0 0 599 684 667 717 893 END
START 0 0 0 0 0 0 596 685 664 717 892 END
START 0 0 0 0 0 0 594 684 661 716 891 END
START 0 0 0 0 0 0 595 683 661 716 891 END
START 0 0 0 0 0 0 593 681 661 716 892 END
START 0 0 0 0 0 0 593 680 661 716 891 END
START 0 0 0 0 0 0 593 680 660 715 890 END
START 0 0 0 0 0 0 593 679 660 716 891 END
START 0 0 0 0 0 0 591 678 660 715 891 END
START 0 0 0 0 0 0 593 679 661 715 890 END
START 0 0 0 0 0 0 595 678 661 715 890 END
START 0 0 0 0 0 0 596 677 662 715 890 END
START 0 0 0 0 0 0 597 677 661 716 892 END
START 0 0 0 0 0 0 595 677 661 716 891 END
START 0 0 0 0 0 0 594 676 662 717 891 END
START 0 0 0 0 0 0 594 675 664 717 891 END
START 0 0 0 0 0 0 592 675 664 717 891 END
START 0 0 0 0 0 0 592 676 664 716 891 END
START 0 0 0 0 0 0 590 675 663 716 891 END
START 0 0 0 0 0 0 590 675 663 716 891 END
START 0 0 0 0 0 0 590 675 663 716 891 END
