START 0 0 0 0 0 0 706 585 563 759 905 END
START 0 0 0 0 0 0 707 586 563 759 904 END
START 0 0 0 0 0 0 708 586 563 759 905 END
START 0 0 0 0 0 0 709 587 564 759 906 END
START 0 0 0 0 0 0 708 588 565 758 905 END
START 0 0 0 0 0 0 707 588 565 756 905 END
START 0 0 0 0 0 0 706 589 566 755 906 END
START 0 0 0 0 0 0 706 589 567 755 906 END
START 0 0 0 0 0 0 705 590 568 754 906 END
START 0 0 0 0 0 0 705 591 569 754 906 END
START 0 0 0 0 0 0 705 592 570 753 906 END
START 0 0 0 0 0 0 705 592 570 752 905 END
START 0 0 0 0 0 0 702 594 571 751 905 END
START 0 0 0 0 0 0 702 595 570 751 905 END
START 0 0 0 0 0 0 701 596 570 751 905 END
START 0 0 0 0 0 0 704 595 570 752 904 END
START 0 0 0 0 0 0 716 593 570 760 906 END
START 0 0 0 0 0 0 707 592 572 758 906 END
START 0 0 0 0 0 0 691 593 572 761 905 END
START 0 0 0 0 0 0 678 593 572 763 903 END
START 0 0 0 0 0 0 669 594 572 765 902 END
START 0 0 0 0 0 0 665 594 572 765 903 END
START 0 0 0 0 0 0 660 594 571 767 903 END
START 0 0 0 0 0 0 653 595 569 770 902 END
START 0 0 0 0 0 0 648 595 563 771 898 END
START 0 0 0 0 0 0 643 595 561 771 897 END
START 0 0 0 0 0 0 637 595 560 771 896 END
START 0 0 0 0 0 0 629 596 560 770 895 END
START 0 0 0 0 0 0 620 596 559 766 897 END
START 0 0 0 0 0 0 612 598 560 764 895 END
START 0 0 0 0 0 0 610 598 560 763 894 END
START 0 0 0 0 0 0 608 598 561 763 894 END
START 0 0 0 0 0 0 608 598 562 763 895 END
START 0 0 0 0 0 0 612 598 562 767 896 END
START 0 0 0 0 0 0 623 598 563 774 899 END
START 0 0 0 0 0 0 632 597 563 776 902 END
START 0 0 0 0 0 0 646 597 563 779 905 END
START 0 0 0 0 0 0 660 596 563 778 908 END
START 0 0 0 0 0 0 671 595 561 777 910 END
START 0 0 0 0 0 0 699 595 561 772 912 END
START 0 0 0 0 0 0 711 595 562 769 911 END
START 0 0 0 0 0 0 714 596 562 767 910 END
START 0 0 0 0 0 0 722 596 561 764 910 END
START 0 0 0 0 0 0 725 595 560 763 909 END
START 0 0 0 0 0 0 727 593 560 763 909 END
START 0 0 0 0 0 0 730 590 559 764 910 END
START 0 0 0 0 0 0 730 585 558 759 909 END
START 0 0 0 0 0 0 728 582 559 756 907 END
START 0 0 0 0 0 0 727 581 558 755 906 END
START 0 0 0 0 0 0 726 579 557 754 905 END
START 0 0 0 0 0 0 725 578 553 755 905 END
START 0 0 0 0 0 0 724 577 551 755 905 END
START 0 0 0 0 0 0 724 576 550 754 907 END
START 0 0 0 0 0 0 723 575 550 754 907 END
START 0 0 0 0 0 0 724 575 550 755 906 END
START 0 0 0 0 0 0 724 575 549 755 904 END
START 0 0 0 0 0 0 724 574 548 754 906 END
START 0 0 0 0 0 0 723 574 548 755 905 END
START 0 0 0 0 0 0 723 573 547 754 902 END
START 0 0 0 0 0 0 721 573 546 753 902 END
START 0 0 0 0 0 0 719 573 546 753 903 END
START 0 0 0 0 0 0 719 573 545 754 901 END
START 0 0 0 0 0 0 713 573 538 761 901 END
START 0 0 0 0 0 0 706 573 540 768 905 END
START 0 0 0 0 0 0 700 574 545 770 907 END
START 0 0 0 0 0 0 698 575 552 771 907 END
START 0 0 0 0 0 0 705 575 557 769 908 END
START 0 0 0 0 0 0 707 575 558 766 907 END
START 0 0 0 0 0 0 706 576 556 766 907 END
START 0 0 0 0 0 0 709 575 554 764 907 END
START 0 0 0 0 0 0 711 575 551 761 906 END
START 0 0 0 0 0 0 711 574 547 758 906 END
START 0 0 0 0 0 0 713 574 546 755 904 END
START 0 0 0 0 0 0 714 574 548 752 903 END
START 0 0 0 0 0 0 714 573 548 751 902 END
START 0 0 0 0 0 0 715 573 547 751 901 END
START 0 0 0 0 0 0 714 573 546 751 901 END
START 0 0 0 0 0 0 713 573 546 751 900 END
START 0 0 0 0 0 0 713 573 545 751 899 END
START 0 0 0 0 0 0 712 573 544 751 899 END
START 0 0 0 0 0 0 711 573 543 751 899 END
START 0 0 0 0 0 0 710 573 543 751 899 END
START 0 0 0 0 0 0 710 573 541 752 898 END
START 0 0 0 0 0 0 709 573 540 751 898 END
START 0 0 0 0 0 0 706 573 538 756 898 END
START 0 0 0 0 0 0 700 573 537 761 899 END
START 0 0 0 0 0 0 695 573 538 762 900 END
START 0 0 0 0 0 0 691 573 538 762 899 END
START 0 0 0 0 0 0 689 573 538 762 899 END
START 0 0 0 0 0 0 689 573 537 760 899 END
START 0 0 0 0 0 0 690 573 538 757 898 END
START 0 0 0 0 0 0 691 573 539 755 898 END
START 0 0 0 0 0 0 689 573 541 754 897 END
START 0 0 0 0 0 0 688 573 542 752 896 END
START 0 0 0 0 0 0 687 573 541 751 894 END
START 0 0 0 0 0 0 687 573 542 750 894 END
START 0 0 0 0 0 0 687 573 541 750 893 END
START 0 0 0 0 0 0 688 573 541 750 892 END
START 0 0 0 0 0 0 689 572 541 750 892 END
START 0 0 0 0 0 0 689 573 540 750 891 END
START 0 0 0 0 0 0 690 573 540 750 891 END
START 0 0 0 0 0 0 691 572 540 750 891 END
START 0 0 0 0 0 0 691 572 539 749 891 END
START 0 0 0 0 0 0 691 573 538 750 891 END
START 0 0 0 0 0 0 693 572 538 749 890 END
START 0 0 0 0 0 0 693 572 538 749 891 END
START 0 0 0 0 0 0 693 572 538 749 890 END
START 0 0 0 0 0 0 693 572 538 749 890 END
START 0 0 0 0 0 0 692 572 537 750 890 END
START 0 0 0 0 0 0 690 572 534 754 890 END
START 0 0 0 0 0 0 691 572 534 759 893 END
START 0 0 0 0 0 0 694 572 535 765 897 END
START 0 0 0 0 0 0 695 573 537 768 901 END
START 0 0 0 0 0 0 696 573 540 768 901 END
START 0 0 0 0 0 0 696 573 543 765 901 END
START 0 0 0 0 0 0 696 574 543 763 899 END
START 0 0 0 0 0 0 696 574 544 761 899 END
START 0 0 0 0 0 0 696 574 545 758 897 END
START 0 0 0 0 0 0 695 575 545 756 897 END
START 0 0 0 0 0 0 694 575 546 754 896 END
START 0 0 0 0 0 0 691 576 549 753 895 END
START 0 0 0 0 0 0 689 577 557 754 895 END
START 0 0 0 0 0 0 690 578 560 752 895 END
START 0 0 0 0 0 0 691 578 562 752 895 END
START 0 0 0 0 0 0 692 578 563 752 895 END
START 0 0 0 0 0 0 693 579 564 752 895 END
START 0 0 0 0 0 0 695 578 563 753 894 END
START 0 0 0 0 0 0 695 578 563 753 894 END
START 0 0 0 0 0 0 697 578 563 754 893 END
START 0 0 0 0 0 0 700 577 562 756 894 END
START 0 0 0 0 0 0 702 577 561 758 894 END
START 0 0 0 0 0 0 707 577 561 762 896 END
START 0 0 0 0 0 0 707 577 564 765 898 END
START 0 0 0 0 0 0 706 577 564 767 899 END
START 0 0 0 0 0 0 700 577 565 768 900 END
START 0 0 0 0 0 0 693 577 565 768 902 END
START 0 0 0 0 0 0 683 578 565 770 899 END
START 0 0 0 0 0 0 677 578 565 770 899 END
START 0 0 0 0 0 0 674 578 564 769 900 END
START 0 0 0 0 0 0 673 578 564 769 900 END
START 0 0 0 0 0 0 672 578 564 770 900 END
START 0 0 0 0 0 0 671 578 564 770 900 END
START 0 0 0 0 0 0 670 578 564 769 900 END
START 0 0 0 0 0 0 669 579 564 770 899 END
START 0 0 0 0 0 0 681 580 566 767 900 END
START 0 0 0 0 0 0 696 581 567 763 897 END
START 0 0 0 0 0 0 697 582 567 763 897 END
START 0 0 0 0 0 0 704 582 567 761 899 END
START 0 0 0 0 0 0 704 583 568 761 896 END
START 0 0 0 0 0 0 704 584 570 761 896 END
START 0 0 0 0 0 0 705 584 571 761 898 END
START 0 0 0 0 0 0 704 584 571 759 896 END
START 0 0 0 0 0 0 704 584 571 758 897 END
START 0 0 0 0 0 0 701 585 572 755 895 END
START 0 0 0 0 0 0 698 587 574 752 894 END
START 0 0 0 0 0 0 694 588 574 750 896 END
START 0 0 0 0 0 0 692 590 574 749 894 END
START 0 0 0 0 0 0 690 590 574 748 895 END
START 0 0 0 0 0 0 689 590 573 747 895 END
START 0 0 0 0 0 0 689 590 573 747 894 END
START 0 0 0 0 0 0 688 590 573 747 895 END
START 0 0 0 0 0 0 688 590 572 747 895 END
START 0 0 0 0 0 0 688 590 572 747 894 END
START 0 0 0 0 0 0 688 590 571 746 895 END
START 0 0 0 0 0 0 689 588 570 746 894 END
START 0 0 0 0 0 0 693 587 568 748 894 END
START 0 0 0 0 0 0 705 585 567 760 893 END
START 0 0 0 0 0 0 703 583 565 765 895 END
START 0 0 0 0 0 0 683 583 566 766 896 END
START 0 0 0 0 0 0 667 584 566 770 896 END
START 0 0 0 0 0 0 654 584 565 772 896 END
START 0 0 0 0 0 0 647 583 566 775 897 END
START 0 0 0 0 0 0 643 584 566 775 897 END
START 0 0 0 0 0 0 640 583 567 776 896 END
START 0 0 0 0 0 0 639 584 566 777 896 END
START 0 0 0 0 0 0 637 584 565 778 896 END
START 0 0 0 0 0 0 636 584 564 778 895 END
START 0 0 0 0 0 0 637 584 564 775 894 END
START 0 0 0 0 0 0 638 585 565 774 895 END
START 0 0 0 0 0 0 639 585 565 773 895 END
START 0 0 0 0 0 0 638 586 566 772 897 END
START 0 0 0 0 0 0 636 588 569 772 897 END
START 0 0 0 0 0 0 634 589 570 771 897 END
START 0 0 0 0 0 0 632 591 570 771 897 END
START 0 0 0 0 0 0 624 592 570 769 894 END
START 0 0 0 0 0 0 613 594 572 766 893 END
START 0 0 0 0 0 0 601 594 573 764 894 END
START 0 0 0 0 0 0 595 595 574 763 894 END
START 0 0 0 0 0 0 592 597 576 763 893 END
START 0 0 0 0 0 0 589 598 579 763 895 END
START 0 0 0 0 0 0 584 601 582 764 894 END
START 0 0 0 0 0 0 576 604 586 765 897 END
START 0 0 0 0 0 0 573 607 590 766 900 END
START 0 0 0 0 0 0 573 609 595 766 901 END
START 0 0 0 0 0 0 572 610 597 767 902 END
START 0 0 0 0 0 0 571 613 600 767 904 END
START 0 0 0 0 0 0 571 616 602 767 904 END
START 0 0 0 0 0 0 571 615 599 767 902 END
START 0 0 0 0 0 0 574 614 593 766 900 END
START 0 0 0 0 0 0 580 613 588 766 899 END
START 0 0 0 0 0 0 593 611 585 766 900 END
START 0 0 0 0 0 0 602 609 581 766 899 END
START 0 0 0 0 0 0 624 606 576 765 897 END
START 0 0 0 0 0 0 633 601 570 765 897 END
START 0 0 0 0 0 0 645 594 562 766 895 END
START 0 0 0 0 0 0 654 589 557 763 899 END
START 0 0 0 0 0 0 678 578 550 758 901 END
START 0 0 0 0 0 0 677 578 550 757 900 END
START 0 0 0 0 0 0 678 577 549 757 898 END
START 0 0 0 0 0 0 681 577 547 756 898 END
START 0 0 0 0 0 0 684 576 546 756 898 END
START 0 0 0 0 0 0 688 575 545 755 899 END
START 0 0 0 0 0 0 688 575 541 756 898 END
START 0 0 0 0 0 0 688 575 539 757 898 END
START 0 0 0 0 0 0 688 575 538 756 898 END
START 0 0 0 0 0 0 688 575 537 757 899 END
START 0 0 0 0 0 0 690 575 537 757 898 END
START 0 0 0 0 0 0 691 575 537 756 896 END
START 0 0 0 0 0 0 692 576 538 755 895 END
START 0 0 0 0 0 0 692 576 540 754 896 END
START 0 0 0 0 0 0 691 576 541 753 895 END
START 0 0 0 0 0 0 691 576 543 753 895 END
START 0 0 0 0 0 0 690 576 543 753 895 END
START 0 0 0 0 0 0 687 576 542 752 895 END
START 0 0 0 0 0 0 686 576 541 751 894 END
START 0 0 0 0 0 0 684 576 538 752 893 END
START 0 0 0 0 0 0 683 576 536 752 892 END
START 0 0 0 0 0 0 683 576 536 754 892 END
START 0 0 0 0 0 0 687 577 537 754 893 END
START 0 0 0 0 0 0 688 577 538 753 893 END
START 0 0 0 0 0 0 688 577 539 754 894 END
START 0 0 0 0 0 0 685 578 540 755 894 END
START 0 0 0 0 0 0 675 578 542 758 894 END
START 0 0 0 0 0 0 665 578 542 759 895 END
START 0 0 0 0 0 0 662 577 542 760 896 END
START 0 0 0 0 0 0 660 577 541 760 896 END
START 0 0 0 0 0 0 659 577 540 761 897 END
START 0 0 0 0 0 0 657 576 540 761 897 END
START 0 0 0 0 0 0 657 576 539 761 899 END
START 0 0 0 0 0 0 657 576 539 761 897 END
START 0 0 0 0 0 0 657 575 538 761 895 END
START 0 0 0 0 0 0 657 576 538 761 895 END
START 0 0 0 0 0 0 657 575 538 761 895 END
START 0 0 0 0 0 0 656 575 538 760 896 END
START 0 0 0 0 0 0 657 575 538 760 894 END
START 0 0 0 0 0 0 656 575 539 760 894 END
START 0 0 0 0 0 0 656 575 541 759 894 END
START 0 0 0 0 0 0 656 575 541 758 893 END
START 0 0 0 0 0 0 657 575 542 757 893 END
START 0 0 0 0 0 0 657 575 542 756 893 END
START 0 0 0 0 0 0 657 575 539 756 892 END
START 0 0 0 0 0 0 658 575 538 755 892 END
START 0 0 0 0 0 0 658 574 537 755 891 END
START 0 0 0 0 0 0 659 574 537 755 891 END
START 0 0 0 0 0 0 659 574 537 755 891 END
START 0 0 0 0 0 0 660 574 537 754 890 END
START 0 0 0 0 0 0 661 574 536 754 891 END
START 0 0 0 0 0 0 661 574 536 754 891 END
START 0 0 0 0 0 0 662 573 537 754 890 END
START 0 0 0 0 0 0 663 573 542 753 890 END
START 0 0 0 0 0 0 664 573 545 752 889 END
START 0 0 0 0 0 0 665 573 546 751 889 END
START 0 0 0 0 0 0 665 573 547 751 889 END
START 0 0 0 0 0 0 664 578 547 751 889 END
START 0 0 0 0 0 0 663 582 545 750 890 END
START 0 0 0 0 0 0 663 588 544 750 889 END
START 0 0 0 0 0 0 663 588 544 750 888 END
START 0 0 0 0 0 0 665 580 558 751 889 END
START 0 0 0 0 0 0 665 577 569 751 889 END
START 0 0 0 0 0 0 665 575 568 751 888 END
START 0 0 0 0 0 0 664 577 558 751 888 END
START 0 0 0 0 0 0 663 583 550 750 889 END
START 0 0 0 0 0 0 663 581 546 749 889 END
START 0 0 0 0 0 0 662 577 549 749 889 END
START 0 0 0 0 0 0 663 574 553 750 888 END
START 0 0 0 0 0 0 664 573 560 750 888 END
START 0 0 0 0 0 0 663 573 558 750 887 END
START 0 0 0 0 0 0 663 574 551 749 889 END
START 0 0 0 0 0 0 662 579 547 749 889 END
START 0 0 0 0 0 0 662 578 544 749 888 END
START 0 0 0 0 0 0 662 576 552 749 887 END
START 0 0 0 0 0 0 663 574 560 750 888 END
START 0 0 0 0 0 0 663 573 563 750 888 END
START 0 0 0 0 0 0 662 575 555 749 888 END
START 0 0 0 0 0 0 661 587 547 749 888 END
START 0 0 0 0 0 0 660 586 544 749 889 END
START 0 0 0 0 0 0 660 584 543 749 888 END
START 0 0 0 0 0 0 661 577 546 749 888 END
START 0 0 0 0 0 0 661 574 547 750 887 END
START 0 0 0 0 0 0 661 573 546 750 887 END
START 0 0 0 0 0 0 660 573 548 750 888 END
START 0 0 0 0 0 0 659 579 547 750 888 END
START 0 0 0 0 0 0 658 600 543 750 888 END
START 0 0 0 0 0 0 658 592 541 750 887 END
START 0 0 0 0 0 0 657 581 546 750 886 END
START 0 0 0 0 0 0 658 576 549 750 887 END
START 0 0 0 0 0 0 658 575 545 750 887 END
START 0 0 0 0 0 0 658 575 544 749 887 END
START 0 0 0 0 0 0 658 576 544 748 887 END
START 0 0 0 0 0 0 658 576 548 748 887 END
START 0 0 0 0 0 0 659 576 550 748 887 END
START 0 0 0 0 0 0 659 576 549 748 886 END
START 0 0 0 0 0 0 658 575 547 748 886 END
START 0 0 0 0 0 0 658 575 546 747 886 END
START 0 0 0 0 0 0 657 575 544 747 886 END
START 0 0 0 0 0 0 658 574 543 747 886 END
START 0 0 0 0 0 0 659 574 543 747 887 END
START 0 0 0 0 0 0 658 575 539 744 891 END
START 0 0 0 0 0 0 660 576 539 745 890 END
START 0 0 0 0 0 0 660 575 539 745 891 END
START 0 0 0 0 0 0 659 576 538 745 891 END
START 0 0 0 0 0 0 659 576 538 745 891 END
START 0 0 0 0 0 0 658 576 538 745 890 END
START 0 0 0 0 0 0 658 576 538 746 891 END
START 0 0 0 0 0 0 657 576 538 747 892 END
START 0 0 0 0 0 0 657 578 538 747 892 END
START 0 0 0 0 0 0 658 578 538 746 893 END
START 0 0 0 0 0 0 660 579 539 746 894 END
START 0 0 0 0 0 0 661 579 539 745 892 END
START 0 0 0 0 0 0 661 582 538 745 892 END
START 0 0 0 0 0 0 661 581 538 744 892 END
START 0 0 0 0 0 0 662 581 538 744 891 END
START 0 0 0 0 0 0 662 581 537 743 891 END
START 0 0 0 0 0 0 664 581 537 744 892 END
START 0 0 0 0 0 0 665 579 537 745 893 END
START 0 0 0 0 0 0 666 578 537 745 893 END
START 0 0 0 0 0 0 666 576 537 744 892 END
START 0 0 0 0 0 0 666 576 536 744 893 END
START 0 0 0 0 0 0 666 576 536 744 894 END
START 0 0 0 0 0 0 665 576 536 744 891 END
START 0 0 0 0 0 0 666 576 536 743 892 END
START 0 0 0 0 0 0 666 576 536 744 893 END
START 0 0 0 0 0 0 669 576 536 745 893 END
START 0 0 0 0 0 0 669 576 535 744 892 END
START 0 0 0 0 0 0 669 576 535 744 891 END
START 0 0 0 0 0 0 669 576 535 744 891 END
START 0 0 0 0 0 0 669 576 535 744 891 END
START 0 0 0 0 0 0 669 576 535 744 890 END
START 0 0 0 0 0 0 669 576 535 743 892 END
START 0 0 0 0 0 0 668 576 535 743 890 END
START 0 0 0 0 0 0 672 577 536 746 896 END
START 0 0 0 0 0 0 675 577 537 747 897 END
START 0 0 0 0 0 0 682 578 539 751 898 END
START 0 0 0 0 0 0 686 579 543 753 900 END
START 0 0 0 0 0 0 684 580 545 752 898 END
START 0 0 0 0 0 0 683 581 546 752 900 END
START 0 0 0 0 0 0 685 583 550 753 900 END
START 0 0 0 0 0 0 696 586 555 752 900 END
START 0 0 0 0 0 0 701 588 560 749 901 END
START 0 0 0 0 0 0 702 589 563 748 901 END
START 0 0 0 0 0 0 702 590 563 746 900 END
START 0 0 0 0 0 0 702 590 564 746 898 END
START 0 0 0 0 0 0 702 591 565 745 898 END
START 0 0 0 0 0 0 701 591 565 744 897 END
START 0 0 0 0 0 0 699 592 566 744 898 END
START 0 0 0 0 0 0 704 592 567 746 898 END
START 0 0 0 0 0 0 705 593 568 750 900 END
START 0 0 0 0 0 0 700 593 569 750 898 END
START 0 0 0 0 0 0 699 594 569 750 897 END
START 0 0 0 0 0 0 704 595 572 751 898 END
START 0 0 0 0 0 0 705 600 576 751 898 END
START 0 0 0 0 0 0 702 604 579 746 899 END
START 0 0 0 0 0 0 699 607 580 744 899 END
START 0 0 0 0 0 0 698 609 581 744 899 END
START 0 0 0 0 0 0 697 611 580 742 899 END
START 0 0 0 0 0 0 697 611 579 742 899 END
START 0 0 0 0 0 0 696 611 579 741 898 END
START 0 0 0 0 0 0 697 609 578 742 897 END
START 0 0 0 0 0 0 699 606 577 744 896 END
START 0 0 0 0 0 0 711 605 576 754 896 END
START 0 0 0 0 0 0 712 604 574 755 899 END
START 0 0 0 0 0 0 702 603 573 756 898 END
START 0 0 0 0 0 0 695 601 570 756 896 END
START 0 0 0 0 0 0 696 597 564 755 894 END
START 0 0 0 0 0 0 696 592 557 753 894 END
START 0 0 0 0 0 0 698 587 556 752 893 END
START 0 0 0 0 0 0 699 583 554 752 894 END
START 0 0 0 0 0 0 700 582 552 750 892 END
START 0 0 0 0 0 0 699 580 550 750 891 END
START 0 0 0 0 0 0 698 580 549 750 890 END
START 0 0 0 0 0 0 698 579 548 750 891 END
START 0 0 0 0 0 0 697 579 547 750 890 END
START 0 0 0 0 0 0 696 579 544 751 891 END
START 0 0 0 0 0 0 690 579 544 755 890 END
START 0 0 0 0 0 0 666 580 549 761 891 END
START 0 0 0 0 0 0 642 581 554 764 889 END
START 0 0 0 0 0 0 624 582 556 766 886 END
START 0 0 0 0 0 0 614 583 556 763 884 END
START 0 0 0 0 0 0 610 584 557 760 882 END
START 0 0 0 0 0 0 609 585 557 760 882 END
START 0 0 0 0 0 0 607 586 557 760 884 END
START 0 0 0 0 0 0 605 587 557 759 886 END
START 0 0 0 0 0 0 600 588 556 760 883 END
START 0 0 0 0 0 0 593 589 557 759 878 END
START 0 0 0 0 0 0 585 590 557 759 878 END
START 0 0 0 0 0 0 580 592 559 758 877 END
START 0 0 0 0 0 0 575 593 559 759 877 END
START 0 0 0 0 0 0 574 593 559 759 877 END
START 0 0 0 0 0 0 579 591 557 763 879 END
START 0 0 0 0 0 0 596 588 555 766 892 END
