START 0 0 0 0 0 0 667 666 571 758 896 END
START 0 0 0 0 0 0 668 665 571 759 896 END
START 0 0 0 0 0 0 667 665 571 759 897 END
START 0 0 0 0 0 0 668 666 571 759 896 END
START 0 0 0 0 0 0 667 665 571 759 896 END
START 0 0 0 0 0 0 668 665 571 759 897 END
START 0 0 0 0 0 0 667 665 571 758 896 END
START 0 0 0 0 0 0 668 666 571 759 896 END
START 0 0 0 0 0 0 667 666 571 758 895 END
START 0 0 0 0 0 0 668 665 571 759 896 END
START 0 0 0 0 0 0 667 666 571 759 896 END
START 0 0 0 0 0 0 667 665 571 759 896 END
START 0 0 0 0 0 0 667 665 571 758 896 END
START 0 0 0 0 0 0 667 666 571 759 896 END
START 0 0 0 0 0 0 666 665 571 759 896 END
START 0 0 0 0 0 0 667 666 571 759 896 END
START 0 0 0 0 0 0 667 666 571 758 896 END
START 0 0 0 0 0 0 667 666 571 759 896 END
START 0 0 0 0 0 0 667 666 571 758 896 END
START 0 0 0 0 0 0 667 666 571 759 896 END
START 0 0 0 0 0 0 666 666 571 758 896 END
START 0 0 0 0 0 0 667 665 571 758 897 END
START 0 0 0 0 0 0 667 665 571 758 896 END
START 0 0 0 0 0 0 667 666 571 759 896 END
START 0 0 0 0 0 0 666 666 571 758 896 END
START 0 0 0 0 0 0 667 666 571 759 896 END
START 0 0 0 0 0 0 666 666 571 758 896 END
START 0 0 0 0 0 0 667 666 571 758 895 END
START 0 0 0 0 0 0 666 665 571 758 896 END
START 0 0 0 0 0 0 667 666 571 759 896 END
START 0 0 0 0 0 0 667 666 571 758 895 END
START 0 0 0 0 0 0 667 666 571 758 896 END
START 0 0 0 0 0 0 666 665 572 758 896 END
START 0 0 0 0 0 0 667 666 571 758 896 END
START 0 0 0 0 0 0 666 666 572 758 895 END
START 0 0 0 0 0 0 667 666 571 759 896 END
START 0 0 0 0 0 0 667 666 572 757 895 END
START 0 0 0 0 0 0 667 665 571 758 896 END
START 0 0 0 0 0 0 666 665 572 757 896 END
START 0 0 0 0 0 0 667 665 571 758 896 END
START 0 0 0 0 0 0 667 665 571 758 895 END
START 0 0 0 0 0 0 666 666 571 758 896 END
START 0 0 0 0 0 0 666 666 572 758 895 END
START 0 0 0 0 0 0 667 665 571 757 896 END
START 0 0 0 0 0 0 666 665 571 757 895 END
START 0 0 0 0 0 0 666 666 571 758 896 END
START 0 0 0 0 0 0 666 665 572 758 895 END
START 0 0 0 0 0 0 666 664 572 758 896 END
START 0 0 0 0 0 0 666 665 572 757 896 END
START 0 0 0 0 0 0 667 665 572 758 896 END
START 0 0 0 0 0 0 666 665 572 758 895 END
START 0 0 0 0 0 0 667 665 572 758 895 END
START 0 0 0 0 0 0 666 665 572 758 895 END
START 0 0 0 0 0 0 666 665 572 758 895 END
START 0 0 0 0 0 0 666 665 572 757 895 END
START 0 0 0 0 0 0 666 665 572 758 895 END
START 0 0 0 0 0 0 666 665 572 757 896 END
START 0 0 0 0 0 0 666 665 572 758 895 END
START 0 0 0 0 0 0 666 666 572 758 896 END
START 0 0 0 0 0 0 666 666 572 758 895 END
START 0 0 0 0 0 0 666 666 572 757 895 END
START 0 0 0 0 0 0 666 666 572 758 895 END
START 0 0 0 0 0 0 666 666 572 757 895 END
START 0 0 0 0 0 0 666 666 572 758 895 END
START 0 0 0 0 0 0 665 666 572 757 895 END
START 0 0 0 0 0 0 666 666 572 758 895 END
START 0 0 0 0 0 0 666 667 572 757 895 END
START 0 0 0 0 0 0 666 667 572 757 895 END
START 0 0 0 0 0 0 665 667 572 757 896 END
START 0 0 0 0 0 0 666 666 572 758 895 END
START 0 0 0 0 0 0 665 666 572 757 896 END
START 0 0 0 0 0 0 666 666 572 757 895 END
START 0 0 0 0 0 0 666 667 572 757 897 END
START 0 0 0 0 0 0 666 666 572 757 895 END
START 0 0 0 0 0 0 665 667 572 757 895 END
START 0 0 0 0 0 0 666 666 572 757 895 END
START 0 0 0 0 0 0 665 666 572 757 895 END
START 0 0 0 0 0 0 666 666 572 757 895 END
START 0 0 0 0 0 0 665 666 572 757 896 END
START 0 0 0 0 0 0 666 666 572 758 895 END
START 0 0 0 0 0 0 665 666 572 757 896 END
START 0 0 0 0 0 0 666 666 572 758 895 END
START 0 0 0 0 0 0 665 666 572 756 895 END
START 0 0 0 0 0 0 665 665 572 757 895 END
START 0 0 0 0 0 0 665 666 572 757 895 END
START 0 0 0 0 0 0 665 666 572 757 895 END
START 0 0 0 0 0 0 665 666 572 757 895 END
START 0 0 0 0 0 0 665 666 572 757 895 END
START 0 0 0 0 0 0 665 666 572 757 896 END
START 0 0 0 0 0 0 665 666 572 757 895 END
START 0 0 0 0 0 0 664 667 572 757 896 END
START 0 0 0 0 0 0 665 667 572 757 895 END
START 0 0 0 0 0 0 664 668 572 757 896 END
START 0 0 0 0 0 0 665 667 572 757 896 END
START 0 0 0 0 0 0 664 668 572 757 896 END
START 0 0 0 0 0 0 665 667 573 757 895 END
START 0 0 0 0 0 0 664 668 573 756 895 END
START 0 0 0 0 0 0 664 668 573 757 895 END
START 0 0 0 0 0 0 664 669 573 757 895 END
START 0 0 0 0 0 0 664 668 573 757 895 END
START 0 0 0 0 0 0 664 668 573 756 895 END
START 0 0 0 0 0 0 664 668 573 757 895 END
START 0 0 0 0 0 0 664 668 573 756 896 END
START 0 0 0 0 0 0 664 668 573 757 896 END
START 0 0 0 0 0 0 664 668 573 757 897 END
START 0 0 0 0 0 0 665 668 572 756 897 END
START 0 0 0 0 0 0 665 669 573 758 898 END
START 0 0 0 0 0 0 665 669 573 756 896 END
START 0 0 0 0 0 0 665 670 573 756 897 END
START 0 0 0 0 0 0 666 670 573 756 896 END
START 0 0 0 0 0 0 665 670 574 756 897 END
START 0 0 0 0 0 0 665 671 573 756 896 END
START 0 0 0 0 0 0 665 670 573 755 897 END
START 0 0 0 0 0 0 665 669 573 756 897 END
START 0 0 0 0 0 0 665 669 573 756 897 END
START 0 0 0 0 0 0 665 669 573 756 897 END
START 0 0 0 0 0 0 665 669 573 755 897 END
START 0 0 0 0 0 0 665 669 573 756 897 END
START 0 0 0 0 0 0 665 670 573 755 897 END
START 0 0 0 0 0 0 665 670 573 756 897 END
START 0 0 0 0 0 0 664 670 573 755 896 END
START 0 0 0 0 0 0 665 670 573 755 896 END
START 0 0 0 0 0 0 664 670 573 755 896 END
START 0 0 0 0 0 0 665 670 573 755 897 END
START 0 0 0 0 0 0 664 671 573 755 897 END
START 0 0 0 0 0 0 664 671 573 756 896 END
START 0 0 0 0 0 0 664 671 573 755 896 END
START 0 0 0 0 0 0 664 670 573 755 896 END
START 0 0 0 0 0 0 665 671 573 755 897 END
START 0 0 0 0 0 0 665 671 573 756 896 END
START 0 0 0 0 0 0 665 671 573 755 896 END
START 0 0 0 0 0 0 665 671 573 755 896 END
START 0 0 0 0 0 0 665 673 573 755 897 END
START 0 0 0 0 0 0 665 672 573 755 897 END
START 0 0 0 0 0 0 664 673 573 755 897 END
START 0 0 0 0 0 0 665 673 573 755 896 END
START 0 0 0 0 0 0 664 673 573 755 897 END
START 0 0 0 0 0 0 664 673 573 755 896 END
START 0 0 0 0 0 0 664 673 573 755 897 END
START 0 0 0 0 0 0 665 672 573 755 896 END
START 0 0 0 0 0 0 664 672 574 755 896 END
START 0 0 0 0 0 0 665 672 573 756 896 END
START 0 0 0 0 0 0 664 672 573 755 896 END
START 0 0 0 0 0 0 665 672 574 755 896 END
START 0 0 0 0 0 0 664 673 574 755 896 END
START 0 0 0 0 0 0 664 673 574 755 896 END
START 0 0 0 0 0 0 664 673 574 755 896 END
START 0 0 0 0 0 0 664 672 574 754 896 END
START 0 0 0 0 0 0 664 673 573 754 896 END
START 0 0 0 0 0 0 664 672 573 755 896 END
START 0 0 0 0 0 0 664 673 574 754 896 END
START 0 0 0 0 0 0 664 673 574 755 896 END
START 0 0 0 0 0 0 664 672 574 755 896 END
START 0 0 0 0 0 0 664 672 574 755 896 END
START 0 0 0 0 0 0 664 672 574 754 896 END
START 0 0 0 0 0 0 663 672 574 755 896 END
START 0 0 0 0 0 0 664 672 574 755 896 END
START 0 0 0 0 0 0 664 672 574 755 896 END
START 0 0 0 0 0 0 664 673 574 755 896 END
START 0 0 0 0 0 0 664 672 574 754 896 END
START 0 0 0 0 0 0 664 672 574 754 896 END
START 0 0 0 0 0 0 664 672 574 755 896 END
START 0 0 0 0 0 0 663 673 574 754 896 END
START 0 0 0 0 0 0 664 672 574 755 895 END
START 0 0 0 0 0 0 664 672 574 754 896 END
START 0 0 0 0 0 0 664 672 574 754 895 END
START 0 0 0 0 0 0 663 672 574 754 896 END
START 0 0 0 0 0 0 664 672 574 755 896 END
START 0 0 0 0 0 0 664 672 574 754 896 END
START 0 0 0 0 0 0 664 672 574 754 896 END
START 0 0 0 0 0 0 664 672 573 754 896 END
START 0 0 0 0 0 0 664 672 574 755 895 END
START 0 0 0 0 0 0 664 672 574 754 895 END
START 0 0 0 0 0 0 664 672 574 755 896 END
START 0 0 0 0 0 0 664 672 574 754 896 END
START 0 0 0 0 0 0 664 672 574 754 897 END
START 0 0 0 0 0 0 664 672 574 754 896 END
START 0 0 0 0 0 0 664 672 574 754 896 END
START 0 0 0 0 0 0 663 672 574 754 896 END
START 0 0 0 0 0 0 664 672 574 754 896 END
START 0 0 0 0 0 0 664 672 574 753 896 END
START 0 0 0 0 0 0 664 672 574 754 896 END
START 0 0 0 0 0 0 664 672 574 754 896 END
START 0 0 0 0 0 0 664 671 574 755 895 END
START 0 0 0 0 0 0 664 672 574 753 896 END
START 0 0 0 0 0 0 663 671 574 755 895 END
START 0 0 0 0 0 0 662 672 574 754 896 END
START 0 0 0 0 0 0 664 672 574 754 896 END
START 0 0 0 0 0 0 664 672 574 755 896 END
START 0 0 0 0 0 0 664 672 574 755 896 END
START 0 0 0 0 0 0 663 672 574 754 895 END
START 0 0 0 0 0 0 663 672 574 755 896 END
START 0 0 0 0 0 0 663 672 574 754 896 END
START 0 0 0 0 0 0 663 672 574 754 896 END
START 0 0 0 0 0 0 664 671 574 754 896 END
START 0 0 0 0 0 0 663 672 574 754 895 END
START 0 0 0 0 0 0 662 672 574 754 896 END
START 0 0 0 0 0 0 663 672 574 755 895 END
START 0 0 0 0 0 0 662 672 574 754 896 END
START 0 0 0 0 0 0 663 672 574 755 897 END
START 0 0 0 0 0 0 662 672 574 754 895 END
START 0 0 0 0 0 0 662 672 574 755 895 END
START 0 0 0 0 0 0 661 672 574 754 895 END
START 0 0 0 0 0 0 662 672 574 754 895 END
START 0 0 0 0 0 0 662 672 574 753 895 END
START 0 0 0 0 0 0 662 672 574 754 895 END
START 0 0 0 0 0 0 661 672 574 754 895 END
START 0 0 0 0 0 0 662 672 574 754 895 END
START 0 0 0 0 0 0 661 672 574 754 895 END
START 0 0 0 0 0 0 661 672 574 754 895 END
START 0 0 0 0 0 0 661 672 574 754 896 END
START 0 0 0 0 0 0 662 672 574 755 895 END
START 0 0 0 0 0 0 661 672 574 754 895 END
START 0 0 0 0 0 0 661 672 574 754 896 END
START 0 0 0 0 0 0 662 672 574 754 894 END
START 0 0 0 0 0 0 662 672 574 754 895 END
START 0 0 0 0 0 0 662 672 574 754 895 END
START 0 0 0 0 0 0 662 672 574 754 895 END
START 0 0 0 0 0 0 660 673 575 753 896 END
START 0 0 0 0 0 0 661 673 575 755 895 END
START 0 0 0 0 0 0 661 673 575 754 895 END
START 0 0 0 0 0 0 661 673 575 755 895 END
START 0 0 0 0 0 0 661 673 575 755 895 END
START 0 0 0 0 0 0 661 673 575 755 895 END
START 0 0 0 0 0 0 660 673 576 754 895 END
START 0 0 0 0 0 0 661 673 575 755 895 END
START 0 0 0 0 0 0 660 673 576 755 895 END
START 0 0 0 0 0 0 660 673 575 755 895 END
START 0 0 0 0 0 0 660 673 576 754 895 END
START 0 0 0 0 0 0 660 673 576 755 894 END
START 0 0 0 0 0 0 660 672 577 755 895 END
START 0 0 0 0 0 0 661 670 577 756 895 END
START 0 0 0 0 0 0 660 668 578 755 895 END
START 0 0 0 0 0 0 660 667 579 755 896 END
START 0 0 0 0 0 0 659 666 579 755 895 END
START 0 0 0 0 0 0 660 666 579 755 895 END
START 0 0 0 0 0 0 661 667 579 756 894 END
START 0 0 0 0 0 0 659 671 578 754 894 END
START 0 0 0 0 0 0 660 672 578 755 895 END
START 0 0 0 0 0 0 659 673 581 755 895 END
START 0 0 0 0 0 0 659 670 589 756 894 END
START 0 0 0 0 0 0 659 670 594 755 895 END
START 0 0 0 0 0 0 660 668 600 756 895 END
START 0 0 0 0 0 0 659 667 597 755 895 END
START 0 0 0 0 0 0 659 666 593 756 895 END
START 0 0 0 0 0 0 657 665 590 758 897 END
START 0 0 0 0 0 0 656 663 591 758 897 END
START 0 0 0 0 0 0 651 663 591 761 897 END
START 0 0 0 0 0 0 645 662 591 763 895 END
START 0 0 0 0 0 0 639 662 591 761 893 END
START 0 0 0 0 0 0 636 661 591 760 893 END
START 0 0 0 0 0 0 633 662 590 758 893 END
START 0 0 0 0 0 0 631 661 590 758 892 END
START 0 0 0 0 0 0 632 661 590 760 895 END
START 0 0 0 0 0 0 638 661 590 762 896 END
START 0 0 0 0 0 0 646 660 590 763 897 END
START 0 0 0 0 0 0 655 660 592 762 895 END
START 0 0 0 0 0 0 673 663 594 759 894 END
START 0 0 0 0 0 0 681 662 596 757 893 END
START 0 0 0 0 0 0 685 662 595 757 895 END
START 0 0 0 0 0 0 691 662 597 756 896 END
START 0 0 0 0 0 0 692 663 596 756 899 END
START 0 0 0 0 0 0 694 662 597 756 898 END
START 0 0 0 0 0 0 698 663 597 755 901 END
START 0 0 0 0 0 0 697 662 598 755 899 END
START 0 0 0 0 0 0 697 662 599 753 899 END
START 0 0 0 0 0 0 690 662 600 752 899 END
START 0 0 0 0 0 0 684 659 598 753 900 END
START 0 0 0 0 0 0 680 657 595 753 900 END
START 0 0 0 0 0 0 678 665 592 754 901 END
START 0 0 0 0 0 0 677 667 589 754 900 END
START 0 0 0 0 0 0 676 671 587 753 900 END
START 0 0 0 0 0 0 676 673 586 753 899 END
START 0 0 0 0 0 0 676 673 585 753 899 END
START 0 0 0 0 0 0 676 674 585 753 898 END
START 0 0 0 0 0 0 675 673 583 753 899 END
START 0 0 0 0 0 0 675 672 582 754 898 END
START 0 0 0 0 0 0 674 672 580 754 898 END
START 0 0 0 0 0 0 675 671 579 754 897 END
START 0 0 0 0 0 0 674 666 578 753 897 END
START 0 0 0 0 0 0 675 660 577 754 896 END
START 0 0 0 0 0 0 675 656 578 754 896 END
START 0 0 0 0 0 0 673 655 579 754 896 END
START 0 0 0 0 0 0 671 656 579 754 895 END
START 0 0 0 0 0 0 668 661 579 755 895 END
START 0 0 0 0 0 0 665 665 579 755 896 END
START 0 0 0 0 0 0 664 663 579 756 897 END
START 0 0 0 0 0 0 663 661 579 757 901 END
START 0 0 0 0 0 0 665 657 579 760 902 END
START 0 0 0 0 0 0 665 656 579 760 904 END
START 0 0 0 0 0 0 667 652 578 761 904 END
START 0 0 0 0 0 0 666 650 579 761 904 END
START 0 0 0 0 0 0 667 650 579 761 903 END
START 0 0 0 0 0 0 669 650 580 759 902 END
START 0 0 0 0 0 0 680 655 581 758 900 END
START 0 0 0 0 0 0 683 661 581 757 899 END
START 0 0 0 0 0 0 687 669 579 757 899 END
START 0 0 0 0 0 0 686 672 579 757 898 END
START 0 0 0 0 0 0 684 674 578 757 898 END
START 0 0 0 0 0 0 682 673 577 757 899 END
START 0 0 0 0 0 0 680 675 577 757 899 END
START 0 0 0 0 0 0 678 675 576 757 898 END
START 0 0 0 0 0 0 677 675 576 758 899 END
START 0 0 0 0 0 0 676 677 576 757 898 END
START 0 0 0 0 0 0 676 679 575 758 898 END
START 0 0 0 0 0 0 676 683 576 757 898 END
START 0 0 0 0 0 0 675 684 575 757 898 END
START 0 0 0 0 0 0 674 680 577 757 897 END
START 0 0 0 0 0 0 674 678 578 758 897 END
START 0 0 0 0 0 0 673 677 580 758 898 END
START 0 0 0 0 0 0 673 678 580 758 897 END
START 0 0 0 0 0 0 672 682 579 757 897 END
START 0 0 0 0 0 0 671 682 578 758 898 END
START 0 0 0 0 0 0 671 681 579 757 897 END
START 0 0 0 0 0 0 671 681 578 758 898 END
START 0 0 0 0 0 0 671 681 577 758 897 END
START 0 0 0 0 0 0 670 683 575 759 897 END
START 0 0 0 0 0 0 669 683 571 759 897 END
START 0 0 0 0 0 0 669 685 567 758 897 END
START 0 0 0 0 0 0 669 684 566 759 897 END
START 0 0 0 0 0 0 669 684 564 759 896 END
START 0 0 0 0 0 0 668 683 563 759 897 END
START 0 0 0 0 0 0 668 683 563 758 897 END
START 0 0 0 0 0 0 668 681 563 759 897 END
START 0 0 0 0 0 0 668 679 563 758 899 END
START 0 0 0 0 0 0 668 678 563 758 898 END
START 0 0 0 0 0 0 667 677 563 758 897 END
START 0 0 0 0 0 0 667 675 563 758 897 END
START 0 0 0 0 0 0 667 674 563 758 897 END
START 0 0 0 0 0 0 667 673 563 758 897 END
START 0 0 0 0 0 0 667 672 563 758 897 END
START 0 0 0 0 0 0 667 669 563 758 896 END
START 0 0 0 0 0 0 666 668 564 758 896 END
START 0 0 0 0 0 0 667 666 564 758 896 END
START 0 0 0 0 0 0 667 664 563 758 897 END
START 0 0 0 0 0 0 667 663 563 758 897 END
START 0 0 0 0 0 0 667 664 563 757 896 END
START 0 0 0 0 0 0 666 663 563 758 897 END
START 0 0 0 0 0 0 666 663 563 757 896 END
START 0 0 0 0 0 0 666 662 563 758 896 END
START 0 0 0 0 0 0 666 663 563 756 896 END
START 0 0 0 0 0 0 666 662 564 757 896 END
START 0 0 0 0 0 0 666 660 564 757 895 END
START 0 0 0 0 0 0 666 659 564 757 896 END
START 0 0 0 0 0 0 666 660 564 756 896 END
START 0 0 0 0 0 0 669 660 564 757 896 END
START 0 0 0 0 0 0 675 660 564 756 896 END
START 0 0 0 0 0 0 680 660 563 756 895 END
START 0 0 0 0 0 0 686 660 564 755 896 END
START 0 0 0 0 0 0 693 660 563 756 897 END
START 0 0 0 0 0 0 694 659 563 756 897 END
START 0 0 0 0 0 0 696 660 563 756 897 END
START 0 0 0 0 0 0 696 660 563 756 896 END
START 0 0 0 0 0 0 696 662 563 756 896 END
START 0 0 0 0 0 0 697 661 563 756 895 END
START 0 0 0 0 0 0 695 660 562 755 894 END
START 0 0 0 0 0 0 691 657 563 755 895 END
START 0 0 0 0 0 0 688 656 563 754 897 END
START 0 0 0 0 0 0 679 655 563 756 899 END
START 0 0 0 0 0 0 675 654 564 756 899 END
START 0 0 0 0 0 0 673 654 565 756 899 END
START 0 0 0 0 0 0 672 654 566 755 898 END
START 0 0 0 0 0 0 672 654 566 756 898 END
START 0 0 0 0 0 0 672 654 567 756 897 END
START 0 0 0 0 0 0 672 655 568 755 897 END
START 0 0 0 0 0 0 672 654 568 755 898 END
START 0 0 0 0 0 0 673 655 568 755 896 END
START 0 0 0 0 0 0 674 655 569 754 898 END
START 0 0 0 0 0 0 685 655 569 754 897 END
START 0 0 0 0 0 0 692 656 569 754 897 END
START 0 0 0 0 0 0 692 655 569 755 897 END
START 0 0 0 0 0 0 691 656 568 755 897 END
START 0 0 0 0 0 0 692 655 567 755 897 END
START 0 0 0 0 0 0 689 654 568 753 897 END
START 0 0 0 0 0 0 688 653 568 754 897 END
START 0 0 0 0 0 0 687 653 568 753 896 END
START 0 0 0 0 0 0 685 654 567 753 896 END
START 0 0 0 0 0 0 684 654 567 753 896 END
START 0 0 0 0 0 0 681 654 567 752 896 END
START 0 0 0 0 0 0 679 654 567 752 896 END
START 0 0 0 0 0 0 678 655 567 753 896 END
START 0 0 0 0 0 0 676 658 568 753 897 END
START 0 0 0 0 0 0 676 661 568 754 897 END
START 0 0 0 0 0 0 676 664 569 753 896 END
START 0 0 0 0 0 0 674 665 568 754 896 END
START 0 0 0 0 0 0 675 668 568 754 896 END
START 0 0 0 0 0 0 673 667 567 755 896 END
START 0 0 0 0 0 0 672 667 567 755 896 END
START 0 0 0 0 0 0 672 665 567 754 896 END
START 0 0 0 0 0 0 672 662 567 754 895 END
START 0 0 0 0 0 0 672 662 566 754 896 END
START 0 0 0 0 0 0 673 661 566 754 896 END
START 0 0 0 0 0 0 676 663 566 754 897 END
START 0 0 0 0 0 0 676 664 567 753 896 END
START 0 0 0 0 0 0 676 664 567 753 897 END
START 0 0 0 0 0 0 677 664 567 754 896 END
START 0 0 0 0 0 0 677 664 567 753 896 END
START 0 0 0 0 0 0 676 665 567 753 896 END
START 0 0 0 0 0 0 676 667 566 753 896 END
START 0 0 0 0 0 0 676 666 566 753 895 END
