START 0 0 0 0 0 0 595 615 607 721 891 END
START 0 0 0 0 0 0 594 614 607 720 892 END
START 0 0 0 0 0 0 594 615 608 721 891 END
START 0 0 0 0 0 0 594 615 609 721 892 END
START 0 0 0 0 0 0 594 616 613 721 891 END
START 0 0 0 0 0 0 594 616 614 720 891 END
START 0 0 0 0 0 0 595 616 615 720 891 END
START 0 0 0 0 0 0 594 617 615 720 891 END
START 0 0 0 0 0 0 594 617 613 719 890 END
START 0 0 0 0 0 0 594 618 610 720 891 END
START 0 0 0 0 0 0 594 621 604 719 890 END
START 0 0 0 0 0 0 594 620 601 717 890 END
START 0 0 0 0 0 0 594 620 600 718 889 END
START 0 0 0 0 0 0 595 619 599 717 888 END
START 0 0 0 0 0 0 594 618 600 718 889 END
START 0 0 0 0 0 0 596 617 602 718 889 END
START 0 0 0 0 0 0 596 617 605 718 889 END
START 0 0 0 0 0 0 596 616 611 718 890 END
START 0 0 0 0 0 0 596 615 616 718 889 END
START 0 0 0 0 0 0 598 615 627 718 889 END
START 0 0 0 0 0 0 598 614 630 717 889 END
START 0 0 0 0 0 0 602 614 632 718 889 END
START 0 0 0 0 0 0 604 613 626 718 889 END
START 0 0 0 0 0 0 604 613 619 718 888 END
START 0 0 0 0 0 0 602 612 617 718 888 END
START 0 0 0 0 0 0 603 612 619 718 888 END
START 0 0 0 0 0 0 603 611 624 718 888 END
START 0 0 0 0 0 0 603 611 624 717 888 END
START 0 0 0 0 0 0 604 611 622 718 889 END
START 0 0 0 0 0 0 602 611 617 718 891 END
START 0 0 0 0 0 0 599 611 614 718 891 END
START 0 0 0 0 0 0 597 611 614 718 891 END
START 0 0 0 0 0 0 597 611 613 718 891 END
START 0 0 0 0 0 0 597 612 613 719 892 END
START 0 0 0 0 0 0 596 610 612 718 892 END
START 0 0 0 0 0 0 597 611 612 719 891 END
START 0 0 0 0 0 0 597 611 611 719 891 END
START 0 0 0 0 0 0 598 611 610 718 891 END
START 0 0 0 0 0 0 597 611 610 718 890 END
START 0 0 0 0 0 0 598 611 609 718 891 END
START 0 0 0 0 0 0 599 610 607 718 891 END
START 0 0 0 0 0 0 600 610 607 719 890 END
START 0 0 0 0 0 0 601 610 611 719 890 END
START 0 0 0 0 0 0 601 609 624 720 891 END
START 0 0 0 0 0 0 602 610 626 720 890 END
START 0 0 0 0 0 0 602 610 631 720 891 END
START 0 0 0 0 0 0 603 609 629 719 890 END
START 0 0 0 0 0 0 603 609 625 719 890 END
START 0 0 0 0 0 0 605 610 621 719 890 END
START 0 0 0 0 0 0 605 609 618 720 890 END
START 0 0 0 0 0 0 604 608 614 719 890 END
START 0 0 0 0 0 0 604 608 611 720 890 END
START 0 0 0 0 0 0 604 607 609 721 890 END
START 0 0 0 0 0 0 602 605 603 721 890 END
START 0 0 0 0 0 0 602 603 598 721 889 END
START 0 0 0 0 0 0 602 602 596 723 889 END
START 0 0 0 0 0 0 602 602 596 722 888 END
START 0 0 0 0 0 0 602 601 595 721 887 END
START 0 0 0 0 0 0 602 601 598 723 888 END
START 0 0 0 0 0 0 602 603 603 724 889 END
START 0 0 0 0 0 0 601 604 610 725 893 END
START 0 0 0 0 0 0 602 606 617 726 895 END
START 0 0 0 0 0 0 602 607 621 726 895 END
START 0 0 0 0 0 0 602 608 627 725 895 END
START 0 0 0 0 0 0 602 609 632 726 895 END
START 0 0 0 0 0 0 601 609 632 725 895 END
START 0 0 0 0 0 0 603 610 629 725 895 END
START 0 0 0 0 0 0 607 609 626 724 894 END
START 0 0 0 0 0 0 614 610 627 725 893 END
START 0 0 0 0 0 0 616 609 624 724 893 END
START 0 0 0 0 0 0 613 609 620 724 893 END
START 0 0 0 0 0 0 610 609 620 725 893 END
START 0 0 0 0 0 0 609 609 623 725 893 END
START 0 0 0 0 0 0 604 609 628 725 892 END
START 0 0 0 0 0 0 602 609 639 724 892 END
START 0 0 0 0 0 0 600 609 639 724 893 END
START 0 0 0 0 0 0 598 609 637 724 893 END
START 0 0 0 0 0 0 598 609 635 724 892 END
START 0 0 0 0 0 0 598 609 632 723 892 END
START 0 0 0 0 0 0 598 609 630 724 891 END
START 0 0 0 0 0 0 597 609 627 723 891 END
START 0 0 0 0 0 0 598 609 624 723 891 END
START 0 0 0 0 0 0 598 609 622 723 892 END
START 0 0 0 0 0 0 599 610 620 724 893 END
START 0 0 0 0 0 0 598 609 619 724 892 END
START 0 0 0 0 0 0 597 609 620 722 891 END
START 0 0 0 0 0 0 598 609 622 723 891 END
START 0 0 0 0 0 0 596 608 625 723 891 END
START 0 0 0 0 0 0 595 608 626 723 892 END
START 0 0 0 0 0 0 598 608 625 723 891 END
START 0 0 0 0 0 0 600 608 625 723 892 END
START 0 0 0 0 0 0 599 607 624 723 893 END
START 0 0 0 0 0 0 603 608 624 723 892 END
START 0 0 0 0 0 0 606 607 622 722 892 END
START 0 0 0 0 0 0 613 608 622 722 892 END
START 0 0 0 0 0 0 613 608 622 723 892 END
START 0 0 0 0 0 0 614 608 620 722 892 END
START 0 0 0 0 0 0 614 609 616 721 893 END
START 0 0 0 0 0 0 614 610 614 721 891 END
START 0 0 0 0 0 0 613 610 614 722 893 END
START 0 0 0 0 0 0 612 610 612 721 891 END
START 0 0 0 0 0 0 608 611 612 721 892 END
START 0 0 0 0 0 0 606 611 611 720 891 END
START 0 0 0 0 0 0 605 610 611 720 891 END
START 0 0 0 0 0 0 605 611 612 721 891 END
START 0 0 0 0 0 0 605 611 612 720 891 END
START 0 0 0 0 0 0 606 612 613 720 891 END
START 0 0 0 0 0 0 609 615 613 721 891 END
START 0 0 0 0 0 0 607 618 611 720 890 END
START 0 0 0 0 0 0 605 620 608 720 891 END
START 0 0 0 0 0 0 602 621 605 719 889 END
START 0 0 0 0 0 0 599 620 600 719 888 END
START 0 0 0 0 0 0 600 619 596 717 887 END
START 0 0 0 0 0 0 600 620 594 717 886 END
START 0 0 0 0 0 0 600 620 592 718 887 END
START 0 0 0 0 0 0 600 622 591 717 887 END
START 0 0 0 0 0 0 601 623 592 716 887 END
START 0 0 0 0 0 0 600 622 592 716 887 END
START 0 0 0 0 0 0 601 622 591 715 886 END
START 0 0 0 0 0 0 601 623 591 715 886 END
START 0 0 0 0 0 0 601 623 591 715 885 END
START 0 0 0 0 0 0 602 623 592 715 886 END
START 0 0 0 0 0 0 601 623 592 714 885 END
START 0 0 0 0 0 0 602 623 594 715 886 END
START 0 0 0 0 0 0 604 623 602 717 887 END
START 0 0 0 0 0 0 604 624 607 716 885 END
START 0 0 0 0 0 0 604 623 615 717 887 END
START 0 0 0 0 0 0 605 623 623 717 886 END
START 0 0 0 0 0 0 606 623 630 718 886 END
START 0 0 0 0 0 0 606 622 634 718 886 END
START 0 0 0 0 0 0 606 623 634 718 887 END
START 0 0 0 0 0 0 605 622 631 719 887 END
START 0 0 0 0 0 0 606 621 623 718 886 END
START 0 0 0 0 0 0 606 621 620 719 887 END
START 0 0 0 0 0 0 605 619 618 718 887 END
START 0 0 0 0 0 0 606 619 616 718 886 END
START 0 0 0 0 0 0 607 618 615 718 887 END
START 0 0 0 0 0 0 607 617 613 718 886 END
START 0 0 0 0 0 0 608 617 613 718 886 END
START 0 0 0 0 0 0 609 617 612 719 886 END
START 0 0 0 0 0 0 609 616 612 718 887 END
START 0 0 0 0 0 0 607 616 613 718 886 END
START 0 0 0 0 0 0 607 615 613 718 887 END
START 0 0 0 0 0 0 609 616 614 718 887 END
START 0 0 0 0 0 0 609 614 614 717 886 END
START 0 0 0 0 0 0 609 616 614 717 886 END
START 0 0 0 0 0 0 609 615 615 717 886 END
START 0 0 0 0 0 0 610 616 614 716 885 END
START 0 0 0 0 0 0 608 615 613 716 886 END
START 0 0 0 0 0 0 608 615 613 716 885 END
START 0 0 0 0 0 0 608 615 614 716 885 END
START 0 0 0 0 0 0 609 615 615 716 885 END
START 0 0 0 0 0 0 610 615 617 716 884 END
START 0 0 0 0 0 0 611 616 619 716 885 END
START 0 0 0 0 0 0 612 615 622 717 886 END
START 0 0 0 0 0 0 611 615 623 716 885 END
START 0 0 0 0 0 0 612 615 624 716 886 END
START 0 0 0 0 0 0 611 615 625 716 887 END
START 0 0 0 0 0 0 610 616 627 716 887 END
START 0 0 0 0 0 0 609 616 628 716 886 END
START 0 0 0 0 0 0 607 615 626 715 885 END
START 0 0 0 0 0 0 605 614 626 715 885 END
START 0 0 0 0 0 0 606 615 626 715 885 END
START 0 0 0 0 0 0 607 615 625 715 886 END
START 0 0 0 0 0 0 608 615 624 715 885 END
START 0 0 0 0 0 0 609 616 622 715 886 END
START 0 0 0 0 0 0 608 615 617 714 885 END
START 0 0 0 0 0 0 608 614 610 715 885 END
START 0 0 0 0 0 0 608 612 605 714 884 END
START 0 0 0 0 0 0 607 609 602 714 885 END
START 0 0 0 0 0 0 608 608 599 714 886 END
START 0 0 0 0 0 0 606 606 593 713 885 END
START 0 0 0 0 0 0 605 605 592 712 885 END
START 0 0 0 0 0 0 605 606 593 713 885 END
START 0 0 0 0 0 0 604 605 597 713 886 END
START 0 0 0 0 0 0 604 605 602 713 887 END
START 0 0 0 0 0 0 605 607 610 714 887 END
START 0 0 0 0 0 0 604 607 613 713 885 END
START 0 0 0 0 0 0 604 607 616 713 885 END
START 0 0 0 0 0 0 604 607 617 713 885 END
START 0 0 0 0 0 0 603 607 618 715 886 END
START 0 0 0 0 0 0 604 607 617 714 886 END
START 0 0 0 0 0 0 604 607 615 714 887 END
START 0 0 0 0 0 0 603 607 611 715 888 END
START 0 0 0 0 0 0 603 607 611 714 889 END
START 0 0 0 0 0 0 602 607 610 714 889 END
START 0 0 0 0 0 0 603 608 610 715 890 END
START 0 0 0 0 0 0 603 609 610 715 889 END
START 0 0 0 0 0 0 604 610 612 720 890 END
START 0 0 0 0 0 0 607 611 611 723 890 END
START 0 0 0 0 0 0 606 609 610 722 890 END
START 0 0 0 0 0 0 607 609 609 717 889 END
START 0 0 0 0 0 0 605 608 608 717 888 END
START 0 0 0 0 0 0 605 607 608 715 888 END
START 0 0 0 0 0 0 604 608 607 714 888 END
START 0 0 0 0 0 0 604 607 607 713 888 END
START 0 0 0 0 0 0 604 607 606 713 888 END
START 0 0 0 0 0 0 604 607 606 712 889 END
START 0 0 0 0 0 0 605 608 606 709 890 END
START 0 0 0 0 0 0 605 608 606 709 890 END
START 0 0 0 0 0 0 604 607 606 709 889 END
START 0 0 0 0 0 0 603 608 606 712 890 END
START 0 0 0 0 0 0 604 607 606 711 889 END
START 0 0 0 0 0 0 604 608 606 711 889 END
START 0 0 0 0 0 0 605 608 606 711 889 END
START 0 0 0 0 0 0 608 609 607 712 889 END
START 0 0 0 0 0 0 612 609 608 712 891 END
START 0 0 0 0 0 0 614 609 608 712 890 END
START 0 0 0 0 0 0 615 609 608 713 891 END
START 0 0 0 0 0 0 619 610 610 714 891 END
START 0 0 0 0 0 0 619 610 609 715 892 END
START 0 0 0 0 0 0 621 610 609 714 891 END
START 0 0 0 0 0 0 622 610 608 713 891 END
START 0 0 0 0 0 0 621 609 608 714 892 END
START 0 0 0 0 0 0 624 609 608 713 891 END
START 0 0 0 0 0 0 625 610 608 713 892 END
START 0 0 0 0 0 0 626 611 609 713 892 END
START 0 0 0 0 0 0 627 612 609 713 893 END
START 0 0 0 0 0 0 626 612 610 713 893 END
START 0 0 0 0 0 0 625 612 610 713 893 END
START 0 0 0 0 0 0 626 613 610 712 892 END
START 0 0 0 0 0 0 627 613 610 713 893 END
START 0 0 0 0 0 0 627 613 609 713 893 END
START 0 0 0 0 0 0 627 613 610 713 893 END
START 0 0 0 0 0 0 629 614 611 712 892 END
START 0 0 0 0 0 0 632 615 613 712 892 END
START 0 0 0 0 0 0 634 616 614 712 893 END
START 0 0 0 0 0 0 634 616 614 713 893 END
START 0 0 0 0 0 0 634 616 614 712 893 END
START 0 0 0 0 0 0 634 616 613 712 893 END
START 0 0 0 0 0 0 633 616 613 712 893 END
START 0 0 0 0 0 0 634 616 613 712 893 END
START 0 0 0 0 0 0 636 617 614 712 893 END
START 0 0 0 0 0 0 636 617 614 712 893 END
START 0 0 0 0 0 0 635 617 614 712 894 END
START 0 0 0 0 0 0 631 616 613 712 894 END
START 0 0 0 0 0 0 629 616 612 712 893 END
START 0 0 0 0 0 0 627 615 613 713 893 END
START 0 0 0 0 0 0 625 615 613 713 893 END
START 0 0 0 0 0 0 624 615 614 716 895 END
START 0 0 0 0 0 0 622 615 615 719 896 END
START 0 0 0 0 0 0 620 615 615 718 896 END
START 0 0 0 0 0 0 620 615 616 716 894 END
START 0 0 0 0 0 0 619 615 617 711 894 END
START 0 0 0 0 0 0 620 615 620 709 894 END
START 0 0 0 0 0 0 620 615 621 708 893 END
START 0 0 0 0 0 0 620 614 621 705 893 END
START 0 0 0 0 0 0 620 615 621 701 891 END
START 0 0 0 0 0 0 620 614 621 698 890 END
START 0 0 0 0 0 0 620 614 620 694 888 END
START 0 0 0 0 0 0 621 614 620 696 889 END
START 0 0 0 0 0 0 620 615 620 703 891 END
START 0 0 0 0 0 0 621 616 620 712 895 END
START 0 0 0 0 0 0 620 616 620 717 897 END
START 0 0 0 0 0 0 620 617 621 720 899 END
START 0 0 0 0 0 0 621 618 621 721 896 END
START 0 0 0 0 0 0 621 620 622 721 896 END
START 0 0 0 0 0 0 620 620 622 720 896 END
START 0 0 0 0 0 0 621 620 623 718 895 END
START 0 0 0 0 0 0 619 620 624 713 895 END
START 0 0 0 0 0 0 619 619 623 712 893 END
START 0 0 0 0 0 0 618 619 620 711 892 END
START 0 0 0 0 0 0 619 618 616 712 893 END
START 0 0 0 0 0 0 618 616 614 711 893 END
START 0 0 0 0 0 0 618 617 613 710 892 END
START 0 0 0 0 0 0 617 620 614 711 892 END
START 0 0 0 0 0 0 619 624 614 711 892 END
START 0 0 0 0 0 0 619 629 614 710 892 END
START 0 0 0 0 0 0 618 631 613 711 891 END
START 0 0 0 0 0 0 619 634 613 710 891 END
START 0 0 0 0 0 0 620 636 613 710 890 END
START 0 0 0 0 0 0 622 637 613 709 891 END
START 0 0 0 0 0 0 621 635 612 709 890 END
START 0 0 0 0 0 0 622 631 612 709 891 END
START 0 0 0 0 0 0 622 630 612 709 891 END
START 0 0 0 0 0 0 622 624 611 709 891 END
START 0 0 0 0 0 0 623 630 610 708 890 END
START 0 0 0 0 0 0 622 635 610 709 890 END
START 0 0 0 0 0 0 623 635 610 708 890 END
START 0 0 0 0 0 0 622 635 610 709 890 END
START 0 0 0 0 0 0 622 640 610 708 889 END
START 0 0 0 0 0 0 623 643 610 709 890 END
START 0 0 0 0 0 0 622 643 610 708 890 END
START 0 0 0 0 0 0 623 646 611 708 890 END
START 0 0 0 0 0 0 624 648 611 708 889 END
START 0 0 0 0 0 0 623 649 611 708 890 END
START 0 0 0 0 0 0 624 646 611 708 889 END
START 0 0 0 0 0 0 622 643 611 708 889 END
START 0 0 0 0 0 0 623 639 612 709 887 END
START 0 0 0 0 0 0 623 637 611 708 886 END
START 0 0 0 0 0 0 623 636 610 708 887 END
START 0 0 0 0 0 0 621 634 608 708 886 END
START 0 0 0 0 0 0 622 635 611 711 887 END
START 0 0 0 0 0 0 621 634 613 711 887 END
START 0 0 0 0 0 0 621 633 613 712 888 END
START 0 0 0 0 0 0 621 636 612 713 888 END
START 0 0 0 0 0 0 620 647 607 711 888 END
START 0 0 0 0 0 0 620 643 605 711 887 END
START 0 0 0 0 0 0 620 642 605 710 886 END
START 0 0 0 0 0 0 620 642 607 711 887 END
START 0 0 0 0 0 0 620 643 610 711 889 END
START 0 0 0 0 0 0 619 642 611 708 890 END
START 0 0 0 0 0 0 620 642 611 703 889 END
START 0 0 0 0 0 0 621 641 610 706 890 END
START 0 0 0 0 0 0 620 641 611 709 891 END
START 0 0 0 0 0 0 620 641 611 716 893 END
START 0 0 0 0 0 0 619 642 613 719 892 END
START 0 0 0 0 0 0 619 642 614 723 894 END
START 0 0 0 0 0 0 619 643 615 726 896 END
START 0 0 0 0 0 0 619 642 614 726 895 END
START 0 0 0 0 0 0 618 644 613 724 894 END
START 0 0 0 0 0 0 617 643 611 724 894 END
START 0 0 0 0 0 0 617 642 609 718 891 END
START 0 0 0 0 0 0 618 641 608 716 890 END
START 0 0 0 0 0 0 619 640 607 715 890 END
START 0 0 0 0 0 0 617 640 610 716 889 END
START 0 0 0 0 0 0 618 641 613 716 891 END
START 0 0 0 0 0 0 616 640 613 715 891 END
START 0 0 0 0 0 0 621 642 615 715 891 END
START 0 0 0 0 0 0 624 643 615 715 892 END
START 0 0 0 0 0 0 624 647 615 721 895 END
START 0 0 0 0 0 0 625 650 615 721 896 END
START 0 0 0 0 0 0 623 653 616 722 896 END
START 0 0 0 0 0 0 621 652 616 721 895 END
START 0 0 0 0 0 0 621 649 618 722 895 END
START 0 0 0 0 0 0 621 648 621 723 895 END
START 0 0 0 0 0 0 620 646 619 723 894 END
START 0 0 0 0 0 0 618 642 616 723 894 END
START 0 0 0 0 0 0 619 642 614 722 893 END
START 0 0 0 0 0 0 618 641 614 722 892 END
START 0 0 0 0 0 0 619 641 615 721 891 END
START 0 0 0 0 0 0 618 641 617 721 892 END
START 0 0 0 0 0 0 617 640 619 720 891 END
START 0 0 0 0 0 0 617 641 619 720 891 END
START 0 0 0 0 0 0 616 641 617 716 891 END
START 0 0 0 0 0 0 617 642 618 713 889 END
START 0 0 0 0 0 0 617 642 618 713 890 END
START 0 0 0 0 0 0 618 641 618 712 889 END
START 0 0 0 0 0 0 617 641 618 712 888 END
START 0 0 0 0 0 0 618 642 618 714 890 END
START 0 0 0 0 0 0 617 641 617 713 891 END
START 0 0 0 0 0 0 617 641 618 713 890 END
START 0 0 0 0 0 0 618 642 620 713 890 END
START 0 0 0 0 0 0 617 644 622 713 890 END
START 0 0 0 0 0 0 617 645 624 712 887 END
START 0 0 0 0 0 0 617 645 624 712 887 END
START 0 0 0 0 0 0 617 644 622 710 887 END
START 0 0 0 0 0 0 616 645 622 708 886 END
START 0 0 0 0 0 0 617 645 622 707 885 END
START 0 0 0 0 0 0 616 645 621 706 886 END
START 0 0 0 0 0 0 615 644 620 704 885 END
START 0 0 0 0 0 0 615 644 620 700 886 END
START 0 0 0 0 0 0 615 644 621 699 888 END
START 0 0 0 0 0 0 615 644 622 698 888 END
START 0 0 0 0 0 0 615 644 622 700 889 END
START 0 0 0 0 0 0 614 644 622 701 888 END
START 0 0 0 0 0 0 614 645 622 702 889 END
START 0 0 0 0 0 0 616 646 624 706 888 END
START 0 0 0 0 0 0 615 646 624 713 890 END
START 0 0 0 0 0 0 616 647 626 718 892 END
START 0 0 0 0 0 0 616 646 625 716 891 END
START 0 0 0 0 0 0 615 647 626 716 890 END
START 0 0 0 0 0 0 617 648 627 722 893 END
START 0 0 0 0 0 0 616 650 631 723 898 END
START 0 0 0 0 0 0 617 650 634 723 897 END
START 0 0 0 0 0 0 616 649 633 722 896 END
START 0 0 0 0 0 0 616 649 632 723 896 END
START 0 0 0 0 0 0 614 649 628 724 895 END
START 0 0 0 0 0 0 614 649 625 723 895 END
START 0 0 0 0 0 0 611 648 620 725 894 END
START 0 0 0 0 0 0 610 650 618 724 893 END
START 0 0 0 0 0 0 609 650 617 721 893 END
START 0 0 0 0 0 0 609 648 618 721 894 END
START 0 0 0 0 0 0 610 646 618 720 893 END
START 0 0 0 0 0 0 609 645 619 719 893 END
START 0 0 0 0 0 0 610 644 619 719 893 END
START 0 0 0 0 0 0 611 642 619 718 892 END
START 0 0 0 0 0 0 611 641 620 719 892 END
START 0 0 0 0 0 0 612 638 620 718 891 END
START 0 0 0 0 0 0 613 635 621 718 893 END
START 0 0 0 0 0 0 613 633 620 717 892 END
START 0 0 0 0 0 0 613 633 621 718 893 END
START 0 0 0 0 0 0 612 632 621 718 892 END
START 0 0 0 0 0 0 613 632 621 717 891 END
START 0 0 0 0 0 0 613 632 621 717 891 END
START 0 0 0 0 0 0 613 631 622 716 890 END
START 0 0 0 0 0 0 613 633 624 717 890 END
START 0 0 0 0 0 0 613 632 627 716 891 END
START 0 0 0 0 0 0 613 633 628 716 890 END
START 0 0 0 0 0 0 612 632 630 716 890 END
START 0 0 0 0 0 0 612 632 632 716 891 END
START 0 0 0 0 0 0 610 631 631 716 891 END
START 0 0 0 0 0 0 609 631 627 717 890 END
START 0 0 0 0 0 0 609 630 625 718 890 END
START 0 0 0 0 0 0 611 630 622 718 890 END
START 0 0 0 0 0 0 610 629 620 717 890 END
START 0 0 0 0 0 0 610 628 618 718 888 END
START 0 0 0 0 0 0 609 628 615 718 888 END
START 0 0 0 0 0 0 611 627 612 717 887 END
START 0 0 0 0 0 0 611 628 612 716 887 END
