START 0 0 0 0 0 0 769 705 730 731 891 END
START 0 0 0 0 0 0 770 707 730 731 891 END
START 0 0 0 0 0 0 771 706 729 731 891 END
START 0 0 0 0 0 0 769 705 729 731 890 END
START 0 0 0 0 0 0 770 705 730 731 891 END
START 0 0 0 0 0 0 772 706 730 731 891 END
START 0 0 0 0 0 0 771 705 730 731 890 END
START 0 0 0 0 0 0 771 704 730 732 891 END
START 0 0 0 0 0 0 770 704 729 732 891 END
START 0 0 0 0 0 0 769 703 729 731 890 END
START 0 0 0 0 0 0 771 703 729 730 890 END
START 0 0 0 0 0 0 769 703 729 731 891 END
START 0 0 0 0 0 0 769 704 730 731 890 END
START 0 0 0 0 0 0 768 703 729 731 890 END
START 0 0 0 0 0 0 768 703 729 731 890 END
START 0 0 0 0 0 0 770 703 729 731 890 END
START 0 0 0 0 0 0 768 703 729 731 889 END
START 0 0 0 0 0 0 768 704 729 730 890 END
START 0 0 0 0 0 0 768 705 729 731 891 END
START 0 0 0 0 0 0 770 705 730 732 891 END
START 0 0 0 0 0 0 767 699 729 731 890 END
START 0 0 0 0 0 0 768 696 729 731 890 END
START 0 0 0 0 0 0 770 701 729 731 890 END
START 0 0 0 0 0 0 769 707 729 731 890 END
START 0 0 0 0 0 0 768 712 730 731 890 END
START 0 0 0 0 0 0 767 710 729 730 890 END
START 0 0 0 0 0 0 768 709 729 730 890 END
START 0 0 0 0 0 0 767 710 730 731 890 END
START 0 0 0 0 0 0 769 712 729 730 890 END
START 0 0 0 0 0 0 769 714 729 731 891 END
START 0 0 0 0 0 0 769 717 730 730 890 END
START 0 0 0 0 0 0 768 720 729 730 890 END
START 0 0 0 0 0 0 766 720 729 730 890 END
START 0 0 0 0 0 0 767 721 730 731 891 END
START 0 0 0 0 0 0 766 720 729 730 890 END
START 0 0 0 0 0 0 768 720 730 731 890 END
START 0 0 0 0 0 0 768 719 729 730 890 END
START 0 0 0 0 0 0 767 718 730 731 891 END
START 0 0 0 0 0 0 768 717 729 730 889 END
START 0 0 0 0 0 0 766 712 728 730 890 END
START 0 0 0 0 0 0 767 717 729 730 890 END
START 0 0 0 0 0 0 766 718 729 730 890 END
START 0 0 0 0 0 0 766 716 728 730 890 END
START 0 0 0 0 0 0 768 715 729 731 891 END
START 0 0 0 0 0 0 766 715 733 734 894 END
START 0 0 0 0 0 0 766 714 734 735 896 END
START 0 0 0 0 0 0 764 714 736 736 897 END
START 0 0 0 0 0 0 762 712 737 736 897 END
START 0 0 0 0 0 0 765 713 738 737 901 END
START 0 0 0 0 0 0 762 713 738 737 902 END
START 0 0 0 0 0 0 766 713 739 737 903 END
START 0 0 0 0 0 0 768 713 739 737 904 END
START 0 0 0 0 0 0 769 712 739 737 905 END
START 0 0 0 0 0 0 767 713 738 737 903 END
START 0 0 0 0 0 0 768 714 736 737 902 END
START 0 0 0 0 0 0 768 714 735 738 902 END
START 0 0 0 0 0 0 767 714 736 738 901 END
START 0 0 0 0 0 0 765 714 736 738 900 END
START 0 0 0 0 0 0 759 713 737 740 902 END
START 0 0 0 0 0 0 759 713 738 740 903 END
START 0 0 0 0 0 0 757 714 741 742 903 END
START 0 0 0 0 0 0 753 714 741 741 901 END
START 0 0 0 0 0 0 749 713 742 740 901 END
START 0 0 0 0 0 0 748 714 746 741 900 END
START 0 0 0 0 0 0 751 715 748 741 897 END
START 0 0 0 0 0 0 754 712 749 742 891 END
START 0 0 0 0 0 0 755 710 749 743 892 END
START 0 0 0 0 0 0 756 708 748 743 893 END
START 0 0 0 0 0 0 760 707 745 745 894 END
START 0 0 0 0 0 0 762 704 742 746 898 END
START 0 0 0 0 0 0 765 704 741 746 899 END
START 0 0 0 0 0 0 767 703 739 745 901 END
START 0 0 0 0 0 0 769 703 738 744 903 END
START 0 0 0 0 0 0 770 706 738 744 905 END
START 0 0 0 0 0 0 770 705 737 741 904 END
START 0 0 0 0 0 0 768 703 735 737 902 END
START 0 0 0 0 0 0 769 703 735 737 901 END
START 0 0 0 0 0 0 766 701 736 736 900 END
START 0 0 0 0 0 0 761 702 741 741 904 END
START 0 0 0 0 0 0 759 702 744 744 905 END
START 0 0 0 0 0 0 754 700 744 744 905 END
START 0 0 0 0 0 0 753 700 745 744 905 END
START 0 0 0 0 0 0 751 700 746 744 906 END
START 0 0 0 0 0 0 751 699 745 744 902 END
START 0 0 0 0 0 0 755 698 745 745 900 END
START 0 0 0 0 0 0 757 697 743 745 902 END
START 0 0 0 0 0 0 762 710 742 743 901 END
START 0 0 0 0 0 0 764 713 740 743 901 END
START 0 0 0 0 0 0 762 712 740 743 901 END
START 0 0 0 0 0 0 761 711 739 741 900 END
START 0 0 0 0 0 0 763 709 738 740 900 END
START 0 0 0 0 0 0 760 708 738 741 900 END
START 0 0 0 0 0 0 762 719 737 740 900 END
START 0 0 0 0 0 0 762 723 737 740 899 END
START 0 0 0 0 0 0 761 726 737 740 900 END
START 0 0 0 0 0 0 760 730 737 740 899 END
START 0 0 0 0 0 0 760 733 737 740 900 END
START 0 0 0 0 0 0 759 731 737 739 899 END
START 0 0 0 0 0 0 760 732 737 740 899 END
START 0 0 0 0 0 0 762 729 737 740 899 END
START 0 0 0 0 0 0 760 728 737 740 899 END
START 0 0 0 0 0 0 760 727 737 740 898 END
START 0 0 0 0 0 0 762 726 737 740 898 END
START 0 0 0 0 0 0 758 723 736 739 898 END
START 0 0 0 0 0 0 758 724 736 739 898 END
START 0 0 0 0 0 0 761 724 737 739 898 END
START 0 0 0 0 0 0 758 723 737 738 899 END
START 0 0 0 0 0 0 759 722 737 738 899 END
START 0 0 0 0 0 0 757 722 739 737 897 END
START 0 0 0 0 0 0 753 722 741 738 897 END
START 0 0 0 0 0 0 752 722 742 739 899 END
START 0 0 0 0 0 0 751 722 742 739 898 END
START 0 0 0 0 0 0 753 724 743 739 896 END
START 0 0 0 0 0 0 753 725 743 738 894 END
START 0 0 0 0 0 0 756 728 743 737 893 END
START 0 0 0 0 0 0 757 726 742 736 893 END
START 0 0 0 0 0 0 759 725 740 737 895 END
START 0 0 0 0 0 0 758 719 739 740 897 END
START 0 0 0 0 0 0 759 717 738 742 901 END
START 0 0 0 0 0 0 759 718 737 744 903 END
START 0 0 0 0 0 0 760 717 737 744 904 END
START 0 0 0 0 0 0 761 713 736 745 904 END
START 0 0 0 0 0 0 758 711 735 743 902 END
START 0 0 0 0 0 0 760 711 736 742 901 END
START 0 0 0 0 0 0 758 710 735 742 901 END
START 0 0 0 0 0 0 755 711 737 742 901 END
START 0 0 0 0 0 0 756 711 737 741 900 END
START 0 0 0 0 0 0 754 711 737 741 899 END
START 0 0 0 0 0 0 756 712 736 740 899 END
START 0 0 0 0 0 0 762 712 735 739 901 END
START 0 0 0 0 0 0 762 712 734 738 901 END
START 0 0 0 0 0 0 764 713 733 737 901 END
START 0 0 0 0 0 0 764 713 733 737 900 END
START 0 0 0 0 0 0 765 712 731 736 899 END
START 0 0 0 0 0 0 767 712 730 734 897 END
START 0 0 0 0 0 0 769 712 730 734 897 END
START 0 0 0 0 0 0 769 712 729 732 895 END
START 0 0 0 0 0 0 769 713 729 731 895 END
START 0 0 0 0 0 0 770 713 729 731 895 END
START 0 0 0 0 0 0 768 712 728 730 895 END
START 0 0 0 0 0 0 769 713 728 730 894 END
START 0 0 0 0 0 0 770 712 727 729 893 END
START 0 0 0 0 0 0 769 713 727 729 893 END
START 0 0 0 0 0 0 771 717 726 729 892 END
START 0 0 0 0 0 0 768 719 726 728 891 END
START 0 0 0 0 0 0 767 720 726 729 891 END
START 0 0 0 0 0 0 764 726 728 730 893 END
START 0 0 0 0 0 0 765 724 728 731 893 END
START 0 0 0 0 0 0 764 724 728 731 893 END
START 0 0 0 0 0 0 764 723 728 731 894 END
START 0 0 0 0 0 0 765 723 727 731 894 END
START 0 0 0 0 0 0 765 720 727 731 894 END
START 0 0 0 0 0 0 764 720 727 731 895 END
START 0 0 0 0 0 0 762 720 728 732 895 END
START 0 0 0 0 0 0 762 719 728 733 898 END
START 0 0 0 0 0 0 760 719 731 734 899 END
START 0 0 0 0 0 0 761 719 733 737 902 END
START 0 0 0 0 0 0 760 719 735 738 903 END
START 0 0 0 0 0 0 759 718 735 738 905 END
START 0 0 0 0 0 0 755 718 737 737 906 END
START 0 0 0 0 0 0 754 718 738 738 905 END
START 0 0 0 0 0 0 753 718 739 738 907 END
START 0 0 0 0 0 0 752 719 739 737 907 END
START 0 0 0 0 0 0 754 719 739 736 906 END
START 0 0 0 0 0 0 754 720 739 735 905 END
START 0 0 0 0 0 0 753 719 738 734 903 END
START 0 0 0 0 0 0 757 719 738 734 903 END
START 0 0 0 0 0 0 757 718 738 734 904 END
START 0 0 0 0 0 0 759 718 737 736 907 END
START 0 0 0 0 0 0 759 717 737 737 907 END
START 0 0 0 0 0 0 760 718 737 739 906 END
START 0 0 0 0 0 0 762 718 737 739 906 END
START 0 0 0 0 0 0 760 717 735 738 906 END
START 0 0 0 0 0 0 760 717 736 739 905 END
START 0 0 0 0 0 0 758 716 736 739 904 END
START 0 0 0 0 0 0 757 717 736 738 903 END
START 0 0 0 0 0 0 760 718 735 737 904 END
START 0 0 0 0 0 0 759 716 735 737 903 END
START 0 0 0 0 0 0 759 714 734 737 903 END
START 0 0 0 0 0 0 759 713 735 736 902 END
START 0 0 0 0 0 0 759 713 736 737 903 END
START 0 0 0 0 0 0 757 712 735 736 903 END
START 0 0 0 0 0 0 757 712 735 736 902 END
START 0 0 0 0 0 0 757 712 735 736 903 END
START 0 0 0 0 0 0 758 711 735 736 902 END
START 0 0 0 0 0 0 758 711 735 736 902 END
START 0 0 0 0 0 0 755 711 736 736 903 END
START 0 0 0 0 0 0 757 711 735 736 903 END
START 0 0 0 0 0 0 757 711 735 736 902 END
START 0 0 0 0 0 0 756 710 735 735 902 END
START 0 0 0 0 0 0 757 711 735 736 902 END
START 0 0 0 0 0 0 755 710 735 735 902 END
START 0 0 0 0 0 0 755 709 735 735 902 END
START 0 0 0 0 0 0 757 709 735 736 903 END
START 0 0 0 0 0 0 755 708 735 736 902 END
START 0 0 0 0 0 0 755 709 735 736 902 END
START 0 0 0 0 0 0 755 708 735 735 902 END
START 0 0 0 0 0 0 756 709 736 736 903 END
START 0 0 0 0 0 0 757 709 736 737 903 END
START 0 0 0 0 0 0 757 709 736 736 903 END
START 0 0 0 0 0 0 757 709 735 736 903 END
START 0 0 0 0 0 0 757 709 736 737 903 END
START 0 0 0 0 0 0 757 709 736 736 902 END
START 0 0 0 0 0 0 755 709 735 736 903 END
START 0 0 0 0 0 0 755 709 735 737 902 END
START 0 0 0 0 0 0 755 709 735 736 901 END
START 0 0 0 0 0 0 755 709 736 736 903 END
START 0 0 0 0 0 0 757 709 735 736 902 END
START 0 0 0 0 0 0 754 712 735 736 903 END
START 0 0 0 0 0 0 754 712 734 735 901 END
START 0 0 0 0 0 0 754 713 734 735 901 END
START 0 0 0 0 0 0 755 714 734 735 902 END
START 0 0 0 0 0 0 753 716 734 735 901 END
START 0 0 0 0 0 0 755 715 734 734 901 END
START 0 0 0 0 0 0 755 713 734 735 901 END
START 0 0 0 0 0 0 755 713 734 735 902 END
START 0 0 0 0 0 0 755 713 734 735 901 END
START 0 0 0 0 0 0 753 712 733 735 901 END
START 0 0 0 0 0 0 755 712 734 735 901 END
START 0 0 0 0 0 0 754 712 734 735 900 END
START 0 0 0 0 0 0 755 713 734 735 901 END
START 0 0 0 0 0 0 755 713 734 734 900 END
START 0 0 0 0 0 0 755 712 734 735 901 END
START 0 0 0 0 0 0 753 711 733 735 900 END
START 0 0 0 0 0 0 752 711 733 735 901 END
START 0 0 0 0 0 0 752 711 733 734 901 END
START 0 0 0 0 0 0 754 711 733 734 901 END
START 0 0 0 0 0 0 754 711 732 734 901 END
START 0 0 0 0 0 0 755 712 733 735 902 END
START 0 0 0 0 0 0 754 712 732 735 901 END
START 0 0 0 0 0 0 755 712 732 735 901 END
START 0 0 0 0 0 0 754 712 732 735 900 END
START 0 0 0 0 0 0 754 716 732 735 901 END
START 0 0 0 0 0 0 755 715 732 734 900 END
START 0 0 0 0 0 0 755 715 732 735 900 END
START 0 0 0 0 0 0 756 714 731 735 900 END
START 0 0 0 0 0 0 754 713 731 735 900 END
START 0 0 0 0 0 0 754 714 731 734 900 END
START 0 0 0 0 0 0 755 715 731 735 900 END
START 0 0 0 0 0 0 754 713 731 735 900 END
START 0 0 0 0 0 0 756 714 731 735 900 END
START 0 0 0 0 0 0 754 714 731 734 900 END
START 0 0 0 0 0 0 755 713 730 734 901 END
START 0 0 0 0 0 0 756 713 731 734 900 END
START 0 0 0 0 0 0 756 713 730 734 900 END
START 0 0 0 0 0 0 754 712 730 734 900 END
START 0 0 0 0 0 0 754 713 730 735 900 END
START 0 0 0 0 0 0 754 712 729 734 900 END
START 0 0 0 0 0 0 753 711 730 735 900 END
START 0 0 0 0 0 0 754 712 729 734 899 END
START 0 0 0 0 0 0 754 712 730 734 899 END
START 0 0 0 0 0 0 756 713 731 737 899 END
START 0 0 0 0 0 0 755 712 730 736 900 END
START 0 0 0 0 0 0 754 713 730 737 899 END
START 0 0 0 0 0 0 755 713 731 737 899 END
START 0 0 0 0 0 0 753 713 733 737 901 END
START 0 0 0 0 0 0 751 713 735 738 900 END
START 0 0 0 0 0 0 749 712 736 740 902 END
START 0 0 0 0 0 0 748 713 737 740 901 END
START 0 0 0 0 0 0 749 714 737 739 901 END
START 0 0 0 0 0 0 748 715 737 739 900 END
START 0 0 0 0 0 0 748 716 738 738 901 END
START 0 0 0 0 0 0 751 717 738 739 904 END
START 0 0 0 0 0 0 751 717 737 739 904 END
START 0 0 0 0 0 0 753 718 735 738 903 END
START 0 0 0 0 0 0 753 712 734 738 903 END
START 0 0 0 0 0 0 752 705 733 737 902 END
START 0 0 0 0 0 0 752 704 733 737 900 END
START 0 0 0 0 0 0 753 705 734 737 900 END
START 0 0 0 0 0 0 752 704 733 737 899 END
START 0 0 0 0 0 0 752 705 733 737 898 END
START 0 0 0 0 0 0 753 706 733 737 899 END
START 0 0 0 0 0 0 750 707 734 738 898 END
START 0 0 0 0 0 0 749 708 735 738 899 END
START 0 0 0 0 0 0 746 707 736 739 900 END
START 0 0 0 0 0 0 749 708 736 739 900 END
START 0 0 0 0 0 0 749 709 737 739 902 END
START 0 0 0 0 0 0 750 709 737 739 903 END
START 0 0 0 0 0 0 752 709 737 739 903 END
START 0 0 0 0 0 0 753 708 736 738 902 END
START 0 0 0 0 0 0 752 706 735 738 902 END
START 0 0 0 0 0 0 752 705 734 736 901 END
START 0 0 0 0 0 0 754 706 733 736 901 END
START 0 0 0 0 0 0 754 709 731 736 900 END
START 0 0 0 0 0 0 758 711 730 736 899 END
START 0 0 0 0 0 0 757 710 730 735 899 END
START 0 0 0 0 0 0 756 709 730 736 898 END
START 0 0 0 0 0 0 753 711 730 735 897 END
START 0 0 0 0 0 0 751 712 731 735 899 END
START 0 0 0 0 0 0 751 716 732 734 898 END
START 0 0 0 0 0 0 750 719 731 734 898 END
START 0 0 0 0 0 0 753 720 731 735 898 END
START 0 0 0 0 0 0 753 717 730 734 898 END
START 0 0 0 0 0 0 753 714 730 735 897 END
START 0 0 0 0 0 0 753 713 730 734 897 END
START 0 0 0 0 0 0 752 713 730 734 897 END
START 0 0 0 0 0 0 753 713 730 735 898 END
START 0 0 0 0 0 0 751 720 729 734 898 END
START 0 0 0 0 0 0 752 737 730 734 897 END
START 0 0 0 0 0 0 754 737 730 734 898 END
START 0 0 0 0 0 0 752 736 729 734 899 END
START 0 0 0 0 0 0 753 734 729 734 898 END
START 0 0 0 0 0 0 751 733 729 734 898 END
START 0 0 0 0 0 0 751 733 729 734 898 END
START 0 0 0 0 0 0 753 732 730 734 898 END
START 0 0 0 0 0 0 752 729 729 734 897 END
START 0 0 0 0 0 0 754 727 729 733 897 END
START 0 0 0 0 0 0 754 725 729 734 898 END
START 0 0 0 0 0 0 753 725 729 733 897 END
START 0 0 0 0 0 0 754 726 730 733 898 END
START 0 0 0 0 0 0 752 723 729 733 897 END
START 0 0 0 0 0 0 752 721 729 733 897 END
START 0 0 0 0 0 0 752 721 729 733 897 END
START 0 0 0 0 0 0 754 719 729 733 898 END
START 0 0 0 0 0 0 752 718 729 732 897 END
START 0 0 0 0 0 0 754 716 729 732 897 END
START 0 0 0 0 0 0 754 716 728 732 897 END
START 0 0 0 0 0 0 752 715 728 732 897 END
START 0 0 0 0 0 0 754 715 728 733 897 END
START 0 0 0 0 0 0 753 716 728 732 897 END
START 0 0 0 0 0 0 753 716 728 732 897 END
START 0 0 0 0 0 0 754 716 729 732 897 END
START 0 0 0 0 0 0 752 716 729 732 897 END
START 0 0 0 0 0 0 752 721 728 732 897 END
START 0 0 0 0 0 0 753 721 728 731 896 END
START 0 0 0 0 0 0 753 728 728 731 898 END
START 0 0 0 0 0 0 754 732 727 730 897 END
START 0 0 0 0 0 0 754 732 727 731 897 END
START 0 0 0 0 0 0 754 732 727 731 897 END
START 0 0 0 0 0 0 751 731 728 731 897 END
START 0 0 0 0 0 0 753 730 729 733 896 END
START 0 0 0 0 0 0 750 727 731 734 897 END
START 0 0 0 0 0 0 750 726 732 735 897 END
START 0 0 0 0 0 0 750 725 733 736 897 END
START 0 0 0 0 0 0 750 725 733 735 896 END
START 0 0 0 0 0 0 751 725 733 735 897 END
START 0 0 0 0 0 0 749 724 733 735 897 END
START 0 0 0 0 0 0 752 724 733 738 900 END
START 0 0 0 0 0 0 752 724 732 741 903 END
START 0 0 0 0 0 0 755 724 732 742 904 END
START 0 0 0 0 0 0 753 724 731 741 903 END
START 0 0 0 0 0 0 757 725 731 742 904 END
START 0 0 0 0 0 0 757 725 732 743 905 END
START 0 0 0 0 0 0 757 725 731 742 904 END
START 0 0 0 0 0 0 756 725 732 743 904 END
START 0 0 0 0 0 0 756 725 731 742 903 END
START 0 0 0 0 0 0 758 726 731 741 902 END
START 0 0 0 0 0 0 755 725 731 741 902 END
START 0 0 0 0 0 0 757 725 730 740 901 END
START 0 0 0 0 0 0 756 725 730 740 901 END
START 0 0 0 0 0 0 758 726 731 740 901 END
START 0 0 0 0 0 0 755 726 731 740 901 END
START 0 0 0 0 0 0 755 725 730 739 900 END
START 0 0 0 0 0 0 754 725 730 740 901 END
START 0 0 0 0 0 0 755 725 731 740 900 END
START 0 0 0 0 0 0 755 724 730 740 899 END
START 0 0 0 0 0 0 757 726 731 740 900 END
START 0 0 0 0 0 0 755 729 731 740 899 END
START 0 0 0 0 0 0 757 729 730 739 899 END
START 0 0 0 0 0 0 755 728 730 740 900 END
START 0 0 0 0 0 0 755 729 731 740 899 END
START 0 0 0 0 0 0 754 728 730 740 899 END
START 0 0 0 0 0 0 754 728 730 740 899 END
START 0 0 0 0 0 0 755 728 730 739 899 END
START 0 0 0 0 0 0 753 728 730 739 899 END
START 0 0 0 0 0 0 755 728 731 740 900 END
START 0 0 0 0 0 0 754 729 730 739 900 END
START 0 0 0 0 0 0 754 729 730 739 899 END
START 0 0 0 0 0 0 754 729 730 739 900 END
START 0 0 0 0 0 0 755 729 730 739 899 END
START 0 0 0 0 0 0 755 729 731 739 900 END
START 0 0 0 0 0 0 754 727 730 739 900 END
START 0 0 0 0 0 0 753 727 731 739 900 END
START 0 0 0 0 0 0 753 728 730 738 900 END
START 0 0 0 0 0 0 753 727 731 739 900 END
START 0 0 0 0 0 0 753 727 731 738 899 END
START 0 0 0 0 0 0 752 725 730 738 899 END
START 0 0 0 0 0 0 754 725 731 738 900 END
START 0 0 0 0 0 0 752 724 730 737 899 END
START 0 0 0 0 0 0 753 722 730 738 900 END
START 0 0 0 0 0 0 754 722 731 737 899 END
START 0 0 0 0 0 0 752 721 731 738 900 END
START 0 0 0 0 0 0 753 720 730 737 899 END
START 0 0 0 0 0 0 753 719 731 737 899 END
START 0 0 0 0 0 0 751 718 730 736 899 END
START 0 0 0 0 0 0 754 719 731 737 899 END
START 0 0 0 0 0 0 752 717 731 737 898 END
START 0 0 0 0 0 0 751 714 730 737 899 END
START 0 0 0 0 0 0 752 714 731 737 899 END
START 0 0 0 0 0 0 752 712 730 737 898 END
START 0 0 0 0 0 0 753 712 730 737 898 END
START 0 0 0 0 0 0 754 712 731 737 899 END
START 0 0 0 0 0 0 754 712 731 737 898 END
START 0 0 0 0 0 0 752 711 730 737 898 END
START 0 0 0 0 0 0 753 712 730 737 899 END
START 0 0 0 0 0 0 753 713 730 737 899 END
START 0 0 0 0 0 0 752 712 730 737 899 END
START 0 0 0 0 0 0 754 715 730 737 899 END
START 0 0 0 0 0 0 752 714 730 737 899 END
START 0 0 0 0 0 0 754 714 730 737 899 END
