START 0 0 0 0 0 0 632 729 727 733 902 END
START 0 0 0 0 0 0 634 742 728 734 903 END
START 0 0 0 0 0 0 632 768 730 738 904 END
START 0 0 0 0 0 0 630 778 733 740 905 END
START 0 0 0 0 0 0 631 782 734 742 905 END
START 0 0 0 0 0 0 635 788 737 743 906 END
START 0 0 0 0 0 0 635 789 738 744 907 END
START 0 0 0 0 0 0 634 789 739 744 907 END
START 0 0 0 0 0 0 634 787 739 745 907 END
START 0 0 0 0 0 0 632 787 740 746 905 END
START 0 0 0 0 0 0 629 786 738 745 905 END
START 0 0 0 0 0 0 626 785 738 746 905 END
START 0 0 0 0 0 0 625 784 738 746 905 END
START 0 0 0 0 0 0 625 783 737 746 904 END
START 0 0 0 0 0 0 626 783 737 746 904 END
START 0 0 0 0 0 0 627 783 738 746 904 END
START 0 0 0 0 0 0 626 782 737 746 903 END
START 0 0 0 0 0 0 626 782 737 746 903 END
START 0 0 0 0 0 0 626 782 737 746 904 END
START 0 0 0 0 0 0 626 782 737 746 905 END
START 0 0 0 0 0 0 626 783 737 746 904 END
START 0 0 0 0 0 0 627 783 737 746 904 END
START 0 0 0 0 0 0 627 783 737 746 904 END
START 0 0 0 0 0 0 628 782 737 746 903 END
START 0 0 0 0 0 0 627 781 737 746 903 END
START 0 0 0 0 0 0 628 781 737 746 903 END
START 0 0 0 0 0 0 628 782 738 748 905 END
START 0 0 0 0 0 0 629 781 739 748 904 END
START 0 0 0 0 0 0 630 781 740 749 905 END
START 0 0 0 0 0 0 630 781 739 749 905 END
START 0 0 0 0 0 0 630 781 739 748 905 END
START 0 0 0 0 0 0 630 781 739 748 905 END
START 0 0 0 0 0 0 628 780 738 748 904 END
START 0 0 0 0 0 0 628 780 738 748 906 END
START 0 0 0 0 0 0 628 780 738 748 905 END
START 0 0 0 0 0 0 629 780 738 747 904 END
START 0 0 0 0 0 0 628 779 738 748 905 END
START 0 0 0 0 0 0 628 780 738 747 905 END
START 0 0 0 0 0 0 629 780 738 747 906 END
START 0 0 0 0 0 0 628 779 737 747 905 END
START 0 0 0 0 0 0 629 779 738 747 906 END
START 0 0 0 0 0 0 628 779 738 747 906 END
START 0 0 0 0 0 0 629 779 738 747 906 END
START 0 0 0 0 0 0 628 779 737 747 906 END
START 0 0 0 0 0 0 628 779 737 747 906 END
START 0 0 0 0 0 0 628 779 737 747 906 END
START 0 0 0 0 0 0 629 780 738 747 906 END
START 0 0 0 0 0 0 629 780 738 747 905 END
START 0 0 0 0 0 0 629 780 737 747 904 END
START 0 0 0 0 0 0 629 779 737 747 904 END
START 0 0 0 0 0 0 629 779 738 747 904 END
START 0 0 0 0 0 0 629 779 737 746 903 END
START 0 0 0 0 0 0 629 780 738 747 904 END
START 0 0 0 0 0 0 629 779 737 747 904 END
START 0 0 0 0 0 0 629 779 737 746 904 END
START 0 0 0 0 0 0 629 779 737 746 904 END
START 0 0 0 0 0 0 629 779 736 746 903 END
START 0 0 0 0 0 0 628 778 737 747 904 END
START 0 0 0 0 0 0 628 778 737 746 903 END
START 0 0 0 0 0 0 629 779 737 747 900 END
START 0 0 0 0 0 0 629 778 736 746 903 END
START 0 0 0 0 0 0 629 779 736 746 903 END
START 0 0 0 0 0 0 628 779 737 746 904 END
START 0 0 0 0 0 0 628 779 737 746 904 END
START 0 0 0 0 0 0 629 779 736 745 905 END
START 0 0 0 0 0 0 629 778 736 746 907 END
START 0 0 0 0 0 0 630 778 736 745 906 END
START 0 0 0 0 0 0 630 778 736 745 908 END
START 0 0 0 0 0 0 630 777 735 744 910 END
START 0 0 0 0 0 0 629 777 734 743 909 END
START 0 0 0 0 0 0 630 776 733 742 910 END
START 0 0 0 0 0 0 631 776 734 742 911 END
START 0 0 0 0 0 0 630 775 733 742 910 END
START 0 0 0 0 0 0 631 775 735 742 910 END
START 0 0 0 0 0 0 632 776 735 743 910 END
START 0 0 0 0 0 0 632 775 734 743 911 END
START 0 0 0 0 0 0 632 776 735 742 911 END
START 0 0 0 0 0 0 632 776 735 743 910 END
START 0 0 0 0 0 0 632 776 735 743 911 END
START 0 0 0 0 0 0 631 776 735 743 911 END
START 0 0 0 0 0 0 631 776 734 743 910 END
START 0 0 0 0 0 0 629 775 733 742 910 END
START 0 0 0 0 0 0 630 776 734 742 910 END
START 0 0 0 0 0 0 629 775 733 742 909 END
START 0 0 0 0 0 0 630 775 734 742 909 END
START 0 0 0 0 0 0 629 775 734 742 909 END
START 0 0 0 0 0 0 629 775 734 743 909 END
START 0 0 0 0 0 0 628 775 734 743 908 END
START 0 0 0 0 0 0 627 775 733 742 908 END
START 0 0 0 0 0 0 626 773 733 742 908 END
START 0 0 0 0 0 0 625 773 733 742 904 END
START 0 0 0 0 0 0 630 774 732 742 908 END
START 0 0 0 0 0 0 631 775 732 742 907 END
START 0 0 0 0 0 0 631 775 733 743 907 END
START 0 0 0 0 0 0 632 775 732 743 907 END
START 0 0 0 0 0 0 632 775 733 743 907 END
START 0 0 0 0 0 0 632 775 733 743 907 END
START 0 0 0 0 0 0 632 776 733 743 907 END
START 0 0 0 0 0 0 633 776 736 745 907 END
START 0 0 0 0 0 0 637 776 740 747 907 END
START 0 0 0 0 0 0 640 776 741 748 907 END
START 0 0 0 0 0 0 642 776 741 748 907 END
START 0 0 0 0 0 0 643 776 741 748 908 END
START 0 0 0 0 0 0 643 776 742 748 907 END
START 0 0 0 0 0 0 644 777 743 748 907 END
START 0 0 0 0 0 0 644 777 742 749 907 END
START 0 0 0 0 0 0 644 777 743 748 907 END
START 0 0 0 0 0 0 646 777 743 749 907 END
START 0 0 0 0 0 0 646 778 742 748 906 END
START 0 0 0 0 0 0 646 778 743 749 908 END
START 0 0 0 0 0 0 645 777 742 748 906 END
START 0 0 0 0 0 0 645 778 742 748 907 END
START 0 0 0 0 0 0 646 778 743 748 907 END
START 0 0 0 0 0 0 645 778 742 748 906 END
START 0 0 0 0 0 0 646 778 742 747 906 END
START 0 0 0 0 0 0 643 778 742 747 907 END
START 0 0 0 0 0 0 643 778 741 747 907 END
START 0 0 0 0 0 0 641 777 741 746 907 END
START 0 0 0 0 0 0 640 777 741 746 907 END
START 0 0 0 0 0 0 640 777 740 746 907 END
START 0 0 0 0 0 0 638 776 740 746 907 END
START 0 0 0 0 0 0 639 777 739 746 907 END
START 0 0 0 0 0 0 639 777 740 746 907 END
START 0 0 0 0 0 0 639 777 740 746 907 END
START 0 0 0 0 0 0 639 777 740 746 907 END
START 0 0 0 0 0 0 639 777 740 746 907 END
START 0 0 0 0 0 0 638 777 740 747 906 END
START 0 0 0 0 0 0 638 779 740 747 907 END
START 0 0 0 0 0 0 639 776 740 746 906 END
START 0 0 0 0 0 0 639 776 740 747 907 END
START 0 0 0 0 0 0 642 777 741 746 903 END
START 0 0 0 0 0 0 643 775 742 746 907 END
START 0 0 0 0 0 0 646 775 742 748 908 END
START 0 0 0 0 0 0 646 773 742 747 908 END
START 0 0 0 0 0 0 646 773 742 747 909 END
START 0 0 0 0 0 0 645 772 740 746 909 END
START 0 0 0 0 0 0 645 772 742 746 909 END
START 0 0 0 0 0 0 645 773 742 746 909 END
START 0 0 0 0 0 0 645 772 741 745 909 END
START 0 0 0 0 0 0 644 772 741 746 909 END
START 0 0 0 0 0 0 643 772 740 746 910 END
START 0 0 0 0 0 0 640 770 737 746 910 END
START 0 0 0 0 0 0 639 769 736 746 910 END
START 0 0 0 0 0 0 637 769 735 746 910 END
START 0 0 0 0 0 0 635 767 735 747 909 END
START 0 0 0 0 0 0 636 766 740 749 908 END
START 0 0 0 0 0 0 637 765 744 749 909 END
START 0 0 0 0 0 0 640 766 746 748 908 END
START 0 0 0 0 0 0 639 766 746 747 906 END
START 0 0 0 0 0 0 640 767 745 746 906 END
START 0 0 0 0 0 0 640 766 744 745 906 END
START 0 0 0 0 0 0 637 764 738 742 905 END
START 0 0 0 0 0 0 634 756 730 738 906 END
START 0 0 0 0 0 0 630 742 724 730 901 END
START 0 0 0 0 0 0 623 739 720 722 896 END
START 0 0 0 0 0 0 622 741 721 718 892 END
START 0 0 0 0 0 0 623 744 728 718 891 END
START 0 0 0 0 0 0 630 747 740 723 891 END
START 0 0 0 0 0 0 634 749 745 730 890 END
START 0 0 0 0 0 0 637 751 747 737 896 END
START 0 0 0 0 0 0 636 752 747 747 904 END
START 0 0 0 0 0 0 635 753 744 750 907 END
START 0 0 0 0 0 0 635 753 742 752 914 END
START 0 0 0 0 0 0 635 752 739 753 913 END
START 0 0 0 0 0 0 635 752 738 753 915 END
START 0 0 0 0 0 0 634 752 736 752 914 END
START 0 0 0 0 0 0 631 754 734 751 913 END
START 0 0 0 0 0 0 628 758 734 751 913 END
START 0 0 0 0 0 0 626 762 735 750 912 END
START 0 0 0 0 0 0 626 764 736 750 912 END
START 0 0 0 0 0 0 630 768 736 749 912 END
START 0 0 0 0 0 0 627 770 734 744 910 END
START 0 0 0 0 0 0 624 768 734 743 912 END
START 0 0 0 0 0 0 627 770 737 743 911 END
START 0 0 0 0 0 0 637 772 742 745 912 END
START 0 0 0 0 0 0 644 773 746 745 912 END
START 0 0 0 0 0 0 650 775 748 745 913 END
START 0 0 0 0 0 0 651 775 748 745 912 END
START 0 0 0 0 0 0 652 777 749 747 912 END
START 0 0 0 0 0 0 651 777 747 746 911 END
START 0 0 0 0 0 0 649 776 746 746 912 END
START 0 0 0 0 0 0 646 777 745 745 911 END
START 0 0 0 0 0 0 641 777 743 744 911 END
START 0 0 0 0 0 0 639 775 743 743 912 END
START 0 0 0 0 0 0 639 773 742 743 911 END
START 0 0 0 0 0 0 640 772 741 743 909 END
START 0 0 0 0 0 0 639 770 741 743 909 END
START 0 0 0 0 0 0 639 770 741 743 910 END
START 0 0 0 0 0 0 641 771 741 743 909 END
START 0 0 0 0 0 0 640 770 741 743 910 END
START 0 0 0 0 0 0 637 770 742 743 909 END
START 0 0 0 0 0 0 635 768 742 743 909 END
START 0 0 0 0 0 0 634 767 740 743 910 END
START 0 0 0 0 0 0 632 767 739 743 910 END
START 0 0 0 0 0 0 632 767 740 744 911 END
START 0 0 0 0 0 0 631 767 739 744 912 END
START 0 0 0 0 0 0 631 767 740 748 912 END
START 0 0 0 0 0 0 633 769 740 751 914 END
START 0 0 0 0 0 0 636 770 741 752 913 END
START 0 0 0 0 0 0 639 771 742 752 912 END
START 0 0 0 0 0 0 638 769 740 751 912 END
START 0 0 0 0 0 0 631 767 739 749 911 END
START 0 0 0 0 0 0 627 761 738 747 911 END
START 0 0 0 0 0 0 624 759 739 747 911 END
START 0 0 0 0 0 0 622 758 738 748 910 END
START 0 0 0 0 0 0 621 757 738 749 911 END
START 0 0 0 0 0 0 620 757 739 749 911 END
START 0 0 0 0 0 0 623 758 738 749 910 END
START 0 0 0 0 0 0 629 761 740 749 910 END
START 0 0 0 0 0 0 640 767 743 748 911 END
START 0 0 0 0 0 0 645 768 745 748 911 END
START 0 0 0 0 0 0 642 767 743 746 910 END
START 0 0 0 0 0 0 638 766 741 746 909 END
START 0 0 0 0 0 0 635 764 740 747 909 END
START 0 0 0 0 0 0 629 761 739 746 909 END
START 0 0 0 0 0 0 625 759 737 746 910 END
START 0 0 0 0 0 0 622 758 736 745 910 END
START 0 0 0 0 0 0 619 755 735 745 910 END
START 0 0 0 0 0 0 620 750 734 744 908 END
START 0 0 0 0 0 0 623 740 733 745 909 END
START 0 0 0 0 0 0 627 734 733 743 907 END
START 0 0 0 0 0 0 631 735 734 746 908 END
START 0 0 0 0 0 0 637 740 734 745 908 END
START 0 0 0 0 0 0 640 752 735 745 908 END
START 0 0 0 0 0 0 638 758 735 745 908 END
START 0 0 0 0 0 0 636 762 736 744 908 END
START 0 0 0 0 0 0 637 765 739 744 908 END
START 0 0 0 0 0 0 636 767 739 745 908 END
START 0 0 0 0 0 0 636 768 740 745 908 END
START 0 0 0 0 0 0 635 768 739 744 908 END
START 0 0 0 0 0 0 634 768 739 744 909 END
START 0 0 0 0 0 0 633 768 739 744 908 END
START 0 0 0 0 0 0 630 766 738 744 908 END
START 0 0 0 0 0 0 631 766 739 744 908 END
START 0 0 0 0 0 0 631 766 738 744 908 END
START 0 0 0 0 0 0 631 766 738 745 909 END
START 0 0 0 0 0 0 637 766 739 744 908 END
START 0 0 0 0 0 0 643 766 742 744 908 END
START 0 0 0 0 0 0 646 767 743 745 908 END
START 0 0 0 0 0 0 646 768 743 745 909 END
START 0 0 0 0 0 0 643 768 742 745 908 END
START 0 0 0 0 0 0 640 768 738 745 908 END
START 0 0 0 0 0 0 636 759 736 743 911 END
START 0 0 0 0 0 0 632 756 734 743 908 END
START 0 0 0 0 0 0 628 755 733 743 908 END
START 0 0 0 0 0 0 635 762 735 744 908 END
START 0 0 0 0 0 0 647 771 739 744 908 END
START 0 0 0 0 0 0 652 774 741 744 908 END
START 0 0 0 0 0 0 652 773 742 745 909 END
START 0 0 0 0 0 0 654 774 741 744 909 END
START 0 0 0 0 0 0 653 774 742 745 909 END
START 0 0 0 0 0 0 656 775 742 744 909 END
START 0 0 0 0 0 0 654 773 740 744 909 END
START 0 0 0 0 0 0 654 774 740 744 909 END
START 0 0 0 0 0 0 654 775 740 744 909 END
START 0 0 0 0 0 0 653 774 740 744 909 END
START 0 0 0 0 0 0 652 774 740 744 910 END
START 0 0 0 0 0 0 651 775 739 744 909 END
START 0 0 0 0 0 0 650 774 739 744 909 END
START 0 0 0 0 0 0 650 774 741 745 909 END
START 0 0 0 0 0 0 649 775 741 745 908 END
START 0 0 0 0 0 0 651 776 741 745 909 END
START 0 0 0 0 0 0 649 776 740 744 909 END
START 0 0 0 0 0 0 645 776 739 744 908 END
START 0 0 0 0 0 0 643 775 738 744 909 END
START 0 0 0 0 0 0 642 775 738 744 909 END
START 0 0 0 0 0 0 644 773 738 744 909 END
START 0 0 0 0 0 0 646 773 737 745 909 END
START 0 0 0 0 0 0 646 773 736 744 908 END
START 0 0 0 0 0 0 645 771 735 743 907 END
START 0 0 0 0 0 0 647 767 732 741 907 END
START 0 0 0 0 0 0 646 757 726 735 908 END
START 0 0 0 0 0 0 638 753 725 735 908 END
START 0 0 0 0 0 0 637 755 726 736 909 END
START 0 0 0 0 0 0 640 759 729 737 909 END
START 0 0 0 0 0 0 646 764 732 739 908 END
START 0 0 0 0 0 0 648 767 736 740 909 END
START 0 0 0 0 0 0 649 769 738 741 909 END
START 0 0 0 0 0 0 653 771 740 741 909 END
START 0 0 0 0 0 0 651 771 740 741 909 END
START 0 0 0 0 0 0 652 772 739 742 908 END
START 0 0 0 0 0 0 652 772 739 742 908 END
START 0 0 0 0 0 0 650 771 738 742 909 END
START 0 0 0 0 0 0 649 770 736 741 908 END
START 0 0 0 0 0 0 643 772 736 741 907 END
START 0 0 0 0 0 0 642 770 735 740 907 END
START 0 0 0 0 0 0 643 770 736 741 908 END
START 0 0 0 0 0 0 643 770 737 742 907 END
START 0 0 0 0 0 0 645 771 737 742 907 END
START 0 0 0 0 0 0 648 771 738 740 911 END
START 0 0 0 0 0 0 649 772 738 742 907 END
START 0 0 0 0 0 0 648 769 740 741 907 END
START 0 0 0 0 0 0 645 770 736 741 908 END
START 0 0 0 0 0 0 644 770 737 742 907 END
START 0 0 0 0 0 0 641 767 735 741 907 END
START 0 0 0 0 0 0 639 765 734 741 907 END
START 0 0 0 0 0 0 633 763 733 741 907 END
START 0 0 0 0 0 0 632 763 733 742 907 END
START 0 0 0 0 0 0 631 763 733 742 908 END
START 0 0 0 0 0 0 632 763 732 742 907 END
START 0 0 0 0 0 0 635 764 733 742 906 END
START 0 0 0 0 0 0 635 765 732 742 907 END
START 0 0 0 0 0 0 635 765 733 742 907 END
START 0 0 0 0 0 0 638 766 734 743 908 END
START 0 0 0 0 0 0 640 766 734 744 910 END
START 0 0 0 0 0 0 641 766 735 745 911 END
START 0 0 0 0 0 0 641 766 735 744 911 END
START 0 0 0 0 0 0 643 765 733 743 910 END
START 0 0 0 0 0 0 644 765 735 742 911 END
START 0 0 0 0 0 0 645 765 736 741 911 END
START 0 0 0 0 0 0 647 767 736 739 911 END
START 0 0 0 0 0 0 650 766 736 738 913 END
START 0 0 0 0 0 0 651 765 736 737 913 END
START 0 0 0 0 0 0 654 766 737 738 912 END
START 0 0 0 0 0 0 653 763 735 737 910 END
START 0 0 0 0 0 0 653 760 734 738 911 END
START 0 0 0 0 0 0 648 754 733 738 910 END
START 0 0 0 0 0 0 647 746 732 737 911 END
START 0 0 0 0 0 0 646 742 728 733 910 END
START 0 0 0 0 0 0 648 738 721 726 909 END
START 0 0 0 0 0 0 652 738 716 721 907 END
START 0 0 0 0 0 0 658 747 712 719 906 END
START 0 0 0 0 0 0 657 756 716 719 907 END
START 0 0 0 0 0 0 656 764 726 726 910 END
START 0 0 0 0 0 0 653 767 734 735 912 END
START 0 0 0 0 0 0 651 769 739 740 913 END
START 0 0 0 0 0 0 647 769 741 742 913 END
START 0 0 0 0 0 0 644 768 740 743 913 END
START 0 0 0 0 0 0 642 769 740 744 914 END
START 0 0 0 0 0 0 647 772 737 744 913 END
START 0 0 0 0 0 0 648 771 733 741 910 END
START 0 0 0 0 0 0 650 769 730 738 911 END
START 0 0 0 0 0 0 652 766 726 733 908 END
START 0 0 0 0 0 0 650 763 721 725 907 END
START 0 0 0 0 0 0 647 762 718 720 905 END
START 0 0 0 0 0 0 643 762 717 719 905 END
START 0 0 0 0 0 0 640 765 717 719 906 END
START 0 0 0 0 0 0 641 770 727 728 909 END
START 0 0 0 0 0 0 644 773 734 735 910 END
START 0 0 0 0 0 0 648 774 740 741 911 END
START 0 0 0 0 0 0 651 773 742 744 913 END
START 0 0 0 0 0 0 651 772 741 746 914 END
START 0 0 0 0 0 0 651 772 739 748 915 END
START 0 0 0 0 0 0 650 771 735 748 913 END
START 0 0 0 0 0 0 648 771 734 747 912 END
START 0 0 0 0 0 0 645 772 734 746 911 END
START 0 0 0 0 0 0 647 778 737 747 913 END
START 0 0 0 0 0 0 651 781 739 746 912 END
START 0 0 0 0 0 0 652 783 740 746 913 END
START 0 0 0 0 0 0 652 783 742 746 912 END
START 0 0 0 0 0 0 651 781 744 747 914 END
START 0 0 0 0 0 0 651 779 745 749 914 END
START 0 0 0 0 0 0 651 777 745 750 914 END
START 0 0 0 0 0 0 652 773 744 750 913 END
START 0 0 0 0 0 0 652 770 741 751 911 END
START 0 0 0 0 0 0 652 768 739 751 913 END
START 0 0 0 0 0 0 652 767 737 752 913 END
START 0 0 0 0 0 0 649 767 735 750 911 END
START 0 0 0 0 0 0 646 769 734 749 911 END
START 0 0 0 0 0 0 644 773 735 746 910 END
START 0 0 0 0 0 0 642 774 735 746 910 END
START 0 0 0 0 0 0 640 772 735 745 909 END
START 0 0 0 0 0 0 640 767 734 745 909 END
START 0 0 0 0 0 0 640 764 732 744 909 END
START 0 0 0 0 0 0 641 763 733 744 909 END
START 0 0 0 0 0 0 644 759 730 741 908 END
START 0 0 0 0 0 0 643 757 728 739 907 END
START 0 0 0 0 0 0 642 753 728 736 906 END
START 0 0 0 0 0 0 642 750 730 736 907 END
START 0 0 0 0 0 0 643 748 731 736 906 END
START 0 0 0 0 0 0 635 748 730 737 906 END
START 0 0 0 0 0 0 628 746 729 736 906 END
START 0 0 0 0 0 0 622 746 729 736 906 END
START 0 0 0 0 0 0 618 745 728 736 905 END
START 0 0 0 0 0 0 616 746 727 736 907 END
START 0 0 0 0 0 0 617 746 726 736 905 END
START 0 0 0 0 0 0 626 745 726 736 905 END
START 0 0 0 0 0 0 636 745 726 736 905 END
START 0 0 0 0 0 0 641 745 727 735 906 END
START 0 0 0 0 0 0 649 746 731 736 904 END
START 0 0 0 0 0 0 666 751 735 738 906 END
START 0 0 0 0 0 0 669 751 735 737 905 END
START 0 0 0 0 0 0 669 753 737 739 906 END
START 0 0 0 0 0 0 668 753 738 738 906 END
START 0 0 0 0 0 0 670 754 737 738 906 END
START 0 0 0 0 0 0 670 754 736 738 906 END
START 0 0 0 0 0 0 670 755 735 739 906 END
START 0 0 0 0 0 0 671 755 733 739 906 END
START 0 0 0 0 0 0 670 755 733 739 906 END
START 0 0 0 0 0 0 671 755 733 739 907 END
START 0 0 0 0 0 0 670 756 732 739 906 END
START 0 0 0 0 0 0 672 757 732 739 906 END
START 0 0 0 0 0 0 673 760 731 740 907 END
START 0 0 0 0 0 0 674 761 730 739 906 END
START 0 0 0 0 0 0 675 762 729 738 906 END
START 0 0 0 0 0 0 674 762 731 739 906 END
START 0 0 0 0 0 0 670 762 734 739 905 END
START 0 0 0 0 0 0 666 760 736 740 907 END
START 0 0 0 0 0 0 660 759 735 740 907 END
START 0 0 0 0 0 0 657 759 734 740 907 END
