START 0 0 0 0 0 0 681 693 648 764 889 END
START 0 0 0 0 0 0 681 692 648 765 889 END
START 0 0 0 0 0 0 680 691 646 764 888 END
START 0 0 0 0 0 0 681 691 646 764 887 END
START 0 0 0 0 0 0 680 690 647 764 888 END
START 0 0 0 0 0 0 680 690 645 763 887 END
START 0 0 0 0 0 0 680 690 646 764 888 END
START 0 0 0 0 0 0 680 690 647 764 887 END
START 0 0 0 0 0 0 680 690 646 763 888 END
START 0 0 0 0 0 0 679 690 646 762 887 END
START 0 0 0 0 0 0 680 691 646 763 887 END
START 0 0 0 0 0 0 680 690 645 762 887 END
START 0 0 0 0 0 0 680 690 645 762 887 END
START 0 0 0 0 0 0 679 691 646 762 887 END
START 0 0 0 0 0 0 678 689 646 762 887 END
START 0 0 0 0 0 0 679 690 647 762 887 END
START 0 0 0 0 0 0 679 690 646 762 887 END
START 0 0 0 0 0 0 679 690 646 762 886 END
START 0 0 0 0 0 0 679 690 647 762 887 END
START 0 0 0 0 0 0 679 689 646 763 887 END
START 0 0 0 0 0 0 680 690 646 763 887 END
START 0 0 0 0 0 0 679 689 646 763 887 END
START 0 0 0 0 0 0 679 688 646 763 886 END
START 0 0 0 0 0 0 678 687 646 763 885 END
START 0 0 0 0 0 0 678 688 645 762 885 END
START 0 0 0 0 0 0 678 688 645 762 885 END
START 0 0 0 0 0 0 679 688 645 762 885 END
START 0 0 0 0 0 0 680 689 645 762 885 END
START 0 0 0 0 0 0 680 689 645 763 886 END
START 0 0 0 0 0 0 679 687 644 763 885 END
START 0 0 0 0 0 0 680 687 643 762 885 END
START 0 0 0 0 0 0 679 688 645 762 883 END
START 0 0 0 0 0 0 679 693 647 761 886 END
START 0 0 0 0 0 0 680 696 654 762 885 END
START 0 0 0 0 0 0 678 697 657 762 885 END
START 0 0 0 0 0 0 678 704 658 764 885 END
START 0 0 0 0 0 0 677 707 659 764 885 END
START 0 0 0 0 0 0 676 709 664 763 886 END
START 0 0 0 0 0 0 676 706 663 763 885 END
START 0 0 0 0 0 0 676 704 661 763 886 END
START 0 0 0 0 0 0 675 703 661 763 886 END
START 0 0 0 0 0 0 675 703 660 762 887 END
START 0 0 0 0 0 0 676 703 660 762 887 END
START 0 0 0 0 0 0 676 703 660 762 887 END
START 0 0 0 0 0 0 675 703 660 761 887 END
START 0 0 0 0 0 0 676 702 660 762 886 END
START 0 0 0 0 0 0 675 702 660 762 886 END
START 0 0 0 0 0 0 675 702 660 761 886 END
START 0 0 0 0 0 0 676 702 661 762 887 END
START 0 0 0 0 0 0 675 701 662 762 887 END
START 0 0 0 0 0 0 676 702 663 760 887 END
START 0 0 0 0 0 0 676 702 664 761 886 END
START 0 0 0 0 0 0 675 701 666 761 886 END
START 0 0 0 0 0 0 676 701 665 761 886 END
START 0 0 0 0 0 0 675 701 666 760 887 END
START 0 0 0 0 0 0 676 701 666 760 886 END
START 0 0 0 0 0 0 675 701 666 761 887 END
START 0 0 0 0 0 0 677 702 665 760 887 END
START 0 0 0 0 0 0 677 702 663 760 886 END
START 0 0 0 0 0 0 676 702 664 760 886 END
START 0 0 0 0 0 0 675 702 664 760 885 END
START 0 0 0 0 0 0 676 702 664 760 886 END
START 0 0 0 0 0 0 676 703 664 760 886 END
START 0 0 0 0 0 0 677 701 664 760 886 END
START 0 0 0 0 0 0 676 702 664 760 887 END
START 0 0 0 0 0 0 678 702 664 760 886 END
START 0 0 0 0 0 0 677 704 664 759 884 END
START 0 0 0 0 0 0 677 704 663 759 884 END
START 0 0 0 0 0 0 678 703 663 759 883 END
START 0 0 0 0 0 0 678 702 663 759 884 END
START 0 0 0 0 0 0 677 702 663 759 883 END
START 0 0 0 0 0 0 678 702 662 759 883 END
START 0 0 0 0 0 0 678 698 661 760 882 END
START 0 0 0 0 0 0 679 695 659 760 883 END
START 0 0 0 0 0 0 678 695 658 759 882 END
START 0 0 0 0 0 0 678 696 659 758 882 END
START 0 0 0 0 0 0 677 697 659 759 882 END
START 0 0 0 0 0 0 678 698 659 759 882 END
START 0 0 0 0 0 0 677 703 661 759 882 END
START 0 0 0 0 0 0 677 703 660 759 882 END
START 0 0 0 0 0 0 678 703 659 758 884 END
START 0 0 0 0 0 0 677 702 657 758 882 END
START 0 0 0 0 0 0 678 699 656 758 884 END
START 0 0 0 0 0 0 677 697 655 758 882 END
START 0 0 0 0 0 0 677 696 653 757 883 END
START 0 0 0 0 0 0 677 696 653 758 883 END
START 0 0 0 0 0 0 677 696 652 757 882 END
START 0 0 0 0 0 0 678 695 652 757 882 END
START 0 0 0 0 0 0 677 695 652 757 882 END
START 0 0 0 0 0 0 678 695 653 757 882 END
START 0 0 0 0 0 0 677 695 652 758 882 END
START 0 0 0 0 0 0 678 695 652 756 882 END
START 0 0 0 0 0 0 678 696 652 758 882 END
START 0 0 0 0 0 0 678 695 652 757 882 END
START 0 0 0 0 0 0 678 696 652 757 881 END
START 0 0 0 0 0 0 678 696 652 757 882 END
START 0 0 0 0 0 0 677 696 653 757 882 END
START 0 0 0 0 0 0 678 696 652 757 881 END
START 0 0 0 0 0 0 677 697 653 757 882 END
START 0 0 0 0 0 0 677 696 652 758 881 END
START 0 0 0 0 0 0 678 697 652 756 881 END
START 0 0 0 0 0 0 678 697 652 757 881 END
START 0 0 0 0 0 0 678 697 652 757 881 END
START 0 0 0 0 0 0 676 696 652 757 881 END
START 0 0 0 0 0 0 678 696 652 757 882 END
START 0 0 0 0 0 0 677 696 652 757 881 END
START 0 0 0 0 0 0 677 697 652 757 882 END
START 0 0 0 0 0 0 678 698 653 756 882 END
START 0 0 0 0 0 0 677 697 653 756 882 END
START 0 0 0 0 0 0 678 697 653 756 882 END
START 0 0 0 0 0 0 677 696 653 757 881 END
START 0 0 0 0 0 0 678 696 653 756 882 END
START 0 0 0 0 0 0 677 696 652 756 881 END
START 0 0 0 0 0 0 677 695 652 756 881 END
START 0 0 0 0 0 0 677 695 652 756 881 END
START 0 0 0 0 0 0 678 695 652 756 881 END
START 0 0 0 0 0 0 677 694 652 756 881 END
START 0 0 0 0 0 0 676 694 652 756 881 END
START 0 0 0 0 0 0 677 693 652 755 880 END
START 0 0 0 0 0 0 677 694 651 756 880 END
START 0 0 0 0 0 0 675 693 651 755 881 END
START 0 0 0 0 0 0 676 694 652 756 881 END
START 0 0 0 0 0 0 676 693 652 756 881 END
START 0 0 0 0 0 0 675 693 652 756 881 END
START 0 0 0 0 0 0 676 693 651 756 881 END
START 0 0 0 0 0 0 676 694 651 756 881 END
START 0 0 0 0 0 0 676 694 651 756 880 END
START 0 0 0 0 0 0 675 693 652 756 881 END
START 0 0 0 0 0 0 675 694 651 756 881 END
START 0 0 0 0 0 0 676 694 652 756 881 END
START 0 0 0 0 0 0 675 694 652 756 880 END
START 0 0 0 0 0 0 676 694 652 756 880 END
START 0 0 0 0 0 0 676 693 651 756 880 END
START 0 0 0 0 0 0 675 694 652 757 881 END
START 0 0 0 0 0 0 675 694 652 757 880 END
START 0 0 0 0 0 0 676 694 652 757 881 END
START 0 0 0 0 0 0 675 694 651 757 880 END
START 0 0 0 0 0 0 675 693 652 757 880 END
START 0 0 0 0 0 0 674 693 652 757 880 END
START 0 0 0 0 0 0 674 693 652 757 880 END
START 0 0 0 0 0 0 674 693 652 757 880 END
START 0 0 0 0 0 0 675 694 652 757 880 END
START 0 0 0 0 0 0 674 694 652 757 881 END
START 0 0 0 0 0 0 674 693 653 756 880 END
START 0 0 0 0 0 0 675 693 652 756 880 END
START 0 0 0 0 0 0 674 695 652 757 880 END
START 0 0 0 0 0 0 674 692 652 757 880 END
START 0 0 0 0 0 0 674 694 652 757 881 END
START 0 0 0 0 0 0 674 693 652 756 880 END
START 0 0 0 0 0 0 673 693 652 757 880 END
START 0 0 0 0 0 0 674 693 652 757 880 END
START 0 0 0 0 0 0 674 693 652 757 879 END
START 0 0 0 0 0 0 673 693 652 757 880 END
START 0 0 0 0 0 0 673 692 652 757 879 END
START 0 0 0 0 0 0 673 693 652 756 880 END
START 0 0 0 0 0 0 674 693 652 757 881 END
START 0 0 0 0 0 0 674 692 652 757 880 END
START 0 0 0 0 0 0 674 693 652 757 880 END
START 0 0 0 0 0 0 674 693 652 756 879 END
START 0 0 0 0 0 0 674 693 652 757 880 END
START 0 0 0 0 0 0 673 692 652 756 879 END
START 0 0 0 0 0 0 673 692 652 756 879 END
START 0 0 0 0 0 0 673 693 652 757 880 END
START 0 0 0 0 0 0 673 692 652 758 879 END
START 0 0 0 0 0 0 674 692 651 757 879 END
START 0 0 0 0 0 0 673 692 652 757 879 END
START 0 0 0 0 0 0 672 692 651 757 880 END
START 0 0 0 0 0 0 673 692 651 757 879 END
START 0 0 0 0 0 0 673 691 649 757 879 END
START 0 0 0 0 0 0 672 692 649 757 879 END
START 0 0 0 0 0 0 671 692 649 757 880 END
START 0 0 0 0 0 0 673 692 649 757 879 END
START 0 0 0 0 0 0 671 690 649 757 880 END
START 0 0 0 0 0 0 671 690 648 757 880 END
START 0 0 0 0 0 0 671 690 648 757 880 END
START 0 0 0 0 0 0 671 690 648 757 880 END
START 0 0 0 0 0 0 671 690 648 757 880 END
START 0 0 0 0 0 0 671 690 648 757 880 END
START 0 0 0 0 0 0 670 690 648 757 880 END
START 0 0 0 0 0 0 670 690 648 757 879 END
START 0 0 0 0 0 0 670 690 648 757 880 END
START 0 0 0 0 0 0 669 690 648 757 880 END
START 0 0 0 0 0 0 671 690 649 757 881 END
START 0 0 0 0 0 0 669 690 648 756 879 END
START 0 0 0 0 0 0 671 690 648 756 879 END
START 0 0 0 0 0 0 670 690 648 757 879 END
START 0 0 0 0 0 0 669 689 648 756 879 END
START 0 0 0 0 0 0 670 690 648 756 879 END
START 0 0 0 0 0 0 669 691 648 756 879 END
START 0 0 0 0 0 0 670 690 648 757 879 END
START 0 0 0 0 0 0 669 690 647 755 878 END
START 0 0 0 0 0 0 669 690 648 755 878 END
START 0 0 0 0 0 0 668 691 648 756 878 END
START 0 0 0 0 0 0 669 689 647 756 878 END
START 0 0 0 0 0 0 669 689 647 756 879 END
START 0 0 0 0 0 0 669 689 648 756 876 END
START 0 0 0 0 0 0 669 689 648 755 877 END
START 0 0 0 0 0 0 669 688 648 756 878 END
START 0 0 0 0 0 0 669 688 648 756 878 END
START 0 0 0 0 0 0 670 689 648 756 878 END
START 0 0 0 0 0 0 670 689 647 756 878 END
START 0 0 0 0 0 0 670 690 648 756 878 END
START 0 0 0 0 0 0 669 690 647 756 878 END
START 0 0 0 0 0 0 669 689 647 756 878 END
START 0 0 0 0 0 0 669 689 647 756 878 END
START 0 0 0 0 0 0 669 689 647 756 878 END
START 0 0 0 0 0 0 669 689 648 755 878 END
START 0 0 0 0 0 0 669 689 649 755 878 END
START 0 0 0 0 0 0 670 690 648 755 878 END
START 0 0 0 0 0 0 669 689 647 754 878 END
START 0 0 0 0 0 0 669 688 648 755 878 END
START 0 0 0 0 0 0 669 689 648 755 877 END
START 0 0 0 0 0 0 670 689 648 755 878 END
START 0 0 0 0 0 0 669 689 647 755 877 END
START 0 0 0 0 0 0 669 690 647 755 877 END
START 0 0 0 0 0 0 669 689 648 755 878 END
START 0 0 0 0 0 0 668 689 648 754 877 END
START 0 0 0 0 0 0 668 689 647 755 877 END
START 0 0 0 0 0 0 669 688 648 755 877 END
START 0 0 0 0 0 0 670 689 648 756 879 END
START 0 0 0 0 0 0 670 689 647 756 878 END
START 0 0 0 0 0 0 670 689 647 756 877 END
START 0 0 0 0 0 0 669 688 647 755 877 END
START 0 0 0 0 0 0 669 688 647 756 878 END
START 0 0 0 0 0 0 668 689 646 757 878 END
START 0 0 0 0 0 0 668 688 647 756 878 END
START 0 0 0 0 0 0 669 689 647 756 877 END
START 0 0 0 0 0 0 668 688 647 756 877 END
START 0 0 0 0 0 0 668 688 646 756 877 END
START 0 0 0 0 0 0 669 688 647 756 877 END
START 0 0 0 0 0 0 669 688 647 756 877 END
START 0 0 0 0 0 0 668 688 648 757 877 END
START 0 0 0 0 0 0 668 688 648 755 877 END
START 0 0 0 0 0 0 669 689 647 756 877 END
START 0 0 0 0 0 0 668 688 647 755 876 END
START 0 0 0 0 0 0 668 688 647 755 876 END
START 0 0 0 0 0 0 667 688 647 754 876 END
START 0 0 0 0 0 0 668 687 647 756 877 END
START 0 0 0 0 0 0 668 687 647 756 877 END
START 0 0 0 0 0 0 666 689 647 755 876 END
START 0 0 0 0 0 0 667 688 647 755 877 END
START 0 0 0 0 0 0 668 688 647 755 876 END
START 0 0 0 0 0 0 667 688 647 755 876 END
START 0 0 0 0 0 0 668 687 647 755 876 END
START 0 0 0 0 0 0 668 687 647 755 876 END
START 0 0 0 0 0 0 668 688 647 756 876 END
START 0 0 0 0 0 0 668 688 648 755 877 END
START 0 0 0 0 0 0 668 687 648 756 877 END
START 0 0 0 0 0 0 667 687 647 755 877 END
START 0 0 0 0 0 0 668 688 648 755 877 END
START 0 0 0 0 0 0 667 688 648 755 876 END
START 0 0 0 0 0 0 667 687 648 754 876 END
START 0 0 0 0 0 0 667 688 648 755 877 END
START 0 0 0 0 0 0 668 689 648 755 876 END
START 0 0 0 0 0 0 668 688 648 755 876 END
START 0 0 0 0 0 0 667 687 647 755 876 END
START 0 0 0 0 0 0 667 687 648 755 876 END
START 0 0 0 0 0 0 667 688 648 755 877 END
START 0 0 0 0 0 0 667 688 648 755 876 END
START 0 0 0 0 0 0 667 688 648 755 877 END
START 0 0 0 0 0 0 667 687 648 755 876 END
START 0 0 0 0 0 0 667 688 648 755 876 END
START 0 0 0 0 0 0 667 688 648 755 876 END
START 0 0 0 0 0 0 667 688 648 755 876 END
START 0 0 0 0 0 0 668 689 648 754 876 END
START 0 0 0 0 0 0 667 688 648 756 877 END
START 0 0 0 0 0 0 667 688 648 754 876 END
START 0 0 0 0 0 0 667 689 648 754 876 END
START 0 0 0 0 0 0 667 688 648 755 877 END
START 0 0 0 0 0 0 667 689 648 755 877 END
START 0 0 0 0 0 0 667 688 648 755 877 END
START 0 0 0 0 0 0 667 688 648 754 877 END
START 0 0 0 0 0 0 667 688 649 755 876 END
START 0 0 0 0 0 0 668 689 650 755 877 END
START 0 0 0 0 0 0 667 688 650 755 877 END
START 0 0 0 0 0 0 667 689 651 755 876 END
START 0 0 0 0 0 0 667 688 650 754 877 END
START 0 0 0 0 0 0 667 689 650 754 876 END
START 0 0 0 0 0 0 667 688 650 754 877 END
START 0 0 0 0 0 0 667 688 649 754 877 END
START 0 0 0 0 0 0 667 689 649 755 877 END
START 0 0 0 0 0 0 667 688 650 754 877 END
START 0 0 0 0 0 0 666 687 650 754 877 END
START 0 0 0 0 0 0 666 687 649 754 877 END
START 0 0 0 0 0 0 665 687 650 754 876 END
START 0 0 0 0 0 0 665 687 649 754 876 END
START 0 0 0 0 0 0 666 687 650 755 876 END
START 0 0 0 0 0 0 665 687 649 754 876 END
START 0 0 0 0 0 0 666 687 649 755 876 END
START 0 0 0 0 0 0 665 687 649 754 876 END
START 0 0 0 0 0 0 665 687 650 754 876 END
START 0 0 0 0 0 0 665 687 649 754 876 END
START 0 0 0 0 0 0 665 687 650 754 877 END
START 0 0 0 0 0 0 666 687 650 754 876 END
START 0 0 0 0 0 0 665 687 649 754 876 END
START 0 0 0 0 0 0 666 687 649 754 877 END
START 0 0 0 0 0 0 665 687 649 754 875 END
START 0 0 0 0 0 0 666 687 649 754 877 END
START 0 0 0 0 0 0 665 686 649 754 876 END
START 0 0 0 0 0 0 666 686 649 755 876 END
START 0 0 0 0 0 0 665 686 650 754 876 END
START 0 0 0 0 0 0 666 687 649 754 877 END
START 0 0 0 0 0 0 665 687 650 754 875 END
START 0 0 0 0 0 0 665 687 649 753 875 END
START 0 0 0 0 0 0 665 687 650 754 876 END
START 0 0 0 0 0 0 665 687 649 754 876 END
START 0 0 0 0 0 0 665 687 649 754 876 END
START 0 0 0 0 0 0 665 687 649 754 875 END
START 0 0 0 0 0 0 666 687 649 754 876 END
START 0 0 0 0 0 0 665 687 649 754 876 END
START 0 0 0 0 0 0 665 687 649 753 876 END
START 0 0 0 0 0 0 665 687 649 754 876 END
START 0 0 0 0 0 0 665 686 649 754 876 END
START 0 0 0 0 0 0 666 687 649 754 876 END
START 0 0 0 0 0 0 665 687 649 754 876 END
START 0 0 0 0 0 0 665 686 649 753 875 END
START 0 0 0 0 0 0 665 687 648 754 877 END
START 0 0 0 0 0 0 665 687 649 754 877 END
START 0 0 0 0 0 0 665 687 649 754 876 END
START 0 0 0 0 0 0 666 687 649 754 876 END
START 0 0 0 0 0 0 665 686 649 754 876 END
START 0 0 0 0 0 0 664 686 649 754 876 END
START 0 0 0 0 0 0 664 687 649 754 876 END
START 0 0 0 0 0 0 665 686 649 754 876 END
START 0 0 0 0 0 0 665 687 649 753 876 END
START 0 0 0 0 0 0 665 686 649 753 877 END
START 0 0 0 0 0 0 665 687 649 753 876 END
START 0 0 0 0 0 0 665 686 649 754 876 END
START 0 0 0 0 0 0 665 686 649 754 877 END
START 0 0 0 0 0 0 665 687 649 754 878 END
START 0 0 0 0 0 0 666 687 649 753 877 END
START 0 0 0 0 0 0 665 686 649 753 876 END
START 0 0 0 0 0 0 665 686 649 754 877 END
START 0 0 0 0 0 0 665 687 649 754 877 END
START 0 0 0 0 0 0 664 686 649 754 877 END
START 0 0 0 0 0 0 666 687 649 753 877 END
START 0 0 0 0 0 0 664 686 649 753 876 END
START 0 0 0 0 0 0 665 686 649 753 877 END
START 0 0 0 0 0 0 664 687 649 753 877 END
START 0 0 0 0 0 0 664 688 650 754 878 END
START 0 0 0 0 0 0 664 688 649 753 878 END
START 0 0 0 0 0 0 664 687 649 753 877 END
START 0 0 0 0 0 0 664 687 650 754 878 END
START 0 0 0 0 0 0 665 686 649 753 877 END
START 0 0 0 0 0 0 664 687 650 754 877 END
START 0 0 0 0 0 0 663 687 650 753 877 END
START 0 0 0 0 0 0 664 686 649 752 877 END
START 0 0 0 0 0 0 665 687 649 753 877 END
START 0 0 0 0 0 0 663 686 649 755 878 END
START 0 0 0 0 0 0 662 685 649 755 879 END
START 0 0 0 0 0 0 663 686 650 755 878 END
START 0 0 0 0 0 0 663 686 649 754 878 END
START 0 0 0 0 0 0 663 686 649 755 877 END
START 0 0 0 0 0 0 663 687 650 754 878 END
START 0 0 0 0 0 0 664 686 650 754 878 END
START 0 0 0 0 0 0 664 686 654 754 879 END
START 0 0 0 0 0 0 663 687 654 754 878 END
START 0 0 0 0 0 0 663 686 653 754 877 END
START 0 0 0 0 0 0 664 686 653 753 878 END
START 0 0 0 0 0 0 664 687 653 754 878 END
START 0 0 0 0 0 0 664 686 653 753 879 END
START 0 0 0 0 0 0 663 686 653 753 879 END
START 0 0 0 0 0 0 663 686 653 754 878 END
START 0 0 0 0 0 0 663 686 652 753 877 END
START 0 0 0 0 0 0 663 686 653 753 878 END
START 0 0 0 0 0 0 663 686 652 753 878 END
START 0 0 0 0 0 0 663 686 652 754 878 END
START 0 0 0 0 0 0 663 687 653 754 877 END
START 0 0 0 0 0 0 663 686 652 753 877 END
START 0 0 0 0 0 0 663 686 652 753 877 END
START 0 0 0 0 0 0 662 686 653 753 877 END
START 0 0 0 0 0 0 662 686 652 754 878 END
START 0 0 0 0 0 0 662 687 653 753 877 END
START 0 0 0 0 0 0 663 686 652 753 877 END
START 0 0 0 0 0 0 662 686 653 753 877 END
START 0 0 0 0 0 0 663 686 652 753 878 END
START 0 0 0 0 0 0 663 686 653 753 877 END
START 0 0 0 0 0 0 662 686 652 753 877 END
START 0 0 0 0 0 0 662 687 652 753 877 END
START 0 0 0 0 0 0 662 686 653 753 877 END
START 0 0 0 0 0 0 662 686 651 753 877 END
START 0 0 0 0 0 0 663 686 652 753 877 END
START 0 0 0 0 0 0 663 686 652 754 878 END
START 0 0 0 0 0 0 662 686 653 753 878 END
START 0 0 0 0 0 0 662 686 652 753 877 END
START 0 0 0 0 0 0 662 686 652 753 877 END
START 0 0 0 0 0 0 663 686 652 753 877 END
START 0 0 0 0 0 0 662 686 652 753 876 END
START 0 0 0 0 0 0 662 686 652 754 877 END
START 0 0 0 0 0 0 662 686 652 753 878 END
START 0 0 0 0 0 0 663 687 653 755 877 END
START 0 0 0 0 0 0 662 687 653 754 877 END
START 0 0 0 0 0 0 661 687 653 754 877 END
START 0 0 0 0 0 0 661 687 652 754 877 END
START 0 0 0 0 0 0 661 687 652 753 877 END
START 0 0 0 0 0 0 662 687 652 752 877 END
START 0 0 0 0 0 0 662 687 652 753 878 END
START 0 0 0 0 0 0 661 687 651 754 874 END
START 0 0 0 0 0 0 662 688 653 754 877 END
START 0 0 0 0 0 0 662 687 653 754 878 END
