START 0 0 0 0 0 0 661 610 560 757 902 END
START 0 0 0 0 0 0 660 609 560 757 902 END
START 0 0 0 0 0 0 658 610 560 758 902 END
START 0 0 0 0 0 0 656 610 560 759 902 END
START 0 0 0 0 0 0 655 610 560 759 902 END
START 0 0 0 0 0 0 654 610 560 759 902 END
START 0 0 0 0 0 0 650 610 561 762 903 END
START 0 0 0 0 0 0 642 611 562 765 902 END
START 0 0 0 0 0 0 647 612 565 763 901 END
START 0 0 0 0 0 0 644 613 567 764 901 END
START 0 0 0 0 0 0 639 614 568 764 899 END
START 0 0 0 0 0 0 639 615 569 763 899 END
START 0 0 0 0 0 0 638 615 570 763 899 END
START 0 0 0 0 0 0 638 616 570 763 898 END
START 0 0 0 0 0 0 642 616 571 762 898 END
START 0 0 0 0 0 0 653 619 572 760 899 END
START 0 0 0 0 0 0 658 620 572 759 899 END
START 0 0 0 0 0 0 663 620 572 759 900 END
START 0 0 0 0 0 0 668 621 571 757 900 END
START 0 0 0 0 0 0 668 621 571 757 900 END
START 0 0 0 0 0 0 667 622 571 756 900 END
START 0 0 0 0 0 0 667 622 571 755 900 END
START 0 0 0 0 0 0 667 623 572 755 901 END
START 0 0 0 0 0 0 669 623 572 754 900 END
START 0 0 0 0 0 0 670 624 574 753 901 END
START 0 0 0 0 0 0 671 626 579 753 903 END
START 0 0 0 0 0 0 671 627 581 753 904 END
START 0 0 0 0 0 0 671 628 582 753 905 END
START 0 0 0 0 0 0 670 628 583 753 906 END
START 0 0 0 0 0 0 669 628 585 753 906 END
START 0 0 0 0 0 0 665 629 587 755 906 END
START 0 0 0 0 0 0 664 628 587 756 906 END
START 0 0 0 0 0 0 664 627 587 755 906 END
START 0 0 0 0 0 0 661 626 586 755 906 END
START 0 0 0 0 0 0 658 625 585 755 904 END
START 0 0 0 0 0 0 656 624 585 759 902 END
START 0 0 0 0 0 0 653 624 586 760 900 END
START 0 0 0 0 0 0 648 626 585 759 898 END
START 0 0 0 0 0 0 642 627 583 759 895 END
START 0 0 0 0 0 0 640 627 581 758 894 END
START 0 0 0 0 0 0 638 627 581 757 893 END
START 0 0 0 0 0 0 637 627 581 757 892 END
START 0 0 0 0 0 0 637 627 581 756 892 END
START 0 0 0 0 0 0 635 628 581 755 892 END
START 0 0 0 0 0 0 635 628 582 754 892 END
START 0 0 0 0 0 0 636 628 581 752 892 END
START 0 0 0 0 0 0 638 628 582 752 892 END
START 0 0 0 0 0 0 643 629 585 753 894 END
START 0 0 0 0 0 0 648 631 587 755 897 END
START 0 0 0 0 0 0 658 633 589 756 899 END
START 0 0 0 0 0 0 669 633 589 753 902 END
START 0 0 0 0 0 0 676 633 590 752 903 END
START 0 0 0 0 0 0 679 633 589 751 903 END
START 0 0 0 0 0 0 686 634 590 749 904 END
START 0 0 0 0 0 0 695 635 592 749 906 END
START 0 0 0 0 0 0 698 635 592 748 906 END
START 0 0 0 0 0 0 696 636 593 749 906 END
START 0 0 0 0 0 0 694 636 593 749 906 END
START 0 0 0 0 0 0 690 636 592 748 906 END
START 0 0 0 0 0 0 677 636 592 751 905 END
START 0 0 0 0 0 0 660 636 591 759 905 END
START 0 0 0 0 0 0 649 635 589 763 904 END
START 0 0 0 0 0 0 646 635 587 765 904 END
START 0 0 0 0 0 0 644 634 587 765 904 END
START 0 0 0 0 0 0 645 634 587 765 904 END
START 0 0 0 0 0 0 646 634 587 764 904 END
START 0 0 0 0 0 0 651 634 587 762 903 END
START 0 0 0 0 0 0 655 634 587 760 904 END
START 0 0 0 0 0 0 667 635 588 757 903 END
START 0 0 0 0 0 0 667 634 586 756 900 END
START 0 0 0 0 0 0 659 635 585 751 896 END
START 0 0 0 0 0 0 656 635 585 749 897 END
START 0 0 0 0 0 0 651 634 584 746 896 END
START 0 0 0 0 0 0 646 634 586 750 897 END
START 0 0 0 0 0 0 644 634 586 755 897 END
START 0 0 0 0 0 0 643 633 584 759 899 END
START 0 0 0 0 0 0 647 634 583 759 901 END
START 0 0 0 0 0 0 655 634 582 757 903 END
START 0 0 0 0 0 0 666 634 583 755 904 END
START 0 0 0 0 0 0 677 634 584 754 905 END
START 0 0 0 0 0 0 688 635 585 753 906 END
START 0 0 0 0 0 0 697 636 587 752 907 END
START 0 0 0 0 0 0 701 639 589 751 907 END
START 0 0 0 0 0 0 704 642 592 752 908 END
START 0 0 0 0 0 0 710 647 594 755 909 END
START 0 0 0 0 0 0 714 650 596 755 909 END
START 0 0 0 0 0 0 714 653 600 752 910 END
START 0 0 0 0 0 0 712 653 604 751 911 END
START 0 0 0 0 0 0 713 654 604 751 911 END
START 0 0 0 0 0 0 714 653 604 750 912 END
START 0 0 0 0 0 0 715 653 604 750 911 END
START 0 0 0 0 0 0 717 653 602 750 910 END
START 0 0 0 0 0 0 718 652 602 749 911 END
START 0 0 0 0 0 0 718 652 602 749 910 END
START 0 0 0 0 0 0 718 652 602 749 910 END
START 0 0 0 0 0 0 718 651 600 750 910 END
START 0 0 0 0 0 0 721 649 598 754 910 END
START 0 0 0 0 0 0 723 648 597 760 908 END
START 0 0 0 0 0 0 701 647 602 757 908 END
START 0 0 0 0 0 0 678 646 602 758 905 END
START 0 0 0 0 0 0 669 644 601 761 903 END
START 0 0 0 0 0 0 663 642 599 763 903 END
START 0 0 0 0 0 0 660 638 598 763 902 END
START 0 0 0 0 0 0 657 631 592 765 903 END
START 0 0 0 0 0 0 656 622 584 765 903 END
START 0 0 0 0 0 0 655 615 575 765 903 END
START 0 0 0 0 0 0 654 612 569 764 903 END
START 0 0 0 0 0 0 654 610 565 764 903 END
START 0 0 0 0 0 0 655 608 561 763 904 END
START 0 0 0 0 0 0 656 606 560 762 903 END
START 0 0 0 0 0 0 657 606 559 762 903 END
START 0 0 0 0 0 0 657 607 558 761 904 END
START 0 0 0 0 0 0 658 607 557 761 904 END
START 0 0 0 0 0 0 659 607 556 761 904 END
START 0 0 0 0 0 0 660 607 555 761 903 END
START 0 0 0 0 0 0 659 607 554 761 903 END
START 0 0 0 0 0 0 658 606 554 761 902 END
START 0 0 0 0 0 0 658 605 553 761 902 END
START 0 0 0 0 0 0 659 606 553 761 903 END
START 0 0 0 0 0 0 653 608 554 763 901 END
START 0 0 0 0 0 0 648 612 554 764 900 END
START 0 0 0 0 0 0 642 612 555 764 900 END
START 0 0 0 0 0 0 632 612 554 766 900 END
START 0 0 0 0 0 0 626 611 554 768 900 END
START 0 0 0 0 0 0 620 611 554 768 899 END
START 0 0 0 0 0 0 615 611 555 767 899 END
START 0 0 0 0 0 0 614 611 555 765 899 END
START 0 0 0 0 0 0 617 612 555 766 899 END
START 0 0 0 0 0 0 624 613 556 766 899 END
START 0 0 0 0 0 0 634 614 557 767 900 END
START 0 0 0 0 0 0 643 615 559 767 902 END
START 0 0 0 0 0 0 647 616 560 768 904 END
START 0 0 0 0 0 0 648 617 563 767 905 END
START 0 0 0 0 0 0 648 617 564 767 904 END
START 0 0 0 0 0 0 647 618 565 767 904 END
START 0 0 0 0 0 0 646 618 566 766 903 END
START 0 0 0 0 0 0 645 618 567 765 902 END
START 0 0 0 0 0 0 652 618 567 763 902 END
START 0 0 0 0 0 0 665 617 565 761 900 END
START 0 0 0 0 0 0 669 616 564 761 900 END
START 0 0 0 0 0 0 685 616 563 760 901 END
START 0 0 0 0 0 0 688 615 563 758 901 END
START 0 0 0 0 0 0 692 615 564 758 902 END
START 0 0 0 0 0 0 696 616 565 757 905 END
START 0 0 0 0 0 0 697 617 566 758 905 END
START 0 0 0 0 0 0 700 618 567 758 904 END
START 0 0 0 0 0 0 699 620 567 758 903 END
START 0 0 0 0 0 0 697 621 568 756 903 END
START 0 0 0 0 0 0 693 622 569 757 902 END
START 0 0 0 0 0 0 686 622 570 758 901 END
START 0 0 0 0 0 0 669 622 571 758 901 END
START 0 0 0 0 0 0 656 622 571 760 902 END
START 0 0 0 0 0 0 647 621 571 762 901 END
START 0 0 0 0 0 0 642 620 570 764 901 END
START 0 0 0 0 0 0 641 619 570 764 901 END
START 0 0 0 0 0 0 636 619 570 765 900 END
START 0 0 0 0 0 0 633 619 570 765 900 END
START 0 0 0 0 0 0 631 620 569 765 899 END
START 0 0 0 0 0 0 629 621 570 763 899 END
START 0 0 0 0 0 0 627 622 572 762 898 END
START 0 0 0 0 0 0 626 624 584 759 901 END
START 0 0 0 0 0 0 625 624 588 759 901 END
START 0 0 0 0 0 0 623 624 588 758 900 END
START 0 0 0 0 0 0 622 623 586 757 900 END
START 0 0 0 0 0 0 619 623 583 757 898 END
START 0 0 0 0 0 0 619 623 582 756 897 END
START 0 0 0 0 0 0 620 623 582 755 896 END
START 0 0 0 0 0 0 631 626 582 756 897 END
START 0 0 0 0 0 0 645 630 582 758 902 END
START 0 0 0 0 0 0 648 631 583 758 904 END
START 0 0 0 0 0 0 649 633 586 757 905 END
START 0 0 0 0 0 0 647 634 588 757 907 END
START 0 0 0 0 0 0 645 637 590 757 908 END
START 0 0 0 0 0 0 644 638 592 756 908 END
START 0 0 0 0 0 0 642 639 591 756 907 END
START 0 0 0 0 0 0 636 639 588 755 904 END
START 0 0 0 0 0 0 635 638 586 752 903 END
START 0 0 0 0 0 0 634 638 585 750 902 END
START 0 0 0 0 0 0 634 637 592 752 901 END
START 0 0 0 0 0 0 633 637 594 752 900 END
START 0 0 0 0 0 0 633 637 592 752 899 END
START 0 0 0 0 0 0 631 636 589 752 898 END
START 0 0 0 0 0 0 629 635 585 753 898 END
START 0 0 0 0 0 0 627 635 582 756 898 END
START 0 0 0 0 0 0 626 632 580 760 899 END
START 0 0 0 0 0 0 631 630 579 765 901 END
START 0 0 0 0 0 0 633 628 578 768 903 END
START 0 0 0 0 0 0 633 626 578 770 902 END
START 0 0 0 0 0 0 634 625 578 769 901 END
START 0 0 0 0 0 0 635 624 577 769 901 END
START 0 0 0 0 0 0 634 624 575 768 900 END
START 0 0 0 0 0 0 637 623 573 767 900 END
START 0 0 0 0 0 0 638 623 572 766 899 END
START 0 0 0 0 0 0 640 623 571 765 900 END
START 0 0 0 0 0 0 641 622 570 764 899 END
START 0 0 0 0 0 0 640 621 569 765 900 END
START 0 0 0 0 0 0 641 619 568 764 899 END
START 0 0 0 0 0 0 640 618 567 763 899 END
START 0 0 0 0 0 0 640 617 566 763 899 END
START 0 0 0 0 0 0 639 617 566 764 899 END
START 0 0 0 0 0 0 639 617 566 763 899 END
START 0 0 0 0 0 0 636 618 566 763 900 END
START 0 0 0 0 0 0 633 618 566 764 899 END
START 0 0 0 0 0 0 628 618 567 764 899 END
START 0 0 0 0 0 0 621 618 567 761 898 END
START 0 0 0 0 0 0 625 618 569 759 897 END
START 0 0 0 0 0 0 643 621 570 756 897 END
START 0 0 0 0 0 0 649 622 570 755 896 END
START 0 0 0 0 0 0 658 623 569 756 896 END
START 0 0 0 0 0 0 668 624 570 755 897 END
START 0 0 0 0 0 0 667 626 570 754 897 END
START 0 0 0 0 0 0 669 626 571 756 898 END
START 0 0 0 0 0 0 664 626 571 758 897 END
START 0 0 0 0 0 0 650 625 571 761 898 END
START 0 0 0 0 0 0 640 623 571 764 898 END
START 0 0 0 0 0 0 636 623 570 765 899 END
START 0 0 0 0 0 0 632 622 570 765 899 END
START 0 0 0 0 0 0 631 622 570 765 897 END
START 0 0 0 0 0 0 630 622 570 764 896 END
START 0 0 0 0 0 0 631 622 571 762 896 END
START 0 0 0 0 0 0 650 625 573 759 897 END
START 0 0 0 0 0 0 664 627 574 757 899 END
START 0 0 0 0 0 0 676 630 575 757 899 END
START 0 0 0 0 0 0 686 634 577 756 900 END
START 0 0 0 0 0 0 684 640 579 755 900 END
START 0 0 0 0 0 0 682 642 580 754 899 END
START 0 0 0 0 0 0 678 642 580 754 898 END
START 0 0 0 0 0 0 674 642 580 755 898 END
START 0 0 0 0 0 0 665 640 580 755 898 END
START 0 0 0 0 0 0 649 639 579 759 898 END
START 0 0 0 0 0 0 641 638 576 761 898 END
START 0 0 0 0 0 0 637 635 573 762 897 END
START 0 0 0 0 0 0 636 630 569 762 896 END
START 0 0 0 0 0 0 636 623 564 762 895 END
START 0 0 0 0 0 0 637 617 560 762 894 END
START 0 0 0 0 0 0 637 613 557 760 893 END
START 0 0 0 0 0 0 636 610 555 761 894 END
START 0 0 0 0 0 0 632 608 554 762 894 END
START 0 0 0 0 0 0 631 607 553 761 893 END
START 0 0 0 0 0 0 625 607 553 761 893 END
START 0 0 0 0 0 0 617 608 553 759 892 END
START 0 0 0 0 0 0 611 608 553 757 890 END
START 0 0 0 0 0 0 608 608 552 756 892 END
START 0 0 0 0 0 0 604 607 552 753 891 END
START 0 0 0 0 0 0 604 608 552 752 890 END
START 0 0 0 0 0 0 608 609 553 752 890 END
START 0 0 0 0 0 0 615 610 554 754 890 END
START 0 0 0 0 0 0 620 611 556 754 892 END
START 0 0 0 0 0 0 625 612 558 756 894 END
START 0 0 0 0 0 0 628 614 562 758 896 END
START 0 0 0 0 0 0 631 616 566 759 898 END
START 0 0 0 0 0 0 630 618 571 758 900 END
START 0 0 0 0 0 0 629 619 577 757 901 END
START 0 0 0 0 0 0 628 619 581 757 902 END
START 0 0 0 0 0 0 625 618 581 756 901 END
START 0 0 0 0 0 0 623 618 579 754 900 END
START 0 0 0 0 0 0 622 617 575 751 900 END
START 0 0 0 0 0 0 621 617 573 746 896 END
START 0 0 0 0 0 0 620 617 573 744 893 END
START 0 0 0 0 0 0 619 617 573 742 892 END
START 0 0 0 0 0 0 618 618 573 741 892 END
START 0 0 0 0 0 0 618 619 573 741 891 END
START 0 0 0 0 0 0 618 619 574 740 892 END
START 0 0 0 0 0 0 620 621 577 744 897 END
START 0 0 0 0 0 0 623 624 582 747 903 END
START 0 0 0 0 0 0 626 627 585 749 904 END
START 0 0 0 0 0 0 626 628 587 751 904 END
START 0 0 0 0 0 0 627 631 590 752 906 END
START 0 0 0 0 0 0 626 633 593 753 906 END
START 0 0 0 0 0 0 626 633 598 752 905 END
START 0 0 0 0 0 0 627 633 599 753 905 END
START 0 0 0 0 0 0 632 633 597 754 904 END
START 0 0 0 0 0 0 637 632 592 754 903 END
START 0 0 0 0 0 0 644 630 587 754 903 END
START 0 0 0 0 0 0 645 628 582 752 903 END
START 0 0 0 0 0 0 643 626 579 751 903 END
START 0 0 0 0 0 0 641 624 576 751 902 END
START 0 0 0 0 0 0 641 623 575 750 903 END
START 0 0 0 0 0 0 640 621 573 749 904 END
START 0 0 0 0 0 0 641 619 571 749 903 END
START 0 0 0 0 0 0 643 615 566 750 903 END
START 0 0 0 0 0 0 644 612 562 749 903 END
START 0 0 0 0 0 0 645 610 560 749 901 END
START 0 0 0 0 0 0 644 610 559 749 901 END
START 0 0 0 0 0 0 645 609 558 749 900 END
START 0 0 0 0 0 0 645 609 558 750 901 END
START 0 0 0 0 0 0 645 608 557 749 900 END
START 0 0 0 0 0 0 645 608 556 749 899 END
START 0 0 0 0 0 0 644 607 557 750 899 END
START 0 0 0 0 0 0 644 609 558 751 899 END
START 0 0 0 0 0 0 641 612 559 752 899 END
START 0 0 0 0 0 0 634 615 560 749 897 END
START 0 0 0 0 0 0 627 616 561 743 894 END
START 0 0 0 0 0 0 620 618 561 736 892 END
START 0 0 0 0 0 0 614 621 561 734 891 END
START 0 0 0 0 0 0 612 622 563 733 890 END
START 0 0 0 0 0 0 612 623 563 732 890 END
START 0 0 0 0 0 0 610 624 564 732 889 END
START 0 0 0 0 0 0 609 625 564 732 889 END
START 0 0 0 0 0 0 610 626 565 732 890 END
START 0 0 0 0 0 0 617 628 567 737 893 END
START 0 0 0 0 0 0 629 630 572 743 896 END
START 0 0 0 0 0 0 639 632 576 746 901 END
START 0 0 0 0 0 0 642 632 580 747 902 END
START 0 0 0 0 0 0 643 633 583 748 902 END
START 0 0 0 0 0 0 637 633 584 749 902 END
START 0 0 0 0 0 0 634 634 584 750 902 END
START 0 0 0 0 0 0 630 634 584 752 898 END
START 0 0 0 0 0 0 627 634 586 752 900 END
START 0 0 0 0 0 0 628 635 585 752 897 END
START 0 0 0 0 0 0 633 635 583 750 895 END
START 0 0 0 0 0 0 627 634 580 745 896 END
START 0 0 0 0 0 0 622 633 579 741 893 END
START 0 0 0 0 0 0 620 633 578 738 892 END
START 0 0 0 0 0 0 617 633 578 735 890 END
START 0 0 0 0 0 0 613 634 577 733 889 END
START 0 0 0 0 0 0 607 634 576 735 889 END
START 0 0 0 0 0 0 606 635 577 739 890 END
START 0 0 0 0 0 0 614 636 578 745 894 END
START 0 0 0 0 0 0 627 637 582 747 897 END
START 0 0 0 0 0 0 639 638 589 748 902 END
START 0 0 0 0 0 0 646 640 595 750 904 END
START 0 0 0 0 0 0 646 641 597 750 905 END
START 0 0 0 0 0 0 645 642 598 750 905 END
START 0 0 0 0 0 0 643 642 599 751 905 END
START 0 0 0 0 0 0 639 641 599 751 905 END
START 0 0 0 0 0 0 636 641 599 751 904 END
START 0 0 0 0 0 0 633 641 599 750 902 END
START 0 0 0 0 0 0 626 641 597 744 902 END
START 0 0 0 0 0 0 624 640 595 740 900 END
START 0 0 0 0 0 0 621 640 593 737 898 END
START 0 0 0 0 0 0 618 640 591 734 896 END
START 0 0 0 0 0 0 616 640 591 733 895 END
START 0 0 0 0 0 0 614 640 590 732 894 END
START 0 0 0 0 0 0 614 640 590 734 895 END
START 0 0 0 0 0 0 615 641 591 739 898 END
START 0 0 0 0 0 0 617 642 593 743 903 END
START 0 0 0 0 0 0 622 642 593 744 905 END
START 0 0 0 0 0 0 629 642 593 745 904 END
START 0 0 0 0 0 0 636 641 592 748 904 END
START 0 0 0 0 0 0 639 640 591 748 905 END
START 0 0 0 0 0 0 641 639 590 748 906 END
START 0 0 0 0 0 0 643 638 589 748 907 END
START 0 0 0 0 0 0 644 637 588 748 907 END
START 0 0 0 0 0 0 643 636 587 748 908 END
START 0 0 0 0 0 0 640 635 586 748 907 END
START 0 0 0 0 0 0 638 634 586 749 906 END
START 0 0 0 0 0 0 634 632 584 750 907 END
START 0 0 0 0 0 0 631 632 583 751 906 END
START 0 0 0 0 0 0 625 632 581 752 906 END
START 0 0 0 0 0 0 622 633 581 753 905 END
START 0 0 0 0 0 0 620 633 580 751 905 END
START 0 0 0 0 0 0 631 632 579 752 905 END
START 0 0 0 0 0 0 643 632 578 750 905 END
START 0 0 0 0 0 0 651 630 574 749 904 END
START 0 0 0 0 0 0 654 625 569 746 905 END
START 0 0 0 0 0 0 657 621 565 746 904 END
START 0 0 0 0 0 0 660 616 562 746 903 END
START 0 0 0 0 0 0 660 614 559 746 903 END
START 0 0 0 0 0 0 664 612 558 745 904 END
START 0 0 0 0 0 0 668 612 557 745 902 END
START 0 0 0 0 0 0 673 611 557 745 903 END
START 0 0 0 0 0 0 683 612 557 745 901 END
START 0 0 0 0 0 0 685 612 557 744 901 END
START 0 0 0 0 0 0 690 613 558 744 902 END
START 0 0 0 0 0 0 694 615 558 744 903 END
START 0 0 0 0 0 0 698 616 559 744 903 END
START 0 0 0 0 0 0 700 617 560 744 903 END
START 0 0 0 0 0 0 702 618 560 744 903 END
START 0 0 0 0 0 0 701 619 561 745 903 END
START 0 0 0 0 0 0 701 619 561 745 904 END
START 0 0 0 0 0 0 699 620 562 745 904 END
START 0 0 0 0 0 0 698 621 562 745 903 END
START 0 0 0 0 0 0 696 621 562 745 903 END
START 0 0 0 0 0 0 694 622 563 744 903 END
START 0 0 0 0 0 0 694 622 563 744 903 END
START 0 0 0 0 0 0 695 622 564 743 903 END
START 0 0 0 0 0 0 692 623 565 743 902 END
START 0 0 0 0 0 0 690 624 566 743 902 END
START 0 0 0 0 0 0 688 624 567 743 902 END
START 0 0 0 0 0 0 684 625 567 744 902 END
START 0 0 0 0 0 0 683 626 568 744 902 END
START 0 0 0 0 0 0 680 627 569 745 902 END
START 0 0 0 0 0 0 679 627 570 745 902 END
START 0 0 0 0 0 0 678 627 570 745 901 END
START 0 0 0 0 0 0 675 627 571 746 901 END
START 0 0 0 0 0 0 672 628 571 748 901 END
START 0 0 0 0 0 0 669 628 571 748 900 END
START 0 0 0 0 0 0 666 628 571 748 900 END
START 0 0 0 0 0 0 657 629 571 751 901 END
START 0 0 0 0 0 0 655 628 571 750 901 END
START 0 0 0 0 0 0 652 628 571 751 901 END
START 0 0 0 0 0 0 650 629 571 752 900 END
START 0 0 0 0 0 0 648 629 571 751 901 END
START 0 0 0 0 0 0 647 629 573 750 901 END
START 0 0 0 0 0 0 650 630 573 749 900 END
START 0 0 0 0 0 0 650 630 573 747 901 END
START 0 0 0 0 0 0 651 631 574 747 901 END
