START 0 0 0 0 0 0 763 618 561 531 666 END
START 0 0 0 0 0 0 762 617 560 530 665 END
START 0 0 0 0 0 0 763 616 558 528 661 END
START 0 0 0 0 0 0 758 615 555 524 656 END
START 0 0 0 0 0 0 761 614 554 522 655 END
START 0 0 0 0 0 0 759 610 552 520 656 END
START 0 0 0 0 0 0 759 609 552 520 661 END
START 0 0 0 0 0 0 759 608 552 520 664 END
START 0 0 0 0 0 0 758 608 552 520 666 END
START 0 0 0 0 0 0 758 607 551 520 666 END
START 0 0 0 0 0 0 757 607 551 519 666 END
START 0 0 0 0 0 0 757 607 551 520 669 END
START 0 0 0 0 0 0 758 607 551 520 669 END
START 0 0 0 0 0 0 756 607 551 520 669 END
START 0 0 0 0 0 0 756 607 551 520 670 END
START 0 0 0 0 0 0 756 607 551 520 671 END
START 0 0 0 0 0 0 756 607 551 520 671 END
START 0 0 0 0 0 0 756 606 551 521 677 END
START 0 0 0 0 0 0 754 607 552 521 680 END
START 0 0 0 0 0 0 754 607 552 522 680 END
START 0 0 0 0 0 0 755 606 552 522 680 END
START 0 0 0 0 0 0 754 606 551 521 680 END
START 0 0 0 0 0 0 754 606 552 522 681 END
START 0 0 0 0 0 0 753 606 552 522 682 END
START 0 0 0 0 0 0 753 606 552 522 684 END
START 0 0 0 0 0 0 752 606 552 522 685 END
START 0 0 0 0 0 0 754 606 552 522 685 END
START 0 0 0 0 0 0 752 606 552 522 688 END
START 0 0 0 0 0 0 752 606 552 523 690 END
START 0 0 0 0 0 0 751 606 552 523 693 END
START 0 0 0 0 0 0 752 606 553 523 695 END
START 0 0 0 0 0 0 751 606 553 523 696 END
START 0 0 0 0 0 0 751 606 553 523 698 END
START 0 0 0 0 0 0 751 606 553 523 698 END
START 0 0 0 0 0 0 750 606 552 523 699 END
START 0 0 0 0 0 0 751 606 553 523 699 END
START 0 0 0 0 0 0 749 605 553 523 700 END
START 0 0 0 0 0 0 749 606 554 524 704 END
START 0 0 0 0 0 0 749 606 554 525 709 END
START 0 0 0 0 0 0 751 606 555 525 712 END
START 0 0 0 0 0 0 750 606 554 525 712 END
START 0 0 0 0 0 0 749 606 554 525 709 END
START 0 0 0 0 0 0 750 606 554 525 706 END
START 0 0 0 0 0 0 748 606 553 525 695 END
START 0 0 0 0 0 0 748 606 553 525 691 END
START 0 0 0 0 0 0 748 606 553 525 689 END
START 0 0 0 0 0 0 748 606 553 525 689 END
START 0 0 0 0 0 0 747 606 553 525 688 END
START 0 0 0 0 0 0 748 607 553 526 689 END
START 0 0 0 0 0 0 747 605 553 526 690 END
START 0 0 0 0 0 0 747 606 553 526 690 END
START 0 0 0 0 0 0 746 606 553 526 689 END
START 0 0 0 0 0 0 747 606 553 525 689 END
START 0 0 0 0 0 0 745 606 553 526 689 END
START 0 0 0 0 0 0 746 606 553 526 689 END
START 0 0 0 0 0 0 746 606 553 525 689 END
START 0 0 0 0 0 0 747 606 553 525 691 END
START 0 0 0 0 0 0 746 606 553 526 689 END
START 0 0 0 0 0 0 746 606 553 525 689 END
START 0 0 0 0 0 0 747 606 553 525 689 END
START 0 0 0 0 0 0 745 606 553 526 689 END
START 0 0 0 0 0 0 745 606 553 526 689 END
START 0 0 0 0 0 0 746 606 553 526 688 END
START 0 0 0 0 0 0 745 606 553 525 688 END
START 0 0 0 0 0 0 744 606 552 525 687 END
START 0 0 0 0 0 0 744 605 553 526 687 END
START 0 0 0 0 0 0 744 606 553 526 687 END
START 0 0 0 0 0 0 745 606 553 526 687 END
START 0 0 0 0 0 0 744 605 552 525 687 END
START 0 0 0 0 0 0 743 605 552 525 686 END
START 0 0 0 0 0 0 744 605 552 525 687 END
START 0 0 0 0 0 0 744 605 552 525 687 END
START 0 0 0 0 0 0 744 605 553 526 687 END
START 0 0 0 0 0 0 744 606 552 526 687 END
START 0 0 0 0 0 0 744 606 552 525 687 END
START 0 0 0 0 0 0 743 605 553 526 687 END
START 0 0 0 0 0 0 743 605 553 526 686 END
START 0 0 0 0 0 0 743 605 553 526 687 END
START 0 0 0 0 0 0 743 605 553 526 687 END
START 0 0 0 0 0 0 743 605 553 526 687 END
START 0 0 0 0 0 0 744 606 553 526 687 END
START 0 0 0 0 0 0 743 605 553 525 687 END
START 0 0 0 0 0 0 743 605 553 526 687 END
START 0 0 0 0 0 0 743 605 553 526 687 END
START 0 0 0 0 0 0 744 606 553 525 687 END
START 0 0 0 0 0 0 742 605 553 526 687 END
START 0 0 0 0 0 0 743 605 553 525 686 END
START 0 0 0 0 0 0 742 605 553 526 687 END
START 0 0 0 0 0 0 742 605 552 525 686 END
START 0 0 0 0 0 0 743 605 552 525 687 END
START 0 0 0 0 0 0 743 605 553 526 687 END
START 0 0 0 0 0 0 742 605 553 526 687 END
START 0 0 0 0 0 0 742 605 552 525 686 END
START 0 0 0 0 0 0 742 605 553 526 686 END
START 0 0 0 0 0 0 741 605 552 525 685 END
START 0 0 0 0 0 0 740 605 552 525 686 END
START 0 0 0 0 0 0 740 605 552 525 686 END
START 0 0 0 0 0 0 740 605 552 525 686 END
START 0 0 0 0 0 0 739 605 552 525 685 END
START 0 0 0 0 0 0 740 605 552 525 685 END
START 0 0 0 0 0 0 739 604 551 525 685 END
START 0 0 0 0 0 0 739 605 552 525 685 END
START 0 0 0 0 0 0 738 605 552 526 685 END
START 0 0 0 0 0 0 738 605 551 525 686 END
START 0 0 0 0 0 0 737 605 551 525 684 END
START 0 0 0 0 0 0 736 605 551 525 684 END
START 0 0 0 0 0 0 738 605 551 525 685 END
START 0 0 0 0 0 0 737 605 551 525 685 END
START 0 0 0 0 0 0 736 604 551 526 684 END
START 0 0 0 0 0 0 736 605 552 526 685 END
START 0 0 0 0 0 0 737 604 551 526 685 END
START 0 0 0 0 0 0 736 604 551 526 686 END
START 0 0 0 0 0 0 737 605 551 526 686 END
START 0 0 0 0 0 0 737 605 551 526 687 END
START 0 0 0 0 0 0 735 604 551 526 687 END
START 0 0 0 0 0 0 736 604 551 526 687 END
START 0 0 0 0 0 0 736 604 551 526 687 END
START 0 0 0 0 0 0 736 604 552 526 687 END
START 0 0 0 0 0 0 735 605 551 526 687 END
START 0 0 0 0 0 0 735 605 552 526 688 END
START 0 0 0 0 0 0 736 604 551 526 688 END
START 0 0 0 0 0 0 736 604 551 526 687 END
START 0 0 0 0 0 0 734 605 551 526 687 END
START 0 0 0 0 0 0 736 605 552 526 688 END
START 0 0 0 0 0 0 734 604 551 526 688 END
START 0 0 0 0 0 0 734 604 551 526 688 END
START 0 0 0 0 0 0 735 604 551 526 687 END
START 0 0 0 0 0 0 734 605 551 526 688 END
START 0 0 0 0 0 0 734 604 551 526 688 END
START 0 0 0 0 0 0 733 604 551 527 688 END
START 0 0 0 0 0 0 734 604 551 526 688 END
START 0 0 0 0 0 0 735 605 551 526 688 END
START 0 0 0 0 0 0 734 605 551 526 688 END
START 0 0 0 0 0 0 734 604 551 526 688 END
START 0 0 0 0 0 0 735 604 551 526 688 END
START 0 0 0 0 0 0 735 604 551 526 688 END
START 0 0 0 0 0 0 734 604 552 526 688 END
START 0 0 0 0 0 0 734 605 552 526 688 END
START 0 0 0 0 0 0 734 604 552 526 686 END
START 0 0 0 0 0 0 734 605 551 526 688 END
START 0 0 0 0 0 0 734 604 551 526 688 END
START 0 0 0 0 0 0 734 605 551 526 688 END
START 0 0 0 0 0 0 733 605 551 526 689 END
START 0 0 0 0 0 0 734 605 551 526 689 END
START 0 0 0 0 0 0 734 605 551 526 689 END
START 0 0 0 0 0 0 734 605 552 526 688 END
START 0 0 0 0 0 0 733 604 551 526 689 END
START 0 0 0 0 0 0 733 605 551 526 688 END
START 0 0 0 0 0 0 734 605 551 526 689 END
START 0 0 0 0 0 0 733 605 551 526 688 END
START 0 0 0 0 0 0 733 605 551 526 689 END
START 0 0 0 0 0 0 734 605 551 526 689 END
START 0 0 0 0 0 0 733 604 551 526 689 END
START 0 0 0 0 0 0 734 605 551 526 688 END
START 0 0 0 0 0 0 733 605 551 526 689 END
START 0 0 0 0 0 0 734 604 551 527 689 END
START 0 0 0 0 0 0 733 604 551 526 689 END
START 0 0 0 0 0 0 733 605 551 526 688 END
START 0 0 0 0 0 0 733 605 551 526 689 END
START 0 0 0 0 0 0 733 605 551 526 689 END
START 0 0 0 0 0 0 733 605 551 526 689 END
START 0 0 0 0 0 0 732 605 551 526 688 END
START 0 0 0 0 0 0 733 605 552 526 689 END
START 0 0 0 0 0 0 733 605 551 526 689 END
START 0 0 0 0 0 0 732 605 551 526 689 END
START 0 0 0 0 0 0 732 605 551 526 689 END
START 0 0 0 0 0 0 733 605 551 526 688 END
START 0 0 0 0 0 0 731 604 551 526 689 END
START 0 0 0 0 0 0 732 605 551 526 689 END
START 0 0 0 0 0 0 732 605 551 526 688 END
START 0 0 0 0 0 0 732 604 551 526 688 END
START 0 0 0 0 0 0 733 605 551 527 689 END
START 0 0 0 0 0 0 731 605 551 526 689 END
START 0 0 0 0 0 0 732 605 551 526 689 END
START 0 0 0 0 0 0 732 604 551 526 689 END
START 0 0 0 0 0 0 731 605 551 526 688 END
START 0 0 0 0 0 0 732 605 551 526 689 END
START 0 0 0 0 0 0 732 604 551 526 688 END
START 0 0 0 0 0 0 732 605 551 527 689 END
START 0 0 0 0 0 0 731 604 551 526 688 END
START 0 0 0 0 0 0 731 605 551 526 688 END
START 0 0 0 0 0 0 731 604 551 526 688 END
START 0 0 0 0 0 0 730 605 551 526 688 END
START 0 0 0 0 0 0 732 605 552 526 688 END
START 0 0 0 0 0 0 731 605 551 526 688 END
START 0 0 0 0 0 0 731 605 551 526 687 END
START 0 0 0 0 0 0 732 605 551 527 688 END
START 0 0 0 0 0 0 731 604 551 527 688 END
START 0 0 0 0 0 0 731 605 551 526 687 END
START 0 0 0 0 0 0 730 605 552 527 688 END
START 0 0 0 0 0 0 729 605 551 526 688 END
START 0 0 0 0 0 0 729 605 552 526 688 END
START 0 0 0 0 0 0 729 604 551 526 689 END
START 0 0 0 0 0 0 730 605 551 526 688 END
START 0 0 0 0 0 0 729 604 551 526 687 END
START 0 0 0 0 0 0 730 605 552 526 687 END
START 0 0 0 0 0 0 730 605 551 527 687 END
START 0 0 0 0 0 0 731 605 551 526 687 END
START 0 0 0 0 0 0 730 605 551 526 687 END
START 0 0 0 0 0 0 729 605 551 526 687 END
START 0 0 0 0 0 0 729 605 551 527 687 END
START 0 0 0 0 0 0 729 605 552 527 687 END
START 0 0 0 0 0 0 728 605 551 526 687 END
START 0 0 0 0 0 0 729 605 551 526 687 END
START 0 0 0 0 0 0 729 605 551 526 687 END
START 0 0 0 0 0 0 729 605 551 526 687 END
START 0 0 0 0 0 0 728 605 551 526 687 END
START 0 0 0 0 0 0 729 605 551 527 687 END
START 0 0 0 0 0 0 729 605 552 527 687 END
START 0 0 0 0 0 0 729 605 551 526 687 END
START 0 0 0 0 0 0 728 605 552 526 687 END
START 0 0 0 0 0 0 727 605 551 526 687 END
START 0 0 0 0 0 0 728 605 551 526 687 END
START 0 0 0 0 0 0 729 605 551 526 687 END
START 0 0 0 0 0 0 728 605 551 527 687 END
START 0 0 0 0 0 0 728 605 551 527 687 END
START 0 0 0 0 0 0 727 605 551 526 687 END
START 0 0 0 0 0 0 728 605 552 527 687 END
START 0 0 0 0 0 0 728 605 552 527 687 END
START 0 0 0 0 0 0 728 605 551 526 687 END
START 0 0 0 0 0 0 728 606 552 527 687 END
START 0 0 0 0 0 0 728 605 552 527 687 END
START 0 0 0 0 0 0 727 605 552 527 687 END
START 0 0 0 0 0 0 728 605 552 526 687 END
START 0 0 0 0 0 0 727 606 551 527 687 END
START 0 0 0 0 0 0 728 606 552 526 687 END
START 0 0 0 0 0 0 729 605 552 526 687 END
START 0 0 0 0 0 0 728 606 552 527 688 END
START 0 0 0 0 0 0 728 605 552 526 687 END
START 0 0 0 0 0 0 727 606 552 526 687 END
START 0 0 0 0 0 0 728 605 552 527 687 END
START 0 0 0 0 0 0 728 605 552 527 687 END
START 0 0 0 0 0 0 727 605 552 527 687 END
START 0 0 0 0 0 0 727 605 552 527 687 END
START 0 0 0 0 0 0 727 605 552 527 687 END
START 0 0 0 0 0 0 727 605 551 526 687 END
START 0 0 0 0 0 0 728 605 552 527 687 END
START 0 0 0 0 0 0 727 605 552 527 687 END
START 0 0 0 0 0 0 727 605 551 527 688 END
START 0 0 0 0 0 0 727 605 552 527 687 END
START 0 0 0 0 0 0 728 605 552 527 687 END
START 0 0 0 0 0 0 729 605 551 527 687 END
START 0 0 0 0 0 0 727 605 552 527 687 END
START 0 0 0 0 0 0 727 605 552 527 687 END
START 0 0 0 0 0 0 727 605 552 527 687 END
START 0 0 0 0 0 0 726 605 552 527 687 END
START 0 0 0 0 0 0 727 605 552 527 687 END
START 0 0 0 0 0 0 727 605 552 527 686 END
START 0 0 0 0 0 0 728 605 552 527 688 END
START 0 0 0 0 0 0 727 605 552 527 687 END
START 0 0 0 0 0 0 728 605 551 527 687 END
START 0 0 0 0 0 0 728 606 552 527 688 END
START 0 0 0 0 0 0 727 606 552 527 687 END
START 0 0 0 0 0 0 727 606 552 527 688 END
START 0 0 0 0 0 0 727 606 552 527 687 END
START 0 0 0 0 0 0 727 606 552 527 687 END
START 0 0 0 0 0 0 726 606 552 527 688 END
START 0 0 0 0 0 0 727 605 551 527 688 END
START 0 0 0 0 0 0 726 606 551 527 689 END
START 0 0 0 0 0 0 728 606 552 527 687 END
START 0 0 0 0 0 0 728 606 551 527 687 END
START 0 0 0 0 0 0 733 605 551 527 686 END
START 0 0 0 0 0 0 733 605 552 527 683 END
START 0 0 0 0 0 0 732 605 552 527 682 END
START 0 0 0 0 0 0 732 604 552 527 682 END
START 0 0 0 0 0 0 732 605 552 527 681 END
START 0 0 0 0 0 0 731 604 552 527 682 END
START 0 0 0 0 0 0 731 605 552 527 681 END
START 0 0 0 0 0 0 730 605 552 527 682 END
START 0 0 0 0 0 0 732 605 552 527 681 END
START 0 0 0 0 0 0 729 604 552 527 681 END
START 0 0 0 0 0 0 729 605 552 528 682 END
START 0 0 0 0 0 0 729 605 552 527 682 END
START 0 0 0 0 0 0 728 605 552 527 682 END
START 0 0 0 0 0 0 728 605 552 527 682 END
START 0 0 0 0 0 0 728 605 552 527 682 END
START 0 0 0 0 0 0 728 605 551 526 682 END
START 0 0 0 0 0 0 727 604 551 527 682 END
START 0 0 0 0 0 0 726 604 551 527 682 END
START 0 0 0 0 0 0 726 604 551 527 683 END
START 0 0 0 0 0 0 726 604 552 527 685 END
START 0 0 0 0 0 0 726 604 551 527 685 END
START 0 0 0 0 0 0 726 604 551 527 685 END
START 0 0 0 0 0 0 727 604 551 527 686 END
START 0 0 0 0 0 0 728 605 552 528 691 END
START 0 0 0 0 0 0 728 605 553 528 687 END
START 0 0 0 0 0 0 726 605 553 529 687 END
START 0 0 0 0 0 0 725 606 553 529 686 END
START 0 0 0 0 0 0 725 606 553 529 686 END
START 0 0 0 0 0 0 722 606 553 528 686 END
START 0 0 0 0 0 0 722 606 553 529 686 END
START 0 0 0 0 0 0 721 606 553 529 686 END
START 0 0 0 0 0 0 720 606 553 529 686 END
START 0 0 0 0 0 0 721 607 553 529 686 END
START 0 0 0 0 0 0 719 607 553 529 687 END
START 0 0 0 0 0 0 720 607 553 530 688 END
START 0 0 0 0 0 0 719 607 553 529 688 END
START 0 0 0 0 0 0 719 607 553 530 688 END
START 0 0 0 0 0 0 720 607 553 529 688 END
START 0 0 0 0 0 0 719 607 553 529 688 END
START 0 0 0 0 0 0 720 607 553 530 688 END
START 0 0 0 0 0 0 719 607 553 529 688 END
START 0 0 0 0 0 0 719 607 553 529 688 END
START 0 0 0 0 0 0 720 607 553 530 688 END
START 0 0 0 0 0 0 720 607 553 530 688 END
START 0 0 0 0 0 0 720 607 553 529 688 END
START 0 0 0 0 0 0 720 607 553 529 688 END
START 0 0 0 0 0 0 720 606 553 529 688 END
START 0 0 0 0 0 0 719 606 553 529 688 END
START 0 0 0 0 0 0 719 606 553 529 688 END
START 0 0 0 0 0 0 720 607 553 529 688 END
START 0 0 0 0 0 0 720 607 553 529 688 END
START 0 0 0 0 0 0 720 606 553 529 688 END
START 0 0 0 0 0 0 720 606 553 529 688 END
START 0 0 0 0 0 0 720 606 553 529 688 END
START 0 0 0 0 0 0 720 607 553 529 688 END
START 0 0 0 0 0 0 719 606 552 529 689 END
START 0 0 0 0 0 0 719 606 552 529 688 END
START 0 0 0 0 0 0 720 606 552 529 688 END
START 0 0 0 0 0 0 719 606 553 529 688 END
START 0 0 0 0 0 0 720 606 553 529 688 END
START 0 0 0 0 0 0 719 606 553 529 689 END
START 0 0 0 0 0 0 720 606 553 529 689 END
START 0 0 0 0 0 0 718 606 553 529 689 END
START 0 0 0 0 0 0 720 606 553 529 687 END
START 0 0 0 0 0 0 720 606 553 529 687 END
START 0 0 0 0 0 0 719 606 553 529 687 END
START 0 0 0 0 0 0 720 606 553 529 686 END
START 0 0 0 0 0 0 719 607 553 529 685 END
START 0 0 0 0 0 0 719 606 553 529 685 END
START 0 0 0 0 0 0 720 606 553 529 686 END
START 0 0 0 0 0 0 719 607 553 529 686 END
START 0 0 0 0 0 0 720 606 553 529 686 END
START 0 0 0 0 0 0 719 606 553 529 686 END
START 0 0 0 0 0 0 719 606 553 529 686 END
START 0 0 0 0 0 0 720 606 553 529 685 END
START 0 0 0 0 0 0 720 607 553 529 686 END
START 0 0 0 0 0 0 719 606 553 529 685 END
START 0 0 0 0 0 0 719 606 553 529 686 END
START 0 0 0 0 0 0 719 606 553 529 685 END
START 0 0 0 0 0 0 718 606 553 529 685 END
START 0 0 0 0 0 0 719 606 553 529 686 END
START 0 0 0 0 0 0 718 606 553 529 685 END
START 0 0 0 0 0 0 719 606 553 529 685 END
START 0 0 0 0 0 0 719 607 553 529 685 END
START 0 0 0 0 0 0 718 606 553 529 685 END
START 0 0 0 0 0 0 719 606 553 529 686 END
START 0 0 0 0 0 0 719 606 553 529 687 END
START 0 0 0 0 0 0 718 606 553 529 685 END
START 0 0 0 0 0 0 719 606 553 529 686 END
START 0 0 0 0 0 0 719 606 553 529 685 END
START 0 0 0 0 0 0 719 606 553 529 685 END
START 0 0 0 0 0 0 718 606 553 529 685 END
START 0 0 0 0 0 0 718 606 553 529 685 END
START 0 0 0 0 0 0 718 606 553 529 686 END
START 0 0 0 0 0 0 719 606 553 529 685 END
START 0 0 0 0 0 0 720 606 553 529 685 END
START 0 0 0 0 0 0 719 606 553 528 685 END
START 0 0 0 0 0 0 718 606 553 529 685 END
START 0 0 0 0 0 0 719 606 553 529 685 END
START 0 0 0 0 0 0 719 606 552 529 685 END
START 0 0 0 0 0 0 718 606 553 529 685 END
START 0 0 0 0 0 0 719 607 553 529 685 END
START 0 0 0 0 0 0 719 606 553 529 685 END
START 0 0 0 0 0 0 719 606 552 529 685 END
START 0 0 0 0 0 0 719 606 553 529 685 END
START 0 0 0 0 0 0 719 606 553 529 686 END
START 0 0 0 0 0 0 719 606 553 529 685 END
START 0 0 0 0 0 0 719 607 553 529 685 END
START 0 0 0 0 0 0 719 606 553 529 685 END
START 0 0 0 0 0 0 718 606 553 529 685 END
START 0 0 0 0 0 0 719 606 553 529 685 END
START 0 0 0 0 0 0 718 606 553 529 685 END
START 0 0 0 0 0 0 719 607 553 529 684 END
START 0 0 0 0 0 0 718 606 553 529 685 END
START 0 0 0 0 0 0 719 607 552 529 685 END
START 0 0 0 0 0 0 719 607 553 529 685 END
START 0 0 0 0 0 0 719 607 553 529 685 END
START 0 0 0 0 0 0 719 607 553 529 685 END
START 0 0 0 0 0 0 719 606 553 529 686 END
START 0 0 0 0 0 0 718 607 553 529 685 END
START 0 0 0 0 0 0 718 607 553 529 685 END
START 0 0 0 0 0 0 719 607 553 529 685 END
START 0 0 0 0 0 0 718 607 553 529 685 END
START 0 0 0 0 0 0 717 606 553 529 685 END
START 0 0 0 0 0 0 718 606 554 529 685 END
START 0 0 0 0 0 0 719 606 553 529 685 END
START 0 0 0 0 0 0 718 606 553 529 685 END
START 0 0 0 0 0 0 720 607 553 529 685 END
START 0 0 0 0 0 0 719 607 553 529 685 END
START 0 0 0 0 0 0 719 607 553 529 684 END
START 0 0 0 0 0 0 720 607 553 529 685 END
START 0 0 0 0 0 0 719 606 553 529 685 END
START 0 0 0 0 0 0 719 607 553 529 685 END
START 0 0 0 0 0 0 719 607 553 529 685 END
START 0 0 0 0 0 0 718 607 553 529 685 END
START 0 0 0 0 0 0 718 607 553 529 685 END
START 0 0 0 0 0 0 719 606 553 529 685 END
START 0 0 0 0 0 0 718 607 553 529 685 END
START 0 0 0 0 0 0 718 606 553 529 685 END
