START 0 0 0 0 0 0 641 793 743 737 889 END
START 0 0 0 0 0 0 642 795 743 737 888 END
START 0 0 0 0 0 0 642 792 742 737 889 END
START 0 0 0 0 0 0 642 792 742 736 888 END
START 0 0 0 0 0 0 643 792 741 737 889 END
START 0 0 0 0 0 0 642 792 741 736 888 END
START 0 0 0 0 0 0 642 792 741 736 887 END
START 0 0 0 0 0 0 641 792 740 736 888 END
START 0 0 0 0 0 0 641 792 740 736 886 END
START 0 0 0 0 0 0 640 792 740 735 888 END
START 0 0 0 0 0 0 641 792 740 737 888 END
START 0 0 0 0 0 0 640 792 740 736 887 END
START 0 0 0 0 0 0 641 792 741 734 887 END
START 0 0 0 0 0 0 640 793 741 736 888 END
START 0 0 0 0 0 0 637 789 741 736 887 END
START 0 0 0 0 0 0 640 792 741 736 888 END
START 0 0 0 0 0 0 639 792 741 736 887 END
START 0 0 0 0 0 0 637 792 740 735 888 END
START 0 0 0 0 0 0 638 792 741 736 887 END
START 0 0 0 0 0 0 639 791 741 736 889 END
START 0 0 0 0 0 0 639 790 742 736 888 END
START 0 0 0 0 0 0 639 794 742 736 887 END
START 0 0 0 0 0 0 640 792 742 736 887 END
START 0 0 0 0 0 0 639 791 741 734 888 END
START 0 0 0 0 0 0 639 792 743 736 886 END
START 0 0 0 0 0 0 639 792 741 735 887 END
START 0 0 0 0 0 0 639 791 741 737 887 END
START 0 0 0 0 0 0 639 792 745 736 888 END
START 0 0 0 0 0 0 640 793 744 735 887 END
START 0 0 0 0 0 0 640 792 744 736 888 END
START 0 0 0 0 0 0 639 792 744 737 887 END
START 0 0 0 0 0 0 640 791 742 736 887 END
START 0 0 0 0 0 0 640 792 741 736 889 END
START 0 0 0 0 0 0 635 791 741 736 888 END
START 0 0 0 0 0 0 638 792 740 736 887 END
START 0 0 0 0 0 0 640 792 740 736 889 END
START 0 0 0 0 0 0 640 792 740 735 887 END
START 0 0 0 0 0 0 640 791 740 736 888 END
START 0 0 0 0 0 0 641 792 739 736 887 END
START 0 0 0 0 0 0 641 791 739 736 889 END
START 0 0 0 0 0 0 640 793 740 735 887 END
START 0 0 0 0 0 0 641 791 739 736 887 END
START 0 0 0 0 0 0 641 791 739 737 886 END
START 0 0 0 0 0 0 641 789 738 736 889 END
START 0 0 0 0 0 0 641 792 738 735 887 END
START 0 0 0 0 0 0 641 790 739 736 887 END
START 0 0 0 0 0 0 641 792 738 736 888 END
START 0 0 0 0 0 0 641 791 740 736 889 END
START 0 0 0 0 0 0 642 791 738 736 887 END
START 0 0 0 0 0 0 642 792 738 737 887 END
START 0 0 0 0 0 0 644 791 740 735 891 END
START 0 0 0 0 0 0 643 791 739 736 888 END
START 0 0 0 0 0 0 643 792 740 736 888 END
START 0 0 0 0 0 0 643 791 739 736 887 END
START 0 0 0 0 0 0 641 792 739 736 883 END
START 0 0 0 0 0 0 643 792 739 735 888 END
START 0 0 0 0 0 0 644 791 741 735 888 END
START 0 0 0 0 0 0 643 791 738 736 887 END
START 0 0 0 0 0 0 643 792 739 736 887 END
START 0 0 0 0 0 0 643 791 738 736 889 END
START 0 0 0 0 0 0 643 791 737 737 887 END
START 0 0 0 0 0 0 643 791 738 738 889 END
START 0 0 0 0 0 0 644 792 737 737 889 END
START 0 0 0 0 0 0 645 793 738 738 890 END
START 0 0 0 0 0 0 643 793 738 736 890 END
START 0 0 0 0 0 0 642 792 737 736 889 END
START 0 0 0 0 0 0 643 792 737 737 890 END
START 0 0 0 0 0 0 643 791 737 736 888 END
START 0 0 0 0 0 0 643 793 737 732 888 END
START 0 0 0 0 0 0 643 791 737 736 888 END
START 0 0 0 0 0 0 643 791 738 736 887 END
START 0 0 0 0 0 0 642 791 736 736 887 END
START 0 0 0 0 0 0 644 792 737 737 885 END
START 0 0 0 0 0 0 642 791 736 734 889 END
START 0 0 0 0 0 0 643 791 737 736 888 END
START 0 0 0 0 0 0 642 791 733 737 887 END
START 0 0 0 0 0 0 643 792 737 735 888 END
START 0 0 0 0 0 0 643 792 736 737 887 END
START 0 0 0 0 0 0 643 792 736 736 887 END
START 0 0 0 0 0 0 643 791 737 738 888 END
START 0 0 0 0 0 0 641 791 732 737 888 END
START 0 0 0 0 0 0 643 791 736 737 888 END
START 0 0 0 0 0 0 644 792 736 735 887 END
START 0 0 0 0 0 0 642 791 737 736 888 END
START 0 0 0 0 0 0 643 791 738 736 888 END
START 0 0 0 0 0 0 642 794 736 736 889 END
START 0 0 0 0 0 0 643 789 736 737 888 END
START 0 0 0 0 0 0 642 791 737 737 887 END
START 0 0 0 0 0 0 641 790 736 736 888 END
START 0 0 0 0 0 0 642 792 736 736 887 END
START 0 0 0 0 0 0 643 791 737 736 888 END
START 0 0 0 0 0 0 642 791 737 736 889 END
START 0 0 0 0 0 0 642 791 736 736 887 END
START 0 0 0 0 0 0 643 791 738 738 888 END
START 0 0 0 0 0 0 643 792 737 736 888 END
START 0 0 0 0 0 0 642 790 736 736 887 END
START 0 0 0 0 0 0 642 791 736 737 888 END
START 0 0 0 0 0 0 643 791 735 736 887 END
START 0 0 0 0 0 0 642 791 735 736 888 END
START 0 0 0 0 0 0 643 790 736 735 887 END
START 0 0 0 0 0 0 641 793 735 737 887 END
START 0 0 0 0 0 0 642 791 736 736 888 END
START 0 0 0 0 0 0 642 791 736 736 887 END
START 0 0 0 0 0 0 641 792 735 736 888 END
START 0 0 0 0 0 0 643 793 736 736 888 END
START 0 0 0 0 0 0 642 792 736 736 887 END
START 0 0 0 0 0 0 642 793 735 735 888 END
START 0 0 0 0 0 0 642 791 736 736 888 END
START 0 0 0 0 0 0 642 791 736 737 887 END
START 0 0 0 0 0 0 642 791 735 735 887 END
START 0 0 0 0 0 0 643 791 736 736 887 END
START 0 0 0 0 0 0 642 791 734 736 887 END
START 0 0 0 0 0 0 642 791 736 736 888 END
START 0 0 0 0 0 0 643 793 737 735 887 END
START 0 0 0 0 0 0 642 791 736 735 887 END
START 0 0 0 0 0 0 643 791 736 736 887 END
START 0 0 0 0 0 0 642 791 735 736 887 END
START 0 0 0 0 0 0 642 792 735 736 886 END
START 0 0 0 0 0 0 642 791 734 736 887 END
START 0 0 0 0 0 0 642 789 734 735 887 END
START 0 0 0 0 0 0 643 792 735 735 887 END
START 0 0 0 0 0 0 642 791 736 736 887 END
START 0 0 0 0 0 0 642 792 735 735 887 END
START 0 0 0 0 0 0 642 791 735 736 887 END
START 0 0 0 0 0 0 642 792 734 735 887 END
START 0 0 0 0 0 0 642 791 735 735 887 END
START 0 0 0 0 0 0 642 790 735 735 887 END
START 0 0 0 0 0 0 643 791 736 737 888 END
START 0 0 0 0 0 0 643 790 734 736 888 END
START 0 0 0 0 0 0 642 787 736 737 886 END
START 0 0 0 0 0 0 642 791 734 735 887 END
START 0 0 0 0 0 0 643 791 735 735 887 END
START 0 0 0 0 0 0 643 790 735 735 887 END
START 0 0 0 0 0 0 642 791 735 736 888 END
START 0 0 0 0 0 0 643 791 734 737 887 END
START 0 0 0 0 0 0 643 792 734 737 886 END
START 0 0 0 0 0 0 643 790 735 735 888 END
START 0 0 0 0 0 0 643 791 735 735 887 END
START 0 0 0 0 0 0 643 790 735 736 887 END
START 0 0 0 0 0 0 643 790 736 735 887 END
START 0 0 0 0 0 0 643 791 735 736 887 END
START 0 0 0 0 0 0 644 789 733 735 888 END
START 0 0 0 0 0 0 645 789 735 737 886 END
START 0 0 0 0 0 0 645 790 735 735 887 END
START 0 0 0 0 0 0 643 791 735 735 887 END
START 0 0 0 0 0 0 643 791 735 735 887 END
START 0 0 0 0 0 0 643 791 735 736 887 END
START 0 0 0 0 0 0 644 793 735 731 888 END
START 0 0 0 0 0 0 645 791 735 735 889 END
START 0 0 0 0 0 0 642 791 736 735 886 END
START 0 0 0 0 0 0 643 790 735 736 887 END
START 0 0 0 0 0 0 643 791 735 735 887 END
START 0 0 0 0 0 0 643 790 735 736 887 END
START 0 0 0 0 0 0 643 790 735 736 887 END
START 0 0 0 0 0 0 643 790 737 735 887 END
START 0 0 0 0 0 0 643 790 737 735 887 END
START 0 0 0 0 0 0 643 790 735 735 887 END
START 0 0 0 0 0 0 643 791 735 735 886 END
START 0 0 0 0 0 0 643 790 735 736 887 END
START 0 0 0 0 0 0 643 790 735 735 886 END
START 0 0 0 0 0 0 643 790 735 736 887 END
START 0 0 0 0 0 0 644 791 735 736 887 END
START 0 0 0 0 0 0 642 791 734 734 887 END
START 0 0 0 0 0 0 643 791 736 736 888 END
START 0 0 0 0 0 0 643 790 735 735 888 END
START 0 0 0 0 0 0 643 790 735 735 887 END
START 0 0 0 0 0 0 643 790 736 735 887 END
START 0 0 0 0 0 0 643 790 736 735 885 END
START 0 0 0 0 0 0 643 790 735 735 887 END
START 0 0 0 0 0 0 643 791 736 735 884 END
START 0 0 0 0 0 0 644 790 735 736 887 END
START 0 0 0 0 0 0 644 790 735 735 887 END
START 0 0 0 0 0 0 643 790 735 735 887 END
START 0 0 0 0 0 0 644 790 735 735 887 END
START 0 0 0 0 0 0 643 790 735 735 887 END
START 0 0 0 0 0 0 643 791 736 735 887 END
START 0 0 0 0 0 0 644 787 735 736 887 END
START 0 0 0 0 0 0 641 790 735 736 886 END
START 0 0 0 0 0 0 644 789 735 734 887 END
START 0 0 0 0 0 0 644 790 735 736 887 END
START 0 0 0 0 0 0 644 790 735 735 887 END
START 0 0 0 0 0 0 643 792 735 735 886 END
START 0 0 0 0 0 0 645 791 736 736 885 END
START 0 0 0 0 0 0 644 789 729 735 887 END
START 0 0 0 0 0 0 644 789 734 735 887 END
START 0 0 0 0 0 0 644 790 736 735 884 END
START 0 0 0 0 0 0 644 789 734 735 887 END
START 0 0 0 0 0 0 644 790 735 735 888 END
START 0 0 0 0 0 0 645 790 738 734 887 END
START 0 0 0 0 0 0 647 790 736 732 885 END
START 0 0 0 0 0 0 646 789 736 735 885 END
START 0 0 0 0 0 0 646 790 735 735 886 END
START 0 0 0 0 0 0 646 790 737 735 887 END
START 0 0 0 0 0 0 646 790 735 735 886 END
START 0 0 0 0 0 0 646 789 732 735 886 END
START 0 0 0 0 0 0 646 790 735 735 887 END
START 0 0 0 0 0 0 649 791 738 735 886 END
START 0 0 0 0 0 0 648 790 736 735 887 END
START 0 0 0 0 0 0 648 790 736 735 887 END
START 0 0 0 0 0 0 647 790 736 735 887 END
START 0 0 0 0 0 0 647 790 736 735 887 END
START 0 0 0 0 0 0 648 791 735 735 887 END
START 0 0 0 0 0 0 648 790 735 735 887 END
START 0 0 0 0 0 0 647 790 735 735 888 END
START 0 0 0 0 0 0 646 790 736 735 887 END
START 0 0 0 0 0 0 644 792 735 736 886 END
START 0 0 0 0 0 0 649 792 736 735 887 END
START 0 0 0 0 0 0 649 791 735 735 887 END
START 0 0 0 0 0 0 650 787 736 735 887 END
START 0 0 0 0 0 0 649 791 739 735 887 END
START 0 0 0 0 0 0 648 791 736 735 887 END
START 0 0 0 0 0 0 650 790 736 735 887 END
START 0 0 0 0 0 0 650 790 735 735 886 END
START 0 0 0 0 0 0 648 790 735 734 886 END
START 0 0 0 0 0 0 647 791 735 735 887 END
START 0 0 0 0 0 0 647 791 735 734 888 END
START 0 0 0 0 0 0 648 790 734 735 887 END
START 0 0 0 0 0 0 648 792 735 736 887 END
START 0 0 0 0 0 0 647 791 734 735 886 END
START 0 0 0 0 0 0 648 790 735 736 885 END
START 0 0 0 0 0 0 648 790 731 735 887 END
START 0 0 0 0 0 0 648 790 736 734 891 END
START 0 0 0 0 0 0 645 790 735 735 886 END
START 0 0 0 0 0 0 649 790 735 735 887 END
START 0 0 0 0 0 0 649 790 736 736 887 END
START 0 0 0 0 0 0 649 789 735 735 887 END
START 0 0 0 0 0 0 648 792 734 733 887 END
START 0 0 0 0 0 0 648 790 734 735 887 END
START 0 0 0 0 0 0 648 790 734 734 887 END
START 0 0 0 0 0 0 648 790 734 734 887 END
START 0 0 0 0 0 0 648 790 734 734 887 END
START 0 0 0 0 0 0 647 790 734 735 886 END
START 0 0 0 0 0 0 647 790 734 733 887 END
START 0 0 0 0 0 0 648 790 734 734 887 END
START 0 0 0 0 0 0 648 790 732 735 887 END
START 0 0 0 0 0 0 648 790 734 735 886 END
START 0 0 0 0 0 0 646 789 734 735 886 END
START 0 0 0 0 0 0 648 789 735 734 887 END
START 0 0 0 0 0 0 648 789 734 734 887 END
START 0 0 0 0 0 0 648 789 734 734 886 END
START 0 0 0 0 0 0 648 790 735 734 887 END
START 0 0 0 0 0 0 648 790 734 735 886 END
START 0 0 0 0 0 0 648 789 734 735 886 END
START 0 0 0 0 0 0 649 790 736 733 885 END
START 0 0 0 0 0 0 648 790 734 735 887 END
START 0 0 0 0 0 0 646 788 734 737 888 END
START 0 0 0 0 0 0 648 790 737 734 887 END
START 0 0 0 0 0 0 648 790 735 735 886 END
START 0 0 0 0 0 0 648 790 734 735 887 END
START 0 0 0 0 0 0 648 790 734 735 887 END
START 0 0 0 0 0 0 649 790 735 734 886 END
START 0 0 0 0 0 0 651 790 735 737 886 END
START 0 0 0 0 0 0 648 788 735 735 886 END
START 0 0 0 0 0 0 649 789 736 736 887 END
START 0 0 0 0 0 0 648 790 734 734 887 END
START 0 0 0 0 0 0 649 790 734 731 887 END
START 0 0 0 0 0 0 648 790 735 735 886 END
START 0 0 0 0 0 0 648 790 734 735 885 END
START 0 0 0 0 0 0 648 789 734 735 886 END
START 0 0 0 0 0 0 648 790 734 734 887 END
START 0 0 0 0 0 0 648 790 734 731 887 END
START 0 0 0 0 0 0 648 790 734 735 887 END
START 0 0 0 0 0 0 648 790 733 735 886 END
START 0 0 0 0 0 0 648 790 734 735 887 END
START 0 0 0 0 0 0 648 790 734 735 885 END
START 0 0 0 0 0 0 648 790 734 735 887 END
START 0 0 0 0 0 0 648 791 733 733 888 END
START 0 0 0 0 0 0 648 791 734 734 887 END
START 0 0 0 0 0 0 648 789 734 735 887 END
START 0 0 0 0 0 0 648 790 733 734 885 END
START 0 0 0 0 0 0 650 789 734 737 885 END
START 0 0 0 0 0 0 647 790 734 735 886 END
START 0 0 0 0 0 0 648 790 734 734 888 END
START 0 0 0 0 0 0 647 790 735 735 886 END
START 0 0 0 0 0 0 648 789 732 734 886 END
START 0 0 0 0 0 0 648 791 733 735 885 END
START 0 0 0 0 0 0 650 788 735 734 886 END
START 0 0 0 0 0 0 648 790 734 733 889 END
START 0 0 0 0 0 0 648 790 734 735 886 END
START 0 0 0 0 0 0 648 790 734 734 886 END
START 0 0 0 0 0 0 648 790 734 736 885 END
START 0 0 0 0 0 0 648 790 734 736 885 END
START 0 0 0 0 0 0 648 790 734 735 887 END
START 0 0 0 0 0 0 648 790 733 732 886 END
START 0 0 0 0 0 0 648 790 733 734 887 END
START 0 0 0 0 0 0 647 790 733 734 886 END
START 0 0 0 0 0 0 648 790 734 734 887 END
START 0 0 0 0 0 0 647 789 734 736 886 END
START 0 0 0 0 0 0 648 791 733 734 886 END
START 0 0 0 0 0 0 648 791 734 734 886 END
START 0 0 0 0 0 0 647 790 733 735 886 END
START 0 0 0 0 0 0 648 789 734 735 886 END
START 0 0 0 0 0 0 646 789 733 734 886 END
START 0 0 0 0 0 0 643 790 733 734 887 END
START 0 0 0 0 0 0 648 791 733 734 884 END
START 0 0 0 0 0 0 647 790 734 732 886 END
START 0 0 0 0 0 0 647 790 733 734 886 END
START 0 0 0 0 0 0 647 790 737 735 886 END
START 0 0 0 0 0 0 647 791 734 736 886 END
START 0 0 0 0 0 0 648 790 733 731 882 END
START 0 0 0 0 0 0 647 790 734 735 886 END
START 0 0 0 0 0 0 648 790 733 734 886 END
START 0 0 0 0 0 0 647 790 733 734 886 END
START 0 0 0 0 0 0 647 790 733 735 886 END
START 0 0 0 0 0 0 647 791 736 735 885 END
START 0 0 0 0 0 0 648 791 734 734 885 END
START 0 0 0 0 0 0 648 790 734 734 887 END
START 0 0 0 0 0 0 647 790 733 735 886 END
START 0 0 0 0 0 0 647 790 733 734 885 END
START 0 0 0 0 0 0 647 789 733 731 890 END
START 0 0 0 0 0 0 647 790 734 733 887 END
START 0 0 0 0 0 0 647 790 733 735 886 END
START 0 0 0 0 0 0 647 790 733 734 886 END
START 0 0 0 0 0 0 647 791 734 734 886 END
START 0 0 0 0 0 0 646 790 733 734 886 END
START 0 0 0 0 0 0 647 790 733 734 886 END
START 0 0 0 0 0 0 647 790 735 733 886 END
START 0 0 0 0 0 0 647 790 735 734 884 END
START 0 0 0 0 0 0 648 788 734 733 885 END
START 0 0 0 0 0 0 648 789 731 732 886 END
START 0 0 0 0 0 0 647 789 733 735 885 END
START 0 0 0 0 0 0 647 790 733 734 886 END
START 0 0 0 0 0 0 647 789 733 733 886 END
START 0 0 0 0 0 0 645 788 733 734 885 END
START 0 0 0 0 0 0 647 789 732 733 886 END
START 0 0 0 0 0 0 647 790 731 735 887 END
START 0 0 0 0 0 0 647 791 733 734 886 END
START 0 0 0 0 0 0 647 789 733 734 886 END
START 0 0 0 0 0 0 647 792 731 734 886 END
START 0 0 0 0 0 0 647 789 733 734 886 END
START 0 0 0 0 0 0 647 789 733 734 886 END
START 0 0 0 0 0 0 647 790 732 734 885 END
START 0 0 0 0 0 0 648 790 733 734 887 END
START 0 0 0 0 0 0 648 790 732 734 885 END
START 0 0 0 0 0 0 647 790 733 733 886 END
START 0 0 0 0 0 0 647 790 733 733 886 END
START 0 0 0 0 0 0 647 790 733 735 883 END
START 0 0 0 0 0 0 647 789 733 734 886 END
START 0 0 0 0 0 0 647 790 732 734 886 END
START 0 0 0 0 0 0 647 790 733 734 885 END
START 0 0 0 0 0 0 648 790 733 734 886 END
START 0 0 0 0 0 0 647 789 733 734 886 END
START 0 0 0 0 0 0 647 789 733 734 886 END
START 0 0 0 0 0 0 647 790 735 730 886 END
START 0 0 0 0 0 0 646 789 731 734 886 END
START 0 0 0 0 0 0 647 789 732 734 885 END
START 0 0 0 0 0 0 647 791 733 734 886 END
START 0 0 0 0 0 0 646 789 731 734 887 END
START 0 0 0 0 0 0 648 790 732 734 886 END
START 0 0 0 0 0 0 647 790 732 734 886 END
START 0 0 0 0 0 0 647 789 733 734 885 END
START 0 0 0 0 0 0 648 791 733 734 886 END
START 0 0 0 0 0 0 647 790 732 735 885 END
START 0 0 0 0 0 0 648 790 733 734 886 END
START 0 0 0 0 0 0 646 790 735 734 885 END
START 0 0 0 0 0 0 647 792 732 733 885 END
START 0 0 0 0 0 0 647 789 732 736 885 END
START 0 0 0 0 0 0 647 789 732 734 886 END
START 0 0 0 0 0 0 646 790 733 734 886 END
START 0 0 0 0 0 0 647 789 733 734 885 END
START 0 0 0 0 0 0 647 790 733 734 886 END
START 0 0 0 0 0 0 648 789 732 734 886 END
START 0 0 0 0 0 0 647 790 733 734 885 END
START 0 0 0 0 0 0 647 789 730 733 887 END
START 0 0 0 0 0 0 647 790 733 734 886 END
START 0 0 0 0 0 0 647 789 732 734 885 END
START 0 0 0 0 0 0 647 790 733 734 886 END
START 0 0 0 0 0 0 647 789 732 734 886 END
START 0 0 0 0 0 0 648 789 733 734 886 END
START 0 0 0 0 0 0 647 789 733 734 886 END
START 0 0 0 0 0 0 647 789 733 734 886 END
START 0 0 0 0 0 0 647 788 732 734 884 END
START 0 0 0 0 0 0 647 789 732 734 886 END
START 0 0 0 0 0 0 647 789 732 734 885 END
START 0 0 0 0 0 0 647 788 732 734 887 END
START 0 0 0 0 0 0 646 788 732 734 886 END
START 0 0 0 0 0 0 648 788 734 734 885 END
START 0 0 0 0 0 0 646 788 733 734 886 END
START 0 0 0 0 0 0 647 788 733 734 886 END
START 0 0 0 0 0 0 647 789 732 734 885 END
START 0 0 0 0 0 0 645 789 730 734 884 END
START 0 0 0 0 0 0 646 789 730 734 886 END
START 0 0 0 0 0 0 647 788 733 734 885 END
START 0 0 0 0 0 0 647 788 732 734 886 END
START 0 0 0 0 0 0 644 788 733 734 885 END
START 0 0 0 0 0 0 647 788 732 734 885 END
START 0 0 0 0 0 0 647 789 732 735 886 END
START 0 0 0 0 0 0 646 789 732 734 885 END
START 0 0 0 0 0 0 647 789 732 735 885 END
START 0 0 0 0 0 0 647 788 732 734 886 END
START 0 0 0 0 0 0 647 788 733 734 883 END
START 0 0 0 0 0 0 647 789 732 734 884 END
START 0 0 0 0 0 0 648 788 732 734 884 END
START 0 0 0 0 0 0 647 788 731 733 885 END
START 0 0 0 0 0 0 647 789 732 734 885 END
START 0 0 0 0 0 0 647 788 732 734 886 END
START 0 0 0 0 0 0 647 789 733 734 887 END
START 0 0 0 0 0 0 649 787 730 735 885 END
START 0 0 0 0 0 0 648 788 731 734 887 END
START 0 0 0 0 0 0 647 790 732 734 884 END
