START 0 0 0 0 0 0 540 789 752 729 817 END
START 0 0 0 0 0 0 540 790 752 730 817 END
START 0 0 0 0 0 0 540 788 752 729 817 END
START 0 0 0 0 0 0 540 789 752 729 815 END
START 0 0 0 0 0 0 539 788 751 729 815 END
START 0 0 0 0 0 0 540 789 752 729 815 END
START 0 0 0 0 0 0 540 788 752 728 812 END
START 0 0 0 0 0 0 540 788 751 727 810 END
START 0 0 0 0 0 0 540 788 751 728 809 END
START 0 0 0 0 0 0 540 787 750 727 808 END
START 0 0 0 0 0 0 540 788 751 728 809 END
START 0 0 0 0 0 0 540 788 751 727 808 END
START 0 0 0 0 0 0 539 787 751 727 808 END
START 0 0 0 0 0 0 540 788 751 727 808 END
START 0 0 0 0 0 0 540 787 750 727 808 END
START 0 0 0 0 0 0 540 788 750 727 808 END
START 0 0 0 0 0 0 540 788 750 727 808 END
START 0 0 0 0 0 0 540 787 750 727 809 END
START 0 0 0 0 0 0 540 787 750 727 808 END
START 0 0 0 0 0 0 540 787 751 727 808 END
START 0 0 0 0 0 0 540 787 750 727 808 END
START 0 0 0 0 0 0 540 788 751 728 809 END
START 0 0 0 0 0 0 540 787 751 728 809 END
START 0 0 0 0 0 0 540 788 750 728 809 END
START 0 0 0 0 0 0 540 788 751 727 809 END
START 0 0 0 0 0 0 540 788 751 726 809 END
START 0 0 0 0 0 0 539 787 751 727 809 END
START 0 0 0 0 0 0 540 787 748 729 809 END
START 0 0 0 0 0 0 540 787 750 728 809 END
START 0 0 0 0 0 0 540 787 750 727 809 END
START 0 0 0 0 0 0 540 787 749 727 806 END
START 0 0 0 0 0 0 540 786 748 727 800 END
START 0 0 0 0 0 0 540 785 747 725 798 END
START 0 0 0 0 0 0 541 786 747 725 797 END
START 0 0 0 0 0 0 541 785 747 724 796 END
START 0 0 0 0 0 0 542 786 748 725 797 END
START 0 0 0 0 0 0 541 786 747 725 797 END
START 0 0 0 0 0 0 541 785 748 725 799 END
START 0 0 0 0 0 0 541 786 748 725 799 END
START 0 0 0 0 0 0 541 785 748 725 800 END
START 0 0 0 0 0 0 541 785 748 725 800 END
START 0 0 0 0 0 0 541 785 748 725 801 END
START 0 0 0 0 0 0 541 785 748 726 801 END
START 0 0 0 0 0 0 542 785 747 726 801 END
START 0 0 0 0 0 0 541 785 748 726 801 END
START 0 0 0 0 0 0 541 786 749 725 802 END
START 0 0 0 0 0 0 541 786 748 726 801 END
START 0 0 0 0 0 0 542 786 748 725 802 END
START 0 0 0 0 0 0 541 786 749 725 802 END
START 0 0 0 0 0 0 541 785 748 725 803 END
START 0 0 0 0 0 0 541 786 748 725 804 END
START 0 0 0 0 0 0 541 785 748 724 804 END
START 0 0 0 0 0 0 541 786 748 726 805 END
START 0 0 0 0 0 0 541 785 748 726 805 END
START 0 0 0 0 0 0 541 785 747 725 803 END
START 0 0 0 0 0 0 541 784 748 725 805 END
START 0 0 0 0 0 0 541 784 748 725 805 END
START 0 0 0 0 0 0 541 785 747 725 803 END
START 0 0 0 0 0 0 540 785 747 725 805 END
START 0 0 0 0 0 0 541 785 748 726 805 END
START 0 0 0 0 0 0 541 785 747 725 805 END
START 0 0 0 0 0 0 541 785 747 725 804 END
START 0 0 0 0 0 0 541 785 748 725 805 END
START 0 0 0 0 0 0 541 784 747 725 805 END
START 0 0 0 0 0 0 541 785 748 725 805 END
START 0 0 0 0 0 0 541 785 747 725 805 END
START 0 0 0 0 0 0 541 785 748 725 805 END
START 0 0 0 0 0 0 541 785 747 725 805 END
START 0 0 0 0 0 0 541 785 748 725 805 END
START 0 0 0 0 0 0 541 785 747 725 805 END
START 0 0 0 0 0 0 541 785 747 725 805 END
START 0 0 0 0 0 0 542 784 747 725 805 END
START 0 0 0 0 0 0 541 784 747 725 805 END
START 0 0 0 0 0 0 541 785 747 725 806 END
START 0 0 0 0 0 0 541 785 747 725 806 END
START 0 0 0 0 0 0 541 785 747 725 806 END
START 0 0 0 0 0 0 541 785 747 725 807 END
START 0 0 0 0 0 0 541 784 748 725 807 END
START 0 0 0 0 0 0 542 785 747 725 807 END
START 0 0 0 0 0 0 541 785 747 724 807 END
START 0 0 0 0 0 0 541 785 747 725 808 END
START 0 0 0 0 0 0 541 785 747 725 808 END
START 0 0 0 0 0 0 541 785 747 725 807 END
START 0 0 0 0 0 0 541 784 747 725 808 END
START 0 0 0 0 0 0 541 785 747 725 807 END
START 0 0 0 0 0 0 541 785 747 725 807 END
START 0 0 0 0 0 0 541 785 748 725 808 END
START 0 0 0 0 0 0 541 784 747 725 808 END
START 0 0 0 0 0 0 541 785 747 725 808 END
START 0 0 0 0 0 0 541 784 747 725 808 END
START 0 0 0 0 0 0 541 784 747 725 808 END
START 0 0 0 0 0 0 541 784 747 725 808 END
START 0 0 0 0 0 0 541 784 746 725 809 END
START 0 0 0 0 0 0 541 784 747 725 808 END
START 0 0 0 0 0 0 541 784 747 725 808 END
START 0 0 0 0 0 0 541 784 747 725 808 END
START 0 0 0 0 0 0 541 785 748 725 808 END
START 0 0 0 0 0 0 541 784 746 725 809 END
START 0 0 0 0 0 0 541 784 747 725 809 END
START 0 0 0 0 0 0 541 785 747 725 808 END
START 0 0 0 0 0 0 541 785 747 725 808 END
START 0 0 0 0 0 0 541 784 747 725 807 END
START 0 0 0 0 0 0 541 784 747 724 806 END
START 0 0 0 0 0 0 542 785 747 725 805 END
START 0 0 0 0 0 0 541 785 746 724 804 END
START 0 0 0 0 0 0 541 784 747 725 803 END
START 0 0 0 0 0 0 541 784 747 724 803 END
START 0 0 0 0 0 0 541 784 747 724 802 END
START 0 0 0 0 0 0 541 784 746 725 802 END
START 0 0 0 0 0 0 541 782 749 725 801 END
START 0 0 0 0 0 0 541 784 747 724 800 END
START 0 0 0 0 0 0 541 784 747 724 800 END
START 0 0 0 0 0 0 541 784 746 724 800 END
START 0 0 0 0 0 0 542 784 746 724 800 END
START 0 0 0 0 0 0 541 785 747 724 800 END
START 0 0 0 0 0 0 541 784 747 724 800 END
START 0 0 0 0 0 0 542 784 746 724 800 END
START 0 0 0 0 0 0 541 783 746 724 800 END
START 0 0 0 0 0 0 541 784 746 724 800 END
START 0 0 0 0 0 0 541 784 746 724 800 END
START 0 0 0 0 0 0 541 784 746 724 800 END
START 0 0 0 0 0 0 541 784 747 724 800 END
START 0 0 0 0 0 0 541 784 746 724 801 END
START 0 0 0 0 0 0 541 784 746 724 799 END
START 0 0 0 0 0 0 542 784 747 724 800 END
START 0 0 0 0 0 0 541 784 747 724 800 END
START 0 0 0 0 0 0 541 785 747 724 800 END
START 0 0 0 0 0 0 541 783 746 724 801 END
START 0 0 0 0 0 0 541 783 746 724 800 END
START 0 0 0 0 0 0 541 784 746 724 801 END
START 0 0 0 0 0 0 542 784 746 724 801 END
START 0 0 0 0 0 0 541 784 746 724 801 END
START 0 0 0 0 0 0 541 783 746 724 802 END
START 0 0 0 0 0 0 542 783 746 724 801 END
START 0 0 0 0 0 0 541 784 746 724 800 END
START 0 0 0 0 0 0 541 784 747 724 801 END
START 0 0 0 0 0 0 541 784 746 724 801 END
START 0 0 0 0 0 0 541 784 746 724 801 END
START 0 0 0 0 0 0 541 784 746 724 801 END
START 0 0 0 0 0 0 541 784 746 725 801 END
START 0 0 0 0 0 0 542 783 746 724 801 END
START 0 0 0 0 0 0 542 783 747 724 801 END
START 0 0 0 0 0 0 541 783 746 724 801 END
START 0 0 0 0 0 0 541 784 746 724 802 END
START 0 0 0 0 0 0 541 784 746 724 801 END
START 0 0 0 0 0 0 541 784 746 725 801 END
START 0 0 0 0 0 0 540 784 747 724 801 END
START 0 0 0 0 0 0 541 784 747 724 801 END
START 0 0 0 0 0 0 541 783 746 725 802 END
START 0 0 0 0 0 0 541 784 746 725 803 END
START 0 0 0 0 0 0 541 784 746 725 802 END
START 0 0 0 0 0 0 540 784 746 725 803 END
START 0 0 0 0 0 0 541 784 747 726 803 END
START 0 0 0 0 0 0 541 784 746 725 803 END
START 0 0 0 0 0 0 540 784 746 725 804 END
START 0 0 0 0 0 0 540 784 746 725 802 END
START 0 0 0 0 0 0 540 784 746 724 801 END
START 0 0 0 0 0 0 541 784 746 725 795 END
START 0 0 0 0 0 0 541 784 745 724 793 END
START 0 0 0 0 0 0 540 784 745 724 793 END
START 0 0 0 0 0 0 541 784 745 724 791 END
START 0 0 0 0 0 0 540 784 744 724 790 END
START 0 0 0 0 0 0 541 783 745 724 789 END
START 0 0 0 0 0 0 541 783 745 723 791 END
START 0 0 0 0 0 0 541 782 744 723 791 END
START 0 0 0 0 0 0 540 783 744 723 793 END
START 0 0 0 0 0 0 540 783 744 723 792 END
START 0 0 0 0 0 0 541 781 744 723 794 END
START 0 0 0 0 0 0 541 782 744 723 796 END
START 0 0 0 0 0 0 541 782 744 724 797 END
START 0 0 0 0 0 0 540 782 745 725 798 END
START 0 0 0 0 0 0 540 782 745 726 798 END
START 0 0 0 0 0 0 540 782 745 725 797 END
START 0 0 0 0 0 0 540 781 744 725 797 END
START 0 0 0 0 0 0 540 782 745 725 796 END
START 0 0 0 0 0 0 540 782 744 725 796 END
START 0 0 0 0 0 0 540 782 745 725 797 END
START 0 0 0 0 0 0 539 782 745 725 797 END
START 0 0 0 0 0 0 540 782 745 725 797 END
START 0 0 0 0 0 0 539 785 745 725 798 END
START 0 0 0 0 0 0 540 782 746 725 799 END
START 0 0 0 0 0 0 540 783 745 725 799 END
START 0 0 0 0 0 0 540 783 745 725 800 END
START 0 0 0 0 0 0 540 783 745 725 800 END
START 0 0 0 0 0 0 540 783 745 725 799 END
START 0 0 0 0 0 0 539 783 745 725 799 END
START 0 0 0 0 0 0 540 783 746 725 799 END
START 0 0 0 0 0 0 540 783 745 724 799 END
START 0 0 0 0 0 0 540 783 745 725 799 END
START 0 0 0 0 0 0 540 783 745 724 799 END
START 0 0 0 0 0 0 540 783 745 724 799 END
START 0 0 0 0 0 0 540 783 745 724 799 END
START 0 0 0 0 0 0 540 783 746 725 800 END
START 0 0 0 0 0 0 540 784 745 725 799 END
START 0 0 0 0 0 0 540 783 745 725 800 END
START 0 0 0 0 0 0 541 784 745 725 800 END
START 0 0 0 0 0 0 539 783 746 724 799 END
START 0 0 0 0 0 0 540 784 746 724 799 END
START 0 0 0 0 0 0 540 783 745 725 800 END
START 0 0 0 0 0 0 540 783 745 724 799 END
START 0 0 0 0 0 0 540 783 745 725 799 END
START 0 0 0 0 0 0 540 783 745 725 799 END
START 0 0 0 0 0 0 540 783 745 725 799 END
START 0 0 0 0 0 0 540 783 745 724 798 END
START 0 0 0 0 0 0 540 783 745 724 798 END
START 0 0 0 0 0 0 540 782 745 724 798 END
START 0 0 0 0 0 0 540 783 745 724 798 END
START 0 0 0 0 0 0 540 782 744 724 798 END
START 0 0 0 0 0 0 540 783 745 724 798 END
START 0 0 0 0 0 0 540 783 745 723 798 END
START 0 0 0 0 0 0 539 782 746 724 798 END
START 0 0 0 0 0 0 540 783 744 724 798 END
START 0 0 0 0 0 0 541 783 745 724 801 END
START 0 0 0 0 0 0 545 782 745 724 811 END
START 0 0 0 0 0 0 548 782 746 727 813 END
START 0 0 0 0 0 0 550 781 745 726 810 END
START 0 0 0 0 0 0 549 781 745 726 810 END
START 0 0 0 0 0 0 549 781 745 725 809 END
START 0 0 0 0 0 0 549 781 745 726 809 END
START 0 0 0 0 0 0 549 782 745 725 809 END
START 0 0 0 0 0 0 548 781 746 728 813 END
START 0 0 0 0 0 0 549 781 747 729 816 END
START 0 0 0 0 0 0 554 782 746 729 818 END
START 0 0 0 0 0 0 554 782 746 729 815 END
START 0 0 0 0 0 0 556 782 746 729 813 END
START 0 0 0 0 0 0 558 782 745 731 814 END
START 0 0 0 0 0 0 560 782 748 731 819 END
START 0 0 0 0 0 0 567 783 749 732 823 END
START 0 0 0 0 0 0 572 784 749 733 821 END
START 0 0 0 0 0 0 579 783 749 732 819 END
START 0 0 0 0 0 0 578 784 749 731 817 END
START 0 0 0 0 0 0 571 784 748 731 814 END
START 0 0 0 0 0 0 567 783 748 730 812 END
START 0 0 0 0 0 0 565 783 749 730 811 END
START 0 0 0 0 0 0 564 783 748 730 810 END
START 0 0 0 0 0 0 564 784 748 730 812 END
START 0 0 0 0 0 0 564 783 748 730 815 END
START 0 0 0 0 0 0 563 784 748 730 820 END
START 0 0 0 0 0 0 563 783 748 730 822 END
START 0 0 0 0 0 0 562 783 748 730 821 END
START 0 0 0 0 0 0 562 782 747 729 817 END
START 0 0 0 0 0 0 562 783 746 729 816 END
START 0 0 0 0 0 0 561 782 747 729 811 END
START 0 0 0 0 0 0 560 782 746 727 806 END
START 0 0 0 0 0 0 560 781 744 725 797 END
START 0 0 0 0 0 0 560 781 743 723 790 END
START 0 0 0 0 0 0 560 781 742 723 792 END
START 0 0 0 0 0 0 560 780 742 722 792 END
START 0 0 0 0 0 0 560 779 742 721 793 END
START 0 0 0 0 0 0 559 780 743 722 804 END
START 0 0 0 0 0 0 560 781 744 723 807 END
START 0 0 0 0 0 0 560 781 743 722 807 END
START 0 0 0 0 0 0 560 781 744 722 807 END
START 0 0 0 0 0 0 562 782 745 724 810 END
START 0 0 0 0 0 0 563 782 746 724 815 END
START 0 0 0 0 0 0 562 782 746 724 815 END
START 0 0 0 0 0 0 561 782 746 725 816 END
START 0 0 0 0 0 0 560 781 746 725 815 END
START 0 0 0 0 0 0 559 781 744 723 813 END
START 0 0 0 0 0 0 559 780 743 723 812 END
START 0 0 0 0 0 0 559 779 743 723 810 END
START 0 0 0 0 0 0 559 780 744 724 810 END
START 0 0 0 0 0 0 559 780 744 724 811 END
START 0 0 0 0 0 0 559 779 744 726 814 END
START 0 0 0 0 0 0 559 780 745 726 817 END
START 0 0 0 0 0 0 559 780 745 726 819 END
START 0 0 0 0 0 0 559 780 747 728 823 END
START 0 0 0 0 0 0 558 780 748 729 823 END
START 0 0 0 0 0 0 559 780 746 729 822 END
START 0 0 0 0 0 0 559 779 744 726 816 END
START 0 0 0 0 0 0 559 780 745 727 816 END
START 0 0 0 0 0 0 559 785 748 728 816 END
START 0 0 0 0 0 0 558 786 750 728 817 END
START 0 0 0 0 0 0 558 785 749 728 818 END
START 0 0 0 0 0 0 559 781 747 730 822 END
START 0 0 0 0 0 0 559 779 747 732 826 END
START 0 0 0 0 0 0 559 769 747 732 828 END
START 0 0 0 0 0 0 559 770 748 733 828 END
START 0 0 0 0 0 0 559 777 752 734 829 END
START 0 0 0 0 0 0 559 782 753 734 830 END
START 0 0 0 0 0 0 559 786 755 735 830 END
START 0 0 0 0 0 0 558 792 754 735 831 END
START 0 0 0 0 0 0 559 793 755 735 831 END
START 0 0 0 0 0 0 559 793 755 735 830 END
START 0 0 0 0 0 0 559 795 755 734 830 END
START 0 0 0 0 0 0 559 794 755 734 831 END
START 0 0 0 0 0 0 559 795 756 734 830 END
START 0 0 0 0 0 0 559 794 755 734 829 END
START 0 0 0 0 0 0 558 793 754 733 826 END
START 0 0 0 0 0 0 559 792 753 733 825 END
START 0 0 0 0 0 0 559 790 752 732 827 END
START 0 0 0 0 0 0 558 790 752 732 844 END
START 0 0 0 0 0 0 559 789 751 731 844 END
START 0 0 0 0 0 0 559 788 751 731 839 END
START 0 0 0 0 0 0 559 788 750 731 837 END
START 0 0 0 0 0 0 559 789 751 732 837 END
START 0 0 0 0 0 0 559 789 750 732 836 END
START 0 0 0 0 0 0 559 789 751 732 833 END
START 0 0 0 0 0 0 559 791 752 733 831 END
START 0 0 0 0 0 0 559 791 753 732 828 END
START 0 0 0 0 0 0 559 791 753 731 824 END
START 0 0 0 0 0 0 558 789 752 730 823 END
START 0 0 0 0 0 0 559 791 752 730 822 END
START 0 0 0 0 0 0 558 789 751 730 823 END
START 0 0 0 0 0 0 558 789 752 731 825 END
START 0 0 0 0 0 0 557 790 753 732 829 END
START 0 0 0 0 0 0 556 790 752 731 828 END
START 0 0 0 0 0 0 556 790 752 732 828 END
START 0 0 0 0 0 0 559 789 752 732 829 END
START 0 0 0 0 0 0 566 790 753 734 828 END
START 0 0 0 0 0 0 569 789 752 733 827 END
START 0 0 0 0 0 0 567 789 750 735 827 END
START 0 0 0 0 0 0 564 789 753 733 828 END
START 0 0 0 0 0 0 564 790 752 733 827 END
START 0 0 0 0 0 0 560 788 752 732 827 END
START 0 0 0 0 0 0 558 788 752 732 827 END
START 0 0 0 0 0 0 553 789 752 733 827 END
START 0 0 0 0 0 0 547 789 752 733 827 END
START 0 0 0 0 0 0 543 789 752 732 826 END
START 0 0 0 0 0 0 541 789 751 733 827 END
START 0 0 0 0 0 0 540 789 752 732 826 END
START 0 0 0 0 0 0 539 789 752 732 825 END
START 0 0 0 0 0 0 539 789 752 732 825 END
START 0 0 0 0 0 0 539 789 751 731 823 END
START 0 0 0 0 0 0 539 789 751 732 822 END
START 0 0 0 0 0 0 538 788 750 731 823 END
START 0 0 0 0 0 0 537 788 751 731 822 END
START 0 0 0 0 0 0 535 787 750 731 822 END
START 0 0 0 0 0 0 533 788 751 731 822 END
START 0 0 0 0 0 0 532 789 751 731 822 END
START 0 0 0 0 0 0 531 788 750 730 822 END
START 0 0 0 0 0 0 531 788 751 730 822 END
START 0 0 0 0 0 0 531 788 751 730 823 END
START 0 0 0 0 0 0 530 788 751 730 822 END
START 0 0 0 0 0 0 530 788 751 730 822 END
START 0 0 0 0 0 0 530 789 751 730 823 END
START 0 0 0 0 0 0 530 789 751 730 822 END
START 0 0 0 0 0 0 530 789 750 730 822 END
START 0 0 0 0 0 0 529 788 750 730 822 END
START 0 0 0 0 0 0 529 789 751 730 822 END
START 0 0 0 0 0 0 530 789 751 730 823 END
START 0 0 0 0 0 0 530 788 750 731 822 END
START 0 0 0 0 0 0 530 789 751 730 822 END
START 0 0 0 0 0 0 530 788 751 731 822 END
START 0 0 0 0 0 0 530 788 751 730 822 END
START 0 0 0 0 0 0 531 789 751 730 821 END
START 0 0 0 0 0 0 532 789 751 729 821 END
START 0 0 0 0 0 0 534 788 750 728 820 END
START 0 0 0 0 0 0 535 788 750 728 819 END
START 0 0 0 0 0 0 535 788 748 728 816 END
START 0 0 0 0 0 0 536 787 749 727 815 END
START 0 0 0 0 0 0 536 787 749 727 814 END
START 0 0 0 0 0 0 537 787 748 726 813 END
START 0 0 0 0 0 0 537 787 748 726 812 END
START 0 0 0 0 0 0 537 787 748 727 813 END
START 0 0 0 0 0 0 537 787 748 726 814 END
START 0 0 0 0 0 0 537 787 748 726 815 END
START 0 0 0 0 0 0 538 787 748 726 816 END
START 0 0 0 0 0 0 537 787 748 726 818 END
START 0 0 0 0 0 0 537 787 748 725 815 END
START 0 0 0 0 0 0 537 786 747 726 815 END
START 0 0 0 0 0 0 538 786 747 726 814 END
START 0 0 0 0 0 0 539 786 745 727 814 END
START 0 0 0 0 0 0 543 786 747 726 814 END
START 0 0 0 0 0 0 547 786 747 726 814 END
START 0 0 0 0 0 0 546 786 748 726 814 END
START 0 0 0 0 0 0 544 786 748 725 814 END
START 0 0 0 0 0 0 541 786 749 726 815 END
START 0 0 0 0 0 0 539 786 748 726 815 END
START 0 0 0 0 0 0 537 786 747 725 815 END
START 0 0 0 0 0 0 536 786 748 725 815 END
START 0 0 0 0 0 0 535 786 748 725 814 END
START 0 0 0 0 0 0 534 786 747 725 814 END
START 0 0 0 0 0 0 534 786 747 724 814 END
START 0 0 0 0 0 0 536 787 748 725 813 END
START 0 0 0 0 0 0 536 787 747 725 813 END
START 0 0 0 0 0 0 537 787 747 725 812 END
START 0 0 0 0 0 0 537 786 747 724 810 END
START 0 0 0 0 0 0 537 787 747 725 811 END
START 0 0 0 0 0 0 537 786 747 724 811 END
START 0 0 0 0 0 0 537 786 747 725 813 END
START 0 0 0 0 0 0 537 785 747 725 814 END
START 0 0 0 0 0 0 537 785 747 725 813 END
START 0 0 0 0 0 0 537 785 747 725 813 END
START 0 0 0 0 0 0 537 786 748 725 817 END
START 0 0 0 0 0 0 537 786 747 725 818 END
START 0 0 0 0 0 0 537 786 747 725 820 END
START 0 0 0 0 0 0 537 787 748 726 820 END
START 0 0 0 0 0 0 537 786 747 726 819 END
START 0 0 0 0 0 0 537 786 748 726 821 END
START 0 0 0 0 0 0 537 786 747 726 820 END
START 0 0 0 0 0 0 537 786 747 726 819 END
START 0 0 0 0 0 0 537 786 748 726 819 END
START 0 0 0 0 0 0 537 786 747 726 819 END
START 0 0 0 0 0 0 537 786 747 726 819 END
START 0 0 0 0 0 0 537 785 747 726 818 END
START 0 0 0 0 0 0 537 785 747 727 819 END
START 0 0 0 0 0 0 538 786 747 727 820 END
START 0 0 0 0 0 0 538 786 747 727 820 END
START 0 0 0 0 0 0 538 786 748 727 821 END
